2 0.6428571428571429 0.8412698412698413 0.033766233766233764 0.1380952380952381
2 0.7844155844155845 0.8587301587301587 0.03506493506493506 0.14285714285714285
2 0.8220779220779221 0.819047619047619 0.048051948051948054 0.15714285714285714
2 0.7558441558441559 0.6619047619047619 0.02857142857142857 0.1111111111111111
2 0.6935064935064935 0.5841269841269842 0.02727272727272727 0.09841269841269841
2 0.7181818181818181 0.573015873015873 0.01818181818181818 0.08571428571428572
2 0.5116883116883116 0.6111111111111112 0.023376623376623377 0.09047619047619047
2 0.5363636363636364 0.5714285714285714 0.02727272727272727 0.10158730158730159
2 0.5662337662337662 0.5285714285714286 0.02857142857142857 0.09206349206349207
2 0.6428571428571429 0.5380952380952381 0.02857142857142857 0.07301587301587302
2 0.6844155844155844 0.5095238095238095 0.01948051948051948 0.06190476190476191
2 0.6818181818181818 0.4746031746031746 0.016883116883116882 0.050793650793650794
2 0.6506493506493507 0.4984126984126984 0.02207792207792208 0.06031746031746032
2 0.6272727272727273 0.4523809523809524 0.02077922077922078 0.06666666666666667
1 0.577922077922078 0.43174603174603177 0.05844155844155844 0.10476190476190476
2 0.6012987012987013 0.40793650793650793 0.02207792207792208 0.06666666666666667
2 0.6207792207792208 0.41904761904761906 0.012987012987012988 0.04285714285714286
2 0.6519480519480519 0.43333333333333335 0.01948051948051948 0.06507936507936508
2 0.6402597402597403 0.3984126984126984 0.014285714285714285 0.05714285714285714
2 0.5922077922077922 0.36666666666666664 0.015584415584415584 0.03968253968253968
2 0.6 0.34285714285714286 0.014285714285714285 0.05396825396825397
2 0.6168831168831169 0.37777777777777777 0.014285714285714285 0.046031746031746035
2 0.6285714285714286 0.36666666666666664 0.014285714285714285 0.050793650793650794
2 0.5753246753246753 0.33015873015873015 0.012987012987012988 0.04285714285714286
2 0.538961038961039 0.4666666666666667 0.01948051948051948 0.07777777777777778
2 0.4987012987012987 0.44761904761904764 0.03896103896103896 0.0873015873015873
2 0.5272727272727272 0.40793650793650793 0.015584415584415584 0.06349206349206349
1 0.5051948051948052 0.3603174603174603 0.05194805194805195 0.09365079365079365
2 0.5246753246753246 0.346031746031746 0.01818181818181818 0.05555555555555555
2 0.512987012987013 0.3126984126984127 0.015584415584415584 0.049206349206349205
1 0.5532467532467532 0.3619047619047619 0.04285714285714286 0.08571428571428572
2 0.5571428571428572 0.30952380952380953 0.012987012987012988 0.031746031746031744
2 0.5545454545454546 0.2857142857142857 0.007792207792207792 0.020634920634920634
2 0.561038961038961 0.28095238095238095 0.005194805194805195 0.02857142857142857
2 0.5831168831168831 0.30634920634920637 0.00909090909090909 0.03968253968253968
2 0.5961038961038961 0.30952380952380953 0.01038961038961039 0.015873015873015872
2 0.5909090909090909 0.2873015873015873 0.00909090909090909 0.03492063492063492
2 0.5727272727272728 0.3 0.007792207792207792 0.01746031746031746
2 0.5714285714285714 0.2857142857142857 0.007792207792207792 0.01904761904761905
2 0.5792207792207792 0.2714285714285714 0.011688311688311689 0.02857142857142857
2 0.5675324675324676 0.26031746031746034 0.00909090909090909 0.026984126984126985
2 0.5467532467532468 0.2507936507936508 0.012987012987012988 0.03333333333333333
2 0.5597402597402598 0.2507936507936508 0.01038961038961039 0.02857142857142857
2 0.5415584415584416 0.24761904761904763 0.011688311688311689 0.01904761904761905
2 0.5506493506493506 0.2253968253968254 0.007792207792207792 0.03650793650793651
2 0.5038961038961038 0.2523809523809524 0.011688311688311689 0.031746031746031744
1 0.4792207792207792 0.24444444444444444 0.023376623376623377 0.049206349206349205
2 0.4883116883116883 0.22698412698412698 0.007792207792207792 0.026984126984126985
2 0.4974025974025974 0.22698412698412698 0.007792207792207792 0.025396825396825397
2 0.5103896103896104 0.22380952380952382 0.01038961038961039 0.02857142857142857
2 0.4636363636363636 0.23809523809523808 0.007792207792207792 0.025396825396825397
2 0.4584415584415584 0.20793650793650795 0.006493506493506494 0.03015873015873016
2 0.45714285714285713 0.18888888888888888 0.00909090909090909 0.01904761904761905
2 0.4727272727272727 0.19047619047619047 0.00909090909090909 0.022222222222222223
1 0.4922077922077922 0.1873015873015873 0.023376623376623377 0.03968253968253968
2 0.4818181818181818 0.173015873015873 0.007792207792207792 0.022222222222222223
2 0.5012987012987012 0.1619047619047619 0.007792207792207792 0.01904761904761905
2 0.509090909090909 0.19682539682539682 0.006493506493506494 0.023809523809523808
2 0.5194805194805194 0.1984126984126984 0.005194805194805195 0.025396825396825397
2 0.509090909090909 0.1761904761904762 0.006493506493506494 0.01904761904761905
2 0.5233766233766234 0.18571428571428572 0.003896103896103896 0.01746031746031746
1 0.5376623376623376 0.21587301587301588 0.024675324675324677 0.03650793650793651
2 0.5311688311688312 0.19365079365079366 0.005194805194805195 0.01904761904761905
1 0.4896103896103896 0.14126984126984127 0.01818181818181818 0.031746031746031744
2 0.5 0.14126984126984127 0.006493506493506494 0.020634920634920634
2 0.509090909090909 0.14603174603174604 0.006493506493506494 0.020634920634920634
1 0.7597402597402597 0.9698412698412698 0.09740259740259741 0.06031746031746032
1 0.5545454545454546 0.7777777777777778 0.08311688311688312 0.20317460317460317
1 0.6376623376623377 0.638095238095238 0.08701298701298701 0.18412698412698414
1 0.5311688311688312 0.2873015873015873 0.02857142857142857 0.05555555555555555
1 0.4896103896103896 0.27936507936507937 0.03116883116883117 0.05555555555555555
1 0.5233766233766234 0.24444444444444444 0.024675324675324677 0.03333333333333333
3 0.4636363636363636 0.11587301587301588 0.02207792207792208 0.06507936507936508
0 0.4883116883116883 0.11746031746031746 0.023376623376623377 0.03968253968253968
1 0.5 0.1126984126984127 0.015584415584415584 0.025396825396825397
1 0.4844155844155844 0.09682539682539683 0.011688311688311689 0.007936507936507936