1 0.7857142857142857 0.9396825396825397 0.14155844155844155 0.11904761904761904
1 0.551948051948052 0.792063492063492 0.09740259740259741 0.26031746031746034
1 0.674025974025974 0.7174603174603175 0.10519480519480519 0.18253968253968253
1 0.712987012987013 0.5841269841269842 0.09220779220779221 0.16031746031746033
2 0.5077922077922078 0.6301587301587301 0.04415584415584416 0.10952380952380952
1 0.5246753246753246 0.5396825396825397 0.05974025974025974 0.13174603174603175
1 0.5883116883116883 0.39365079365079364 0.048051948051948054 0.08888888888888889
1 0.5155844155844156 0.39365079365079364 0.03896103896103896 0.09682539682539683
1 0.5545454545454546 0.33650793650793653 0.03116883116883117 0.06507936507936508
1 0.4909090909090909 0.31587301587301586 0.03766233766233766 0.08888888888888889
3 0.5155844155844156 0.30158730158730157 0.012987012987012988 0.047619047619047616
2 0.5311688311688312 0.2968253968253968 0.03506493506493506 0.07301587301587302
3 0.4831168831168831 0.2523809523809524 0.045454545454545456 0.09206349206349207
1 0.5428571428571428 0.21904761904761905 0.03636363636363636 0.05238095238095238
1 0.509090909090909 0.2253968253968254 0.024675324675324677 0.04126984126984127
1 0.4727272727272727 0.1873015873015873 0.02077922077922078 0.026984126984126985
1 0.4714285714285714 0.16507936507936508 0.011688311688311689 0.026984126984126985
1 0.4896103896103896 0.15873015873015872 0.011688311688311689 0.020634920634920634
1 0.487012987012987 0.14603174603174604 0.014285714285714285 0.015873015873015872
1 0.4844155844155844 0.1365079365079365 0.011688311688311689 0.01904761904761905
1 0.4961038961038961 0.12857142857142856 0.01038961038961039 0.020634920634920634
2 0.5038961038961038 0.1349206349206349 0.00909090909090909 0.012698412698412698
1 0.5012987012987012 0.12063492063492064 0.012987012987012988 0.01904761904761905
0 0.4649350649350649 0.14285714285714285 0.023376623376623377 0.04285714285714286
1 0.4662337662337662 0.11428571428571428 0.014285714285714285 0.015873015873015872
1 0.4818181818181818 0.11587301587301588 0.01038961038961039 0.01746031746031746
1 0.4844155844155844 0.10476190476190476 0.007792207792207792 0.009523809523809525
1 0.4961038961038961 0.10634920634920635 0.01038961038961039 0.014285714285714285
1 0.4987012987012987 0.09682539682539683 0.00909090909090909 0.014285714285714285
3 0.5 0.18571428571428572 0.02207792207792208 0.050793650793650794
2 0.4909090909090909 0.3603174603174603 0.015584415584415584 0.05873015873015873
2 0.687012987012987 0.9714285714285714 0.03896103896103896 0.05714285714285714
2 0.6597402597402597 0.9015873015873016 0.048051948051948054 0.16666666666666666
2 0.8558441558441559 0.8984126984126984 0.05064935064935065 0.1746031746031746
2 0.7974025974025974 0.7095238095238096 0.048051948051948054 0.09841269841269841
2 0.8038961038961039 0.7857142857142857 0.04025974025974026 0.1365079365079365
2 0.5974025974025974 0.7095238095238096 0.033766233766233764 0.1365079365079365
2 0.638961038961039 0.6015873015873016 0.02857142857142857 0.08571428571428572
2 0.5935064935064935 0.5555555555555556 0.023376623376623377 0.09206349206349207
2 0.5571428571428572 0.4984126984126984 0.03116883116883117 0.08253968253968254
2 0.5922077922077922 0.5095238095238095 0.025974025974025976 0.09047619047619047
2 0.6337662337662338 0.5412698412698412 0.02077922077922078 0.07936507936507936
2 0.6090909090909091 0.49682539682539684 0.02207792207792208 0.08888888888888889
2 0.6506493506493507 0.5142857142857142 0.02207792207792208 0.08571428571428572
2 0.6948051948051948 0.4857142857142857 0.02207792207792208 0.049206349206349205
2 0.6649350649350649 0.49523809523809526 0.023376623376623377 0.09206349206349207
2 0.6558441558441559 0.45396825396825397 0.01948051948051948 0.05555555555555555
2 0.6246753246753247 0.44603174603174606 0.024675324675324677 0.08095238095238096
2 0.6467532467532467 0.4142857142857143 0.01948051948051948 0.06190476190476191
2 0.6194805194805195 0.47619047619047616 0.02077922077922078 0.07936507936507936
2 0.6207792207792208 0.39365079365079364 0.016883116883116882 0.06190476190476191
2 0.6194805194805195 0.36507936507936506 0.016883116883116882 0.06190476190476191
2 0.5935064935064935 0.3349206349206349 0.014285714285714285 0.049206349206349205
2 0.6155844155844156 0.3380952380952381 0.014285714285714285 0.049206349206349205
2 0.5948051948051948 0.30158730158730157 0.02077922077922078 0.031746031746031744
2 0.5194805194805194 0.33650793650793653 0.015584415584415584 0.03650793650793651
2 0.525974025974026 0.32063492063492066 0.014285714285714285 0.05396825396825397
2 0.5363636363636364 0.3126984126984127 0.015584415584415584 0.046031746031746035
2 0.5727272727272728 0.30634920634920637 0.014285714285714285 0.047619047619047616
2 0.5506493506493506 0.2761904761904762 0.01038961038961039 0.03968253968253968
2 0.551948051948052 0.2904761904761905 0.012987012987012988 0.023809523809523808
2 0.564935064935065 0.28253968253968254 0.012987012987012988 0.044444444444444446
2 0.5766233766233766 0.2777777777777778 0.011688311688311689 0.04285714285714286
2 0.5831168831168831 0.2698412698412698 0.012987012987012988 0.04126984126984127
2 0.5532467532467532 0.2571428571428571 0.011688311688311689 0.04126984126984127
2 0.564935064935065 0.2523809523809524 0.01038961038961039 0.026984126984126985
2 0.5311688311688312 0.24603174603174602 0.014285714285714285 0.04285714285714286
2 0.5454545454545454 0.24126984126984127 0.011688311688311689 0.03650793650793651
2 0.5168831168831168 0.1984126984126984 0.007792207792207792 0.01746031746031746
2 0.5155844155844156 0.18888888888888888 0.00909090909090909 0.01746031746031746
2 0.525974025974026 0.20634920634920634 0.012987012987012988 0.03333333333333333
2 0.5272727272727272 0.18412698412698414 0.01038961038961039 0.022222222222222223
2 0.5155844155844156 0.1761904761904762 0.007792207792207792 0.020634920634920634
2 0.522077922077922 0.18571428571428572 0.005194805194805195 0.012698412698412698
2 0.5142857142857142 0.1634920634920635 0.006493506493506494 0.015873015873015872
2 0.5207792207792208 0.16666666666666666 0.006493506493506494 0.022222222222222223
2 0.45584415584415583 0.19206349206349208 0.011688311688311689 0.03968253968253968
2 0.45454545454545453 0.18095238095238095 0.011688311688311689 0.03333333333333333
2 0.5025974025974026 0.15396825396825398 0.011688311688311689 0.015873015873015872
2 0.5012987012987012 0.14285714285714285 0.007792207792207792 0.012698412698412698
2 0.509090909090909 0.14285714285714285 0.006493506493506494 0.01746031746031746
2 0.5168831168831168 0.15555555555555556 0.00909090909090909 0.015873015873015872
2 0.5168831168831168 0.14603174603174604 0.007792207792207792 0.01746031746031746
2 0.5103896103896104 0.13015873015873017 0.007792207792207792 0.01746031746031746