1 0.7519480519480519 0.7444444444444445 0.06623376623376623 0.2
1 0.687012987012987 0.8047619047619048 0.08441558441558442 0.2253968253968254
1 0.5584415584415584 0.9285714285714286 0.11168831168831168 0.14285714285714285
1 0.7298701298701299 0.9587301587301588 0.07662337662337662 0.08095238095238096
1 0.8493506493506493 0.9793650793650793 0.09740259740259741 0.04126984126984127
1 0.638961038961039 0.6317460317460317 0.06103896103896104 0.14761904761904762
1 0.535064935064935 0.6619047619047619 0.05714285714285714 0.17936507936507937
1 0.6636363636363637 0.546031746031746 0.04415584415584416 0.1111111111111111
1 0.5766233766233766 0.5333333333333333 0.04935064935064935 0.10158730158730159
1 0.5155844155844156 0.5047619047619047 0.048051948051948054 0.1380952380952381
1 0.5012987012987012 0.42698412698412697 0.04935064935064935 0.08571428571428572
1 0.5688311688311688 0.46190476190476193 0.048051948051948054 0.06666666666666667
1 0.6155844155844156 0.4238095238095238 0.05194805194805195 0.09365079365079365
1 0.6012987012987013 0.35873015873015873 0.033766233766233764 0.05396825396825397
1 0.5454545454545454 0.34444444444444444 0.04025974025974026 0.06031746031746032
1 0.5818181818181818 0.3333333333333333 0.03116883116883117 0.06666666666666667
1 0.5285714285714286 0.30634920634920637 0.03116883116883117 0.05396825396825397
1 0.5662337662337662 0.29523809523809524 0.023376623376623377 0.03650793650793651
1 0.5467532467532468 0.4 0.03116883116883117 0.06825396825396825
1 0.4935064935064935 0.37142857142857144 0.024675324675324677 0.05555555555555555
1 0.4987012987012987 0.33174603174603173 0.032467532467532464 0.06984126984126984
1 0.4935064935064935 0.2904761904761905 0.024675324675324677 0.05238095238095238
2 0.474025974025974 0.273015873015873 0.00909090909090909 0.0380952380952381
1 0.4909090909090909 0.2650793650793651 0.01948051948051948 0.03650793650793651
2 0.4675324675324675 0.2634920634920635 0.00909090909090909 0.02857142857142857
1 0.4779220779220779 0.2396825396825397 0.02077922077922078 0.026984126984126985
1 0.512987012987013 0.2523809523809524 0.02207792207792208 0.04285714285714286
1 0.5272727272727272 0.273015873015873 0.023376623376623377 0.03333333333333333
1 0.538961038961039 0.22857142857142856 0.015584415584415584 0.031746031746031744
1 0.5532467532467532 0.23809523809523808 0.01818181818181818 0.03015873015873016
1 0.538961038961039 0.20476190476190476 0.02207792207792208 0.02857142857142857
3 0.4701298701298701 0.19365079365079366 0.02857142857142857 0.06984126984126984
3 0.4584415584415584 0.14761904761904762 0.014285714285714285 0.04285714285714286
3 0.4935064935064935 0.19047619047619047 0.014285714285714285 0.046031746031746035
1 0.509090909090909 0.23015873015873015 0.02077922077922078 0.025396825396825397
2 0.4961038961038961 0.21428571428571427 0.007792207792207792 0.02857142857142857
1 0.5064935064935064 0.21428571428571427 0.015584415584415584 0.01746031746031746
1 0.5077922077922078 0.20317460317460317 0.01948051948051948 0.014285714285714285
2 0.522077922077922 0.21428571428571427 0.00909090909090909 0.03968253968253968
2 0.5155844155844156 0.2 0.006493506493506494 0.03015873015873016
1 0.5272727272727272 0.18888888888888888 0.011688311688311689 0.020634920634920634
2 0.5194805194805194 0.16666666666666666 0.003896103896103896 0.022222222222222223
1 0.5285714285714286 0.1746031746031746 0.012987012987012988 0.012698412698412698
1 0.4909090909090909 0.1634920634920635 0.012987012987012988 0.012698412698412698
1 0.4883116883116883 0.15555555555555556 0.015584415584415584 0.01746031746031746
1 0.4844155844155844 0.14603174603174604 0.012987012987012988 0.011111111111111112
1 0.4818181818181818 0.13968253968253969 0.011688311688311689 0.012698412698412698
2 0.474025974025974 0.1253968253968254 0.003896103896103896 0.01746031746031746
2 0.4779220779220779 0.11904761904761904 0.003896103896103896 0.009523809523809525
1 0.4805194805194805 0.1126984126984127 0.007792207792207792 0.009523809523809525
1 0.4805194805194805 0.09841269841269841 0.006493506493506494 0.014285714285714285
3 0.4909090909090909 0.09206349206349207 0.01038961038961039 0.025396825396825397
2 0.4987012987012987 0.15555555555555556 0.003896103896103896 0.023809523809523808
1 0.5051948051948052 0.15873015873015872 0.012987012987012988 0.01746031746031746
2 0.5012987012987012 0.13968253968253969 0.003896103896103896 0.020634920634920634
1 0.5103896103896104 0.13968253968253969 0.011688311688311689 0.015873015873015872
1 0.4649350649350649 0.11746031746031746 0.00909090909090909 0.01904761904761905
1 0.4688311688311688 0.1111111111111111 0.007792207792207792 0.015873015873015872
1 0.4714285714285714 0.10793650793650794 0.006493506493506494 0.015873015873015872
1 0.4753246753246753 0.10158730158730159 0.005194805194805195 0.01746031746031746
1 0.4818181818181818 0.13015873015873017 0.011688311688311689 0.014285714285714285
1 0.4883116883116883 0.10634920634920635 0.00909090909090909 0.009523809523809525
2 0.4909090909090909 0.1365079365079365 0.003896103896103896 0.020634920634920634
1 0.4961038961038961 0.1253968253968254 0.00909090909090909 0.012698412698412698
2 0.4935064935064935 0.11428571428571428 0.0025974025974025974 0.015873015873015872
1 0.4987012987012987 0.1111111111111111 0.007792207792207792 0.009523809523809525
2 0.4883116883116883 0.11428571428571428 0.003896103896103896 0.015873015873015872
2 0.4987012987012987 0.10158730158730159 0.0025974025974025974 0.011111111111111112
1 0.5025974025974026 0.1 0.005194805194805195 0.009523809523809525
1 0.5 0.09206349206349207 0.005194805194805195 0.009523809523809525
1 0.5 0.08571428571428572 0.003896103896103896 0.007936507936507936
1 0.5077922077922078 0.09365079365079365 0.006493506493506494 0.007936507936507936
2 0.977922077922078 0.6111111111111112 0.02727272727272727 0.10952380952380952
2 0.9727272727272728 0.8412698412698413 0.04935064935064935 0.1126984126984127
2 0.9792207792207792 0.792063492063492 0.024675324675324677 0.09365079365079365
2 0.9662337662337662 0.8984126984126984 0.02987012987012987 0.1380952380952381
2 0.9857142857142858 0.9492063492063492 0.02857142857142857 0.10158730158730159
2 0.9415584415584416 0.9492063492063492 0.03636363636363636 0.09841269841269841
2 0.9051948051948052 0.9555555555555556 0.02987012987012987 0.0873015873015873
2 0.8727272727272727 0.8936507936507937 0.03896103896103896 0.12698412698412698
2 0.8623376623376623 0.7746031746031746 0.02987012987012987 0.12380952380952381
2 0.8220779220779221 0.9047619047619048 0.03506493506493506 0.11428571428571428
2 0.7844155844155845 0.9253968253968254 0.02857142857142857 0.14603174603174604
2 0.8402597402597403 0.8222222222222222 0.025974025974025976 0.14126984126984127
2 0.8220779220779221 0.746031746031746 0.02077922077922078 0.12222222222222222
2 0.7974025974025974 0.692063492063492 0.02077922077922078 0.09841269841269841
2 0.7688311688311689 0.6396825396825396 0.01818181818181818 0.08412698412698413
2 0.6935064935064935 0.6476190476190476 0.02727272727272727 0.10952380952380952
2 0.7285714285714285 0.626984126984127 0.02727272727272727 0.06190476190476191
2 0.7259740259740259 0.5968253968253968 0.023376623376623377 0.07142857142857142
2 0.7103896103896103 0.5666666666666667 0.01948051948051948 0.06984126984126984
2 0.6987012987012987 0.5428571428571428 0.02207792207792208 0.08412698412698413
2 0.6805194805194805 0.5 0.01818181818181818 0.06507936507936508
2 0.6727272727272727 0.4777777777777778 0.014285714285714285 0.049206349206349205
2 0.6467532467532467 0.48253968253968255 0.016883116883116882 0.04285714285714286
2 0.6532467532467533 0.4587301587301587 0.01818181818181818 0.046031746031746035
2 0.6584415584415585 0.4365079365079365 0.016883116883116882 0.05714285714285714
2 0.6103896103896104 0.5 0.01818181818181818 0.06507936507936508
2 0.6207792207792208 0.49047619047619045 0.01818181818181818 0.08095238095238096
2 0.6207792207792208 0.5333333333333333 0.02077922077922078 0.03492063492063492
2 0.5766233766233766 0.6095238095238096 0.02857142857142857 0.08253968253968254
2 0.5844155844155844 0.6666666666666666 0.02987012987012987 0.09682539682539683
2 0.4974025974025974 0.5888888888888889 0.02077922077922078 0.08888888888888889
2 0.5493506493506494 0.5793650793650794 0.024675324675324677 0.06984126984126984
2 0.5896103896103896 0.734920634920635 0.025974025974025976 0.10158730158730159
2 0.6116883116883117 0.7888888888888889 0.02987012987012987 0.13333333333333333
2 0.5233766233766234 0.819047619047619 0.03116883116883117 0.10952380952380952
2 0.5935064935064935 0.8507936507936508 0.03766233766233766 0.10158730158730159
2 0.6350649350649351 0.9317460317460318 0.03766233766233766 0.1349206349206349
2 0.5506493506493506 0.43174603174603177 0.016883116883116882 0.07142857142857142
2 0.6441558441558441 0.3952380952380952 0.016883116883116882 0.06190476190476191
2 0.6311688311688312 0.36666666666666664 0.00909090909090909 0.03968253968253968
2 0.612987012987013 0.3396825396825397 0.011688311688311689 0.04126984126984127
2 0.6285714285714286 0.34285714285714286 0.01038961038961039 0.0380952380952381
2 0.6064935064935065 0.33015873015873015 0.011688311688311689 0.031746031746031744
2 0.5961038961038961 0.30952380952380953 0.006493506493506494 0.046031746031746035
2 0.5922077922077922 0.2904761904761905 0.011688311688311689 0.03650793650793651
2 0.5441558441558442 0.2777777777777778 0.01038961038961039 0.044444444444444446
2 0.5792207792207792 0.2841269841269841 0.00909090909090909 0.03492063492063492
2 0.5753246753246753 0.26666666666666666 0.005194805194805195 0.02857142857142857
2 0.5818181818181818 0.25873015873015875 0.00909090909090909 0.031746031746031744
2 0.5415584415584416 0.25873015873015875 0.006493506493506494 0.03015873015873016
2 0.551948051948052 0.26666666666666666 0.006493506493506494 0.03015873015873016
2 0.5584415584415584 0.26666666666666666 0.006493506493506494 0.025396825396825397
2 0.5662337662337662 0.26666666666666666 0.00909090909090909 0.023809523809523808
2 0.5701298701298702 0.2523809523809524 0.006493506493506494 0.020634920634920634
2 0.5103896103896104 0.18095238095238095 0.003896103896103896 0.01904761904761905
2 0.5142857142857142 0.1761904761904762 0.005194805194805195 0.025396825396825397
2 0.5168831168831168 0.16507936507936508 0.0025974025974025974 0.023809523809523808
2 0.4961038961038961 0.1380952380952381 0.003896103896103896 0.015873015873015872
2 0.5077922077922078 0.12857142857142856 0.005194805194805195 0.012698412698412698
2 0.5038961038961038 0.11904761904761904 0.003896103896103896 0.020634920634920634
2 0.509090909090909 0.1111111111111111 0.0025974025974025974 0.01746031746031746
2 0.4727272727272727 0.1349206349206349 0.005194805194805195 0.020634920634920634
2 0.4688311688311688 0.29523809523809524 0.011688311688311689 0.05555555555555555
2 0.8636363636363636 0.4 0.01818181818181818 0.07936507936507936
2 0.887012987012987 0.43492063492063493 0.016883116883116882 0.06984126984126984