2 0.8415584415584415 0.9365079365079365 0.04935064935064935 0.1253968253968254
2 0.6909090909090909 0.9698412698412698 0.032467532467532464 0.05873015873015873
2 0.7558441558441559 0.8507936507936508 0.045454545454545456 0.1634920634920635
2 0.8090909090909091 0.8063492063492064 0.03636363636363636 0.14444444444444443
2 0.7467532467532467 0.7365079365079366 0.04025974025974026 0.15079365079365079
2 0.6090909090909091 0.7984126984126985 0.045454545454545456 0.13333333333333333
2 0.5246753246753246 0.773015873015873 0.02857142857142857 0.1492063492063492
2 0.522077922077922 0.6634920634920635 0.03896103896103896 0.11746031746031746
2 0.6194805194805195 0.7063492063492064 0.03636363636363636 0.1523809523809524
2 0.7103896103896103 0.5841269841269842 0.03506493506493506 0.10952380952380952
2 0.7155844155844155 0.5412698412698412 0.025974025974025976 0.07936507936507936
2 0.6311688311688312 0.5412698412698412 0.024675324675324677 0.09206349206349207
2 0.5831168831168831 0.5396825396825397 0.024675324675324677 0.10317460317460317
2 0.6012987012987013 0.6095238095238096 0.024675324675324677 0.12063492063492064
2 0.6324675324675325 0.6555555555555556 0.033766233766233764 0.13968253968253969
2 0.6766233766233766 0.47619047619047616 0.02077922077922078 0.0761904761904762
2 0.6532467532467533 0.43174603174603177 0.023376623376623377 0.08571428571428572
2 0.5636363636363636 0.44761904761904764 0.024675324675324677 0.08095238095238096
1 0.5272727272727272 0.4777777777777778 0.05194805194805195 0.12698412698412698
2 0.5207792207792208 0.40793650793650793 0.016883116883116882 0.04126984126984127
2 0.4948051948051948 0.3888888888888889 0.02077922077922078 0.06984126984126984
2 0.4805194805194805 0.3396825396825397 0.016883116883116882 0.05238095238095238
2 0.5441558441558442 0.2904761904761905 0.012987012987012988 0.047619047619047616
2 0.487012987012987 0.30634920634920637 0.014285714285714285 0.047619047619047616
0 0.5948051948051948 0.3126984126984127 0.08571428571428572 0.16031746031746033
2 0.5545454545454546 0.2698412698412698 0.007792207792207792 0.04285714285714286
2 0.4831168831168831 0.25555555555555554 0.01038961038961039 0.03968253968253968
2 0.4961038961038961 0.2396825396825397 0.012987012987012988 0.03968253968253968
2 0.5584415584415584 0.23333333333333334 0.006493506493506494 0.03015873015873016
2 0.548051948051948 0.24126984126984127 0.011688311688311689 0.03968253968253968
2 0.5467532467532468 0.20952380952380953 0.00909090909090909 0.0380952380952381
2 0.5025974025974026 0.21428571428571427 0.00909090909090909 0.049206349206349205
1 0.5285714285714286 0.2507936507936508 0.024675324675324677 0.044444444444444446
2 0.535064935064935 0.22380952380952382 0.007792207792207792 0.023809523809523808
2 0.522077922077922 0.22380952380952382 0.007792207792207792 0.023809523809523808
2 0.5337662337662338 0.20793650793650795 0.007792207792207792 0.022222222222222223
2 0.5207792207792208 0.20793650793650795 0.011688311688311689 0.03650793650793651
2 0.509090909090909 0.20634920634920634 0.00909090909090909 0.03650793650793651
2 0.4896103896103896 0.19206349206349208 0.00909090909090909 0.0380952380952381
2 0.5194805194805194 0.18412698412698414 0.006493506493506494 0.03015873015873016
2 0.525974025974026 0.1761904761904762 0.007792207792207792 0.026984126984126985
2 0.4883116883116883 0.1746031746031746 0.01038961038961039 0.03650793650793651
2 0.4974025974025974 0.173015873015873 0.007792207792207792 0.02857142857142857
1 0.5077922077922078 0.18412698412698414 0.01948051948051948 0.049206349206349205
2 0.5038961038961038 0.15714285714285714 0.007792207792207792 0.01746031746031746
2 0.5116883116883116 0.14444444444444443 0.005194805194805195 0.020634920634920634
2 0.5038961038961038 0.1349206349206349 0.007792207792207792 0.026984126984126985
1 0.4909090909090909 0.14761904761904762 0.012987012987012988 0.025396825396825397
2 0.4948051948051948 0.13015873015873017 0.006493506493506494 0.01746031746031746
2 0.4805194805194805 0.1253968253968254 0.006493506493506494 0.01904761904761905
2 0.5025974025974026 0.11746031746031746 0.005194805194805195 0.01746031746031746
2 0.4792207792207792 0.1111111111111111 0.005194805194805195 0.01904761904761905
1 0.4701298701298701 0.11746031746031746 0.012987012987012988 0.01746031746031746
2 0.4727272727272727 0.10476190476190476 0.005194805194805195 0.011111111111111112
3 0.5012987012987012 0.10634920634920635 0.00909090909090909 0.02857142857142857
3 0.4896103896103896 0.10952380952380952 0.012987012987012988 0.0380952380952381
1 0.4714285714285714 0.13968253968253969 0.015584415584415584 0.025396825396825397
1 0.4636363636363636 0.15396825396825398 0.014285714285714285 0.02857142857142857
1 0.4701298701298701 0.19523809523809524 0.02207792207792208 0.0380952380952381
1 0.4688311688311688 0.17142857142857143 0.01818181818181818 0.02857142857142857
1 0.474025974025974 0.22698412698412698 0.01818181818181818 0.04126984126984127
1 0.5181818181818182 0.29523809523809524 0.032467532467532464 0.06349206349206349
1 0.522077922077922 0.3619047619047619 0.04415584415584416 0.0873015873015873
1 0.6116883116883117 0.44761904761904764 0.05584415584415584 0.11904761904761904
1 0.5714285714285714 0.9095238095238095 0.11168831168831168 0.17777777777777778