3 0.5701298701298702 0.38412698412698415 0.05454545454545454 0.1349206349206349
3 0.4766233766233766 0.2365079365079365 0.03896103896103896 0.09365079365079365
3 0.6506493506493507 0.792063492063492 0.23896103896103896 0.4142857142857143
2 0.8701298701298701 0.9206349206349206 0.05194805194805195 0.15873015873015872
2 0.8012987012987013 0.8603174603174604 0.045454545454545456 0.16031746031746033
2 0.7259740259740259 0.8063492063492064 0.04415584415584416 0.14285714285714285
2 0.7649350649350649 0.6492063492063492 0.03766233766233766 0.12063492063492064
2 0.7545454545454545 0.5523809523809524 0.032467532467532464 0.10952380952380952
2 0.6454545454545455 0.5603174603174603 0.01948051948051948 0.07301587301587302
1 0.7038961038961039 0.6301587301587301 0.08311688311688312 0.14603174603174604
2 0.6714285714285714 0.5428571428571428 0.025974025974025976 0.06825396825396825
2 0.6961038961038961 0.5301587301587302 0.025974025974025976 0.06507936507936508
2 0.6610389610389611 0.45555555555555555 0.023376623376623377 0.08095238095238096
2 0.6766233766233766 0.4793650793650794 0.015584415584415584 0.06666666666666667
2 0.6974025974025974 0.49523809523809526 0.01818181818181818 0.05238095238095238
2 0.6051948051948052 0.5555555555555556 0.02727272727272727 0.07936507936507936
2 0.6038961038961039 0.5095238095238095 0.025974025974025976 0.06825396825396825
2 0.574025974025974 0.5650793650793651 0.032467532467532464 0.05873015873015873
2 0.5103896103896104 0.5968253968253968 0.032467532467532464 0.1111111111111111
2 0.5116883116883116 0.49047619047619045 0.03116883116883117 0.09365079365079365
2 0.5428571428571428 0.4936507936507937 0.02207792207792208 0.07936507936507936
2 0.535064935064935 0.44285714285714284 0.02207792207792208 0.06507936507936508
2 0.5 0.4492063492063492 0.025974025974025976 0.0761904761904762
2 0.525974025974026 0.4158730158730159 0.025974025974025976 0.06984126984126984
2 0.5272727272727272 0.38412698412698415 0.02207792207792208 0.06984126984126984
1 0.6337662337662338 0.46984126984126984 0.05714285714285714 0.1126984126984127
2 0.6493506493506493 0.4238095238095238 0.011688311688311689 0.06190476190476191
2 0.6090909090909091 0.3968253968253968 0.014285714285714285 0.05238095238095238
2 0.6207792207792208 0.3888888888888889 0.012987012987012988 0.06507936507936508
2 0.6415584415584416 0.4 0.01948051948051948 0.047619047619047616
2 0.6064935064935065 0.3634920634920635 0.01818181818181818 0.04126984126984127
2 0.6220779220779221 0.35873015873015873 0.015584415584415584 0.047619047619047616
2 0.6051948051948052 0.3412698412698413 0.01818181818181818 0.03968253968253968
1 0.5688311688311688 0.30317460317460315 0.03116883116883117 0.049206349206349205
2 0.5935064935064935 0.32222222222222224 0.014285714285714285 0.03333333333333333
2 0.6077922077922078 0.32222222222222224 0.012987012987012988 0.03968253968253968
1 0.5311688311688312 0.319047619047619 0.03636363636363636 0.06507936507936508
2 0.5584415584415584 0.3047619047619048 0.012987012987012988 0.031746031746031744
2 0.5974025974025974 0.3047619047619048 0.015584415584415584 0.02857142857142857
2 0.551948051948052 0.30317460317460315 0.012987012987012988 0.03492063492063492
1 0.5207792207792208 0.2873015873015873 0.02857142857142857 0.0380952380952381
2 0.5415584415584416 0.2873015873015873 0.012987012987012988 0.025396825396825397
2 0.5558441558441558 0.28253968253968254 0.012987012987012988 0.022222222222222223
2 0.5883116883116883 0.2873015873015873 0.011688311688311689 0.031746031746031744
1 0.5116883116883116 0.2523809523809524 0.03636363636363636 0.050793650793650794
2 0.5376623376623376 0.26666666666666666 0.014285714285714285 0.01746031746031746
2 0.551948051948052 0.26825396825396824 0.011688311688311689 0.020634920634920634
1 0.5428571428571428 0.23492063492063492 0.02727272727272727 0.06190476190476191
2 0.5558441558441558 0.2492063492063492 0.00909090909090909 0.026984126984126985
2 0.5688311688311688 0.25873015873015875 0.011688311688311689 0.031746031746031744
2 0.577922077922078 0.26666666666666666 0.012987012987012988 0.026984126984126985
1 0.4987012987012987 0.19523809523809524 0.015584415584415584 0.023809523809523808
1 0.5012987012987012 0.20317460317460317 0.02077922077922078 0.023809523809523808
1 0.4649350649350649 0.18253968253968253 0.016883116883116882 0.023809523809523808
1 0.4857142857142857 0.17777777777777778 0.015584415584415584 0.022222222222222223
1 0.4597402597402597 0.16825396825396827 0.016883116883116882 0.01746031746031746
1 0.4896103896103896 0.16507936507936508 0.01948051948051948 0.020634920634920634
2 0.4974025974025974 0.17142857142857143 0.011688311688311689 0.022222222222222223
1 0.5181818181818182 0.19523809523809524 0.02207792207792208 0.03333333333333333
1 0.5077922077922078 0.16984126984126985 0.016883116883116882 0.020634920634920634
1 0.5155844155844156 0.17777777777777778 0.014285714285714285 0.01746031746031746
2 0.522077922077922 0.1634920634920635 0.01038961038961039 0.02857142857142857
2 0.525974025974026 0.1761904761904762 0.007792207792207792 0.020634920634920634
1 0.5064935064935064 0.22380952380952382 0.02207792207792208 0.03333333333333333
2 0.5337662337662338 0.18253968253968253 0.00909090909090909 0.01746031746031746
2 0.525974025974026 0.16666666666666666 0.012987012987012988 0.01904761904761905
1 0.4623376623376623 0.15396825396825398 0.02077922077922078 0.01904761904761905
1 0.4831168831168831 0.1523809523809524 0.011688311688311689 0.01746031746031746
1 0.461038961038961 0.14126984126984127 0.012987012987012988 0.01746031746031746
1 0.4792207792207792 0.14126984126984127 0.012987012987012988 0.01746031746031746
2 0.5012987012987012 0.14761904761904762 0.012987012987012988 0.020634920634920634
2 0.4987012987012987 0.15555555555555556 0.006493506493506494 0.011111111111111112
2 0.509090909090909 0.15079365079365079 0.006493506493506494 0.014285714285714285
2 0.5168831168831168 0.14603174603174604 0.007792207792207792 0.01746031746031746
2 0.5142857142857142 0.15396825396825398 0.003896103896103896 0.007936507936507936
1 0.4857142857142857 0.12063492063492064 0.01038961038961039 0.015873015873015872
1 0.4844155844155844 0.12380952380952381 0.011688311688311689 0.009523809523809525
1 0.5025974025974026 0.13015873015873017 0.00909090909090909 0.014285714285714285
2 0.5142857142857142 0.11587301587301588 0.00909090909090909 0.026984126984126985
2 0.512987012987013 0.12380952380952381 0.011688311688311689 0.01904761904761905
1 0.4636363636363636 0.1253968253968254 0.01038961038961039 0.01904761904761905
2 0.5077922077922078 0.12857142857142856 0.007792207792207792 0.01904761904761905
1 0.4909090909090909 0.3238095238095238 0.03636363636363636 0.08095238095238096
1 0.4766233766233766 0.1111111111111111 0.011688311688311689 0.015873015873015872