2 0.8974025974025974 0.9253968253968254 0.06233766233766234 0.14761904761904762
2 0.8480519480519481 0.9206349206349206 0.06753246753246753 0.14761904761904762
2 0.7194805194805195 0.8476190476190476 0.045454545454545456 0.1365079365079365
2 0.7506493506493507 0.7746031746031746 0.04935064935064935 0.1365079365079365
2 0.7532467532467533 0.6603174603174603 0.02857142857142857 0.10476190476190476
2 0.712987012987013 0.6206349206349207 0.04155844155844156 0.10952380952380952
2 0.6909090909090909 0.6523809523809524 0.03766233766233766 0.11904761904761904
2 0.6168831168831169 0.47619047619047616 0.033766233766233764 0.08095238095238096
2 0.5467532467532468 0.49047619047619045 0.023376623376623377 0.06507936507936508
2 0.6506493506493507 0.4222222222222222 0.01818181818181818 0.049206349206349205
2 0.6337662337662338 0.44126984126984126 0.02077922077922078 0.06349206349206349
2 0.6077922077922078 0.41904761904761906 0.015584415584415584 0.05873015873015873
2 0.587012987012987 0.3873015873015873 0.01818181818181818 0.05714285714285714
2 0.5597402597402598 0.3634920634920635 0.016883116883116882 0.05238095238095238
2 0.5402597402597402 0.3603174603174603 0.01818181818181818 0.050793650793650794
2 0.525974025974026 0.31746031746031744 0.01948051948051948 0.03968253968253968
2 0.6025974025974026 0.3761904761904762 0.014285714285714285 0.046031746031746035
2 0.6220779220779221 0.3746031746031746 0.015584415584415584 0.050793650793650794
2 0.6064935064935065 0.34444444444444444 0.016883116883116882 0.04285714285714286
2 0.6051948051948052 0.3111111111111111 0.01818181818181818 0.03015873015873016
2 0.5922077922077922 0.30793650793650795 0.012987012987012988 0.044444444444444446
2 0.4948051948051948 0.2873015873015873 0.01818181818181818 0.025396825396825397
2 0.5844155844155844 0.28253968253968254 0.011688311688311689 0.0380952380952381
2 0.5792207792207792 0.2650793650793651 0.01038961038961039 0.031746031746031744
2 0.564935064935065 0.26666666666666666 0.01038961038961039 0.026984126984126985
2 0.5441558441558442 0.2523809523809524 0.012987012987012988 0.03333333333333333
2 0.5597402597402598 0.25555555555555554 0.007792207792207792 0.03650793650793651
2 0.5558441558441558 0.23333333333333334 0.01038961038961039 0.02857142857142857
2 0.5428571428571428 0.21746031746031746 0.014285714285714285 0.03492063492063492
2 0.535064935064935 0.23015873015873015 0.00909090909090909 0.026984126984126985
2 0.4922077922077922 0.2253968253968254 0.012987012987012988 0.03650793650793651
2 0.5337662337662338 0.20634920634920634 0.00909090909090909 0.023809523809523808
2 0.5272727272727272 0.22063492063492063 0.00909090909090909 0.02857142857142857
2 0.5376623376623376 0.18888888888888888 0.011688311688311689 0.01746031746031746
2 0.5285714285714286 0.19206349206349208 0.007792207792207792 0.025396825396825397
2 0.5181818181818182 0.16666666666666666 0.00909090909090909 0.022222222222222223
2 0.4818181818181818 0.18412698412698414 0.00909090909090909 0.020634920634920634
2 0.5233766233766234 0.18253968253968253 0.00909090909090909 0.01746031746031746
2 0.5051948051948052 0.12857142857142856 0.00909090909090909 0.012698412698412698
2 0.5064935064935064 0.14285714285714285 0.007792207792207792 0.015873015873015872
2 0.5103896103896104 0.15555555555555556 0.007792207792207792 0.023809523809523808
2 0.5038961038961038 0.15873015873015872 0.005194805194805195 0.012698412698412698
2 0.4961038961038961 0.15714285714285714 0.006493506493506494 0.009523809523809525
2 0.4883116883116883 0.15873015873015872 0.003896103896103896 0.011111111111111112
2 0.5051948051948052 0.10158730158730159 0.003896103896103896 0.011111111111111112
2 0.474025974025974 0.11428571428571428 0.005194805194805195 0.007936507936507936
2 0.4753246753246753 0.13333333333333333 0.003896103896103896 0.020634920634920634
2 0.4987012987012987 0.13333333333333333 0.00909090909090909 0.014285714285714285
1 0.5064935064935064 0.09523809523809523 0.00909090909090909 0.015873015873015872
0 0.4935064935064935 0.08888888888888889 0.015584415584415584 0.023809523809523808
1 0.4844155844155844 0.10158730158730159 0.011688311688311689 0.020634920634920634
1 0.4987012987012987 0.10476190476190476 0.00909090909090909 0.020634920634920634
1 0.4909090909090909 0.11746031746031746 0.012987012987012988 0.023809523809523808
1 0.4766233766233766 0.10317460317460317 0.007792207792207792 0.009523809523809525
1 0.4753246753246753 0.1126984126984127 0.011688311688311689 0.007936507936507936
1 0.4649350649350649 0.12063492063492064 0.012987012987012988 0.011111111111111112
1 0.4636363636363636 0.12698412698412698 0.011688311688311689 0.006349206349206349
1 0.4662337662337662 0.1365079365079365 0.014285714285714285 0.009523809523809525
1 0.487012987012987 0.13333333333333333 0.014285714285714285 0.007936507936507936
1 0.4844155844155844 0.1492063492063492 0.012987012987012988 0.025396825396825397
3 0.4623376623376623 0.16507936507936508 0.01948051948051948 0.050793650793650794
1 0.4766233766233766 0.20952380952380953 0.023376623376623377 0.04126984126984127
1 0.4753246753246753 0.23333333333333334 0.025974025974025976 0.03650793650793651
1 0.4961038961038961 0.1761904761904762 0.01818181818181818 0.03492063492063492
3 0.5103896103896104 0.21428571428571427 0.032467532467532464 0.08095238095238096
1 0.525974025974026 0.2761904761904762 0.03506493506493506 0.05238095238095238
1 0.4818181818181818 0.2634920634920635 0.02987012987012987 0.047619047619047616
1 0.561038961038961 0.30793650793650795 0.03766233766233766 0.06825396825396825
1 0.4922077922077922 0.33015873015873015 0.04025974025974026 0.06349206349206349
1 0.512987012987013 0.3746031746031746 0.03636363636363636 0.07936507936507936
1 0.5727272727272728 0.4444444444444444 0.05194805194805195 0.11587301587301588
1 0.5233766233766234 0.5555555555555556 0.06883116883116883 0.1380952380952381
1 0.6272727272727273 0.6634920634920635 0.07792207792207792 0.19682539682539682
1 0.6714285714285714 0.5111111111111111 0.06363636363636363 0.13968253968253969