2 0.6493506493506493 0.8650793650793651 0.04155844155844156 0.16984126984126985
2 0.6948051948051948 0.8571428571428571 0.04155844155844156 0.1492063492063492
2 0.7467532467532467 0.9587301587301588 0.03896103896103896 0.08095238095238096
1 0.8662337662337662 0.8746031746031746 0.15714285714285714 0.2507936507936508
2 0.8038961038961039 0.953968253968254 0.053246753246753244 0.09206349206349207
2 0.9883116883116884 0.9571428571428572 0.023376623376623377 0.08571428571428572
2 0.9194805194805195 0.7317460317460317 0.04155844155844156 0.1380952380952381
2 0.977922077922078 0.7015873015873015 0.03506493506493506 0.1349206349206349
2 0.9844155844155844 0.6031746031746031 0.03116883116883117 0.10317460317460317
2 0.7545454545454545 0.7396825396825397 0.033766233766233764 0.13333333333333333
2 0.7714285714285715 0.8555555555555555 0.03766233766233766 0.15555555555555556
2 0.7636363636363637 0.6619047619047619 0.03506493506493506 0.12698412698412698
2 0.7142857142857143 0.665079365079365 0.033766233766233764 0.11746031746031746
2 0.7155844155844155 0.6126984126984127 0.02987012987012987 0.08888888888888889
2 0.7012987012987013 0.5555555555555556 0.023376623376623377 0.09047619047619047
1 0.6532467532467533 0.6396825396825396 0.08571428571428572 0.1761904761904762
2 0.6779220779220779 0.5634920634920635 0.02857142857142857 0.09682539682539683
2 0.6610389610389611 0.5301587301587302 0.024675324675324677 0.08095238095238096
2 0.6623376623376623 0.48253968253968255 0.023376623376623377 0.07142857142857142
2 0.6636363636363637 0.45396825396825397 0.025974025974025976 0.05555555555555555
2 0.625974025974026 0.5222222222222223 0.024675324675324677 0.06825396825396825
2 0.5961038961038961 0.5698412698412698 0.025974025974025976 0.09841269841269841
2 0.5909090909090909 0.5063492063492063 0.02727272727272727 0.07777777777777778
2 0.5883116883116883 0.4587301587301587 0.023376623376623377 0.07301587301587302
2 0.625974025974026 0.473015873015873 0.025974025974025976 0.05714285714285714
2 0.6285714285714286 0.42698412698412697 0.02207792207792208 0.06984126984126984
2 0.6233766233766234 0.44761904761904764 0.023376623376623377 0.0380952380952381
2 0.6350649350649351 0.4 0.015584415584415584 0.06031746031746032
2 0.5909090909090909 0.4031746031746032 0.02077922077922078 0.06666666666666667
2 0.6064935064935065 0.37777777777777777 0.014285714285714285 0.05555555555555555
2 0.625974025974026 0.35873015873015873 0.014285714285714285 0.06349206349206349
2 0.6636363636363637 0.35714285714285715 0.02857142857142857 0.06666666666666667
2 0.6896103896103896 0.3603174603174603 0.02077922077922078 0.05873015873015873
2 0.7233766233766233 0.35555555555555557 0.016883116883116882 0.05873015873015873
2 0.8805194805194805 0.42857142857142855 0.024675324675324677 0.06031746031746032
1 0.5662337662337662 0.3412698412698413 0.04285714285714286 0.06190476190476191
2 0.5935064935064935 0.3396825396825397 0.01038961038961039 0.05714285714285714
2 0.6077922077922078 0.34285714285714286 0.015584415584415584 0.044444444444444446
2 0.45454545454545453 0.21587301587301588 0.012987012987012988 0.04285714285714286
2 0.4857142857142857 0.23015873015873015 0.01818181818181818 0.031746031746031744
2 0.487012987012987 0.2015873015873016 0.01038961038961039 0.023809523809523808
2 0.5701298701298702 0.2904761904761905 0.00909090909090909 0.03968253968253968
3 0.522077922077922 0.43174603174603177 0.09220779220779221 0.2873015873015873
1 0.551948051948052 0.29523809523809524 0.03116883116883117 0.047619047619047616
2 0.5558441558441558 0.2634920634920635 0.00909090909090909 0.02857142857142857
2 0.5636363636363636 0.2650793650793651 0.005194805194805195 0.03650793650793651
1 0.5909090909090909 0.30158730158730157 0.03896103896103896 0.05873015873015873
2 0.5753246753246753 0.2698412698412698 0.011688311688311689 0.02857142857142857
1 0.5441558441558442 0.2365079365079365 0.02727272727272727 0.046031746031746035
2 0.5597402597402598 0.23174603174603176 0.003896103896103896 0.023809523809523808
2 0.5662337662337662 0.23333333333333334 0.006493506493506494 0.025396825396825397
2 0.5675324675324676 0.2571428571428571 0.006493506493506494 0.02857142857142857
2 0.5714285714285714 0.2507936507936508 0.005194805194805195 0.03492063492063492
1 0.5298701298701298 0.2111111111111111 0.01948051948051948 0.03492063492063492
2 0.5298701298701298 0.22380952380952382 0.007792207792207792 0.020634920634920634
2 0.5545454545454546 0.21904761904761905 0.011688311688311689 0.023809523809523808
1 0.512987012987013 0.23492063492063492 0.02857142857142857 0.03492063492063492
1 0.5051948051948052 0.21746031746031746 0.02207792207792208 0.03492063492063492
1 0.5 0.2 0.01948051948051948 0.031746031746031744
2 0.5142857142857142 0.20317460317460317 0.007792207792207792 0.01746031746031746
2 0.5441558441558442 0.20317460317460317 0.007792207792207792 0.020634920634920634
2 0.512987012987013 0.1873015873015873 0.005194805194805195 0.01746031746031746
1 0.522077922077922 0.19206349206349208 0.015584415584415584 0.022222222222222223
2 0.535064935064935 0.1873015873015873 0.01038961038961039 0.023809523809523808
1 0.4922077922077922 0.1873015873015873 0.014285714285714285 0.01904761904761905
1 0.5051948051948052 0.16984126984126985 0.015584415584415584 0.026984126984126985
1 0.4935064935064935 0.1761904761904762 0.015584415584415584 0.011111111111111112
2 0.5038961038961038 0.18095238095238095 0.007792207792207792 0.007936507936507936
2 0.522077922077922 0.1761904761904762 0.01038961038961039 0.015873015873015872
2 0.4753246753246753 0.17142857142857143 0.007792207792207792 0.014285714285714285
2 0.474025974025974 0.15714285714285714 0.006493506493506494 0.014285714285714285
2 0.45584415584415583 0.1746031746031746 0.007792207792207792 0.025396825396825397
1 0.5064935064935064 0.14603174603174604 0.012987012987012988 0.020634920634920634
2 0.5064935064935064 0.1492063492063492 0.006493506493506494 0.015873015873015872
1 0.5194805194805194 0.16825396825396827 0.016883116883116882 0.020634920634920634
2 0.5142857142857142 0.15079365079365079 0.006493506493506494 0.01904761904761905
2 0.5285714285714286 0.17142857142857143 0.006493506493506494 0.020634920634920634
2 0.5207792207792208 0.15873015873015872 0.007792207792207792 0.009523809523809525
2 0.5194805194805194 0.2111111111111111 0.003896103896103896 0.014285714285714285
1 0.4597402597402597 0.13968253968253969 0.012987012987012988 0.015873015873015872
1 0.4649350649350649 0.1349206349206349 0.014285714285714285 0.015873015873015872
2 0.474025974025974 0.1365079365079365 0.006493506493506494 0.014285714285714285
1 0.4623376623376623 0.1253968253968254 0.012987012987012988 0.011111111111111112
2 0.4727272727272727 0.12698412698412698 0.003896103896103896 0.011111111111111112
1 0.4857142857142857 0.1365079365079365 0.012987012987012988 0.014285714285714285
1 0.4818181818181818 0.1253968253968254 0.01038961038961039 0.007936507936507936
2 0.4896103896103896 0.12222222222222222 0.003896103896103896 0.014285714285714285
3 0.4896103896103896 0.15396825396825398 0.01948051948051948 0.03015873015873016
2 0.4922077922077922 0.13333333333333333 0.005194805194805195 0.011111111111111112
1 0.4636363636363636 0.11587301587301588 0.011688311688311689 0.009523809523809525
2 0.474025974025974 0.11428571428571428 0.003896103896103896 0.012698412698412698
1 0.5818181818181818 0.9111111111111111 0.12727272727272726 0.17777777777777778
1 0.5285714285714286 0.26825396825396824 0.03116883116883117 0.05396825396825397
2 0.5623376623376624 0.38571428571428573 0.014285714285714285 0.03015873015873016
2 0.5675324675324676 0.4253968253968254 0.014285714285714285 0.06031746031746032
1 0.4844155844155844 0.16825396825396827 0.016883116883116882 0.03333333333333333
1 0.4961038961038961 0.13333333333333333 0.003896103896103896 0.014285714285714285
1 0.5038961038961038 0.13015873015873017 0.012987012987012988 0.014285714285714285
1 0.4818181818181818 0.11746031746031746 0.007792207792207792 0.006349206349206349
1 0.474025974025974 0.25396825396825395 0.024675324675324677 0.050793650793650794
1 0.4688311688311688 0.22857142857142856 0.023376623376623377 0.044444444444444446
1 0.4727272727272727 0.20317460317460317 0.01948051948051948 0.026984126984126985
1 0.4675324675324675 0.19523809523809524 0.016883116883116882 0.022222222222222223
1 0.4649350649350649 0.17936507936507937 0.016883116883116882 0.023809523809523808
1 0.4636363636363636 0.1634920634920635 0.015584415584415584 0.015873015873015872
1 0.4636363636363636 0.1523809523809524 0.015584415584415584 0.014285714285714285
1 0.4974025974025974 0.11904761904761904 0.00909090909090909 0.014285714285714285
1 0.4857142857142857 0.1126984126984127 0.01038961038961039 0.007936507936507936
1 0.4818181818181818 0.1111111111111111 0.00909090909090909 0.011111111111111112
1 0.4675324675324675 0.10793650793650794 0.011688311688311689 0.009523809523809525
3 0.4753246753246753 0.09365079365079365 0.014285714285714285 0.026984126984126985
1 0.4883116883116883 0.10317460317460317 0.011688311688311689 0.012698412698412698
1 0.4857142857142857 0.09523809523809523 0.005194805194805195 0.006349206349206349
1 0.4896103896103896 0.08888888888888889 0.01038961038961039 0.011111111111111112
1 0.5 0.1111111111111111 0.01038961038961039 0.014285714285714285
2 0.4974025974025974 0.10317460317460317 0.011688311688311689 0.011111111111111112
1 0.4935064935064935 0.09523809523809523 0.007792207792207792 0.009523809523809525
1 0.5012987012987012 0.09365079365079365 0.007792207792207792 0.012698412698412698
1 0.4961038961038961 0.08571428571428572 0.006493506493506494 0.007936507936507936
3 0.4935064935064935 0.3047619047619048 0.046753246753246755 0.11746031746031746
2 0.5051948051948052 0.11904761904761904 0.003896103896103896 0.006349206349206349