2 0.7636363636363637 0.8476190476190476 0.046753246753246755 0.16825396825396827
2 0.8714285714285714 0.9444444444444444 0.045454545454545456 0.1111111111111111
2 0.8181818181818182 0.9492063492063492 0.05714285714285714 0.10158730158730159
2 0.9493506493506494 0.9873015873015873 0.023376623376623377 0.023809523809523808
2 0.7454545454545455 0.6015873015873016 0.02987012987012987 0.1
1 0.6623376623376623 0.6666666666666666 0.09090909090909091 0.15079365079365079
2 0.6818181818181818 0.5920634920634921 0.025974025974025976 0.07301587301587302
2 0.6675324675324675 0.5476190476190477 0.016883116883116882 0.08888888888888889
2 0.6961038961038961 0.5555555555555556 0.023376623376623377 0.0761904761904762
2 0.6935064935064935 0.5206349206349207 0.016883116883116882 0.06507936507936508
2 0.6714285714285714 0.4857142857142857 0.02077922077922078 0.049206349206349205
2 0.6428571428571429 0.5111111111111111 0.01948051948051948 0.09047619047619047
1 0.6077922077922078 0.5015873015873016 0.04935064935064935 0.13333333333333333
2 0.625974025974026 0.47619047619047616 0.015584415584415584 0.06507936507936508
2 0.6467532467532467 0.45555555555555555 0.011688311688311689 0.020634920634920634
2 0.6545454545454545 0.4523809523809524 0.012987012987012988 0.06190476190476191
2 0.674025974025974 0.4603174603174603 0.01948051948051948 0.06507936507936508
2 0.6948051948051948 0.4746031746031746 0.016883116883116882 0.02857142857142857
2 0.6662337662337663 0.42698412698412697 0.016883116883116882 0.047619047619047616
3 0.5532467532467532 0.6063492063492063 0.12077922077922078 0.3619047619047619
2 0.6090909090909091 0.4253968253968254 0.01038961038961039 0.026984126984126985
2 0.6350649350649351 0.4142857142857143 0.014285714285714285 0.05714285714285714
2 0.6506493506493507 0.4031746031746032 0.015584415584415584 0.050793650793650794
2 0.6207792207792208 0.42063492063492064 0.015584415584415584 0.049206349206349205
2 0.6025974025974026 0.3761904761904762 0.01818181818181818 0.050793650793650794
2 0.6103896103896104 0.3873015873015873 0.011688311688311689 0.050793650793650794
2 0.625974025974026 0.35873015873015873 0.014285714285714285 0.06349206349206349
2 0.5168831168831168 0.35873015873015873 0.014285714285714285 0.04126984126984127
2 0.5233766233766234 0.3333333333333333 0.016883116883116882 0.05238095238095238
2 0.538961038961039 0.35555555555555557 0.012987012987012988 0.050793650793650794
2 0.5493506493506494 0.3349206349206349 0.011688311688311689 0.047619047619047616
2 0.5584415584415584 0.3238095238095238 0.016883116883116882 0.04285714285714286
1 0.5766233766233766 0.37936507936507935 0.045454545454545456 0.0746031746031746
2 0.5753246753246753 0.33174603174603173 0.011688311688311689 0.02857142857142857
2 0.5909090909090909 0.3380952380952381 0.00909090909090909 0.03968253968253968
2 0.6142857142857143 0.34285714285714286 0.00909090909090909 0.047619047619047616
2 0.6025974025974026 0.3380952380952381 0.011688311688311689 0.023809523809523808
2 0.5987012987012987 0.31746031746031744 0.011688311688311689 0.022222222222222223
2 0.5831168831168831 0.3142857142857143 0.012987012987012988 0.04126984126984127
0 0.5714285714285714 0.24444444444444444 0.07012987012987013 0.12063492063492064
2 0.5571428571428572 0.29523809523809524 0.012987012987012988 0.015873015873015872
2 0.5701298701298702 0.2904761904761905 0.01038961038961039 0.031746031746031744
2 0.538961038961039 0.3968253968253968 0.01948051948051948 0.05873015873015873
2 0.561038961038961 0.4142857142857143 0.015584415584415584 0.04126984126984127
2 0.4649350649350649 0.273015873015873 0.006493506493506494 0.03650793650793651
2 0.45324675324675323 0.21904761904761905 0.007792207792207792 0.03492063492063492
2 0.461038961038961 0.22698412698412698 0.007792207792207792 0.031746031746031744
1 0.4909090909090909 0.33015873015873015 0.033766233766233764 0.07301587301587302
1 0.4909090909090909 0.2904761904761905 0.03506493506493506 0.05714285714285714
1 0.487012987012987 0.25555555555555554 0.02857142857142857 0.026984126984126985
2 0.5 0.22698412698412698 0.007792207792207792 0.023809523809523808
1 0.5142857142857142 0.2523809523809524 0.025974025974025976 0.046031746031746035
1 0.5103896103896104 0.21428571428571427 0.02077922077922078 0.025396825396825397
2 0.509090909090909 0.21904761904761905 0.00909090909090909 0.015873015873015872
2 0.5324675324675324 0.23015873015873015 0.007792207792207792 0.02857142857142857
2 0.5233766233766234 0.22063492063492063 0.003896103896103896 0.022222222222222223
2 0.5298701298701298 0.20476190476190476 0.005194805194805195 0.020634920634920634
1 0.5064935064935064 0.1873015873015873 0.016883116883116882 0.03333333333333333
1 0.512987012987013 0.19523809523809524 0.016883116883116882 0.01746031746031746
2 0.5272727272727272 0.19365079365079366 0.006493506493506494 0.022222222222222223
2 0.5376623376623376 0.19523809523809524 0.005194805194805195 0.01746031746031746
2 0.5181818181818182 0.18095238095238095 0.005194805194805195 0.012698412698412698
2 0.5311688311688312 0.18412698412698414 0.005194805194805195 0.014285714285714285
1 0.4987012987012987 0.17142857142857143 0.012987012987012988 0.015873015873015872
2 0.5103896103896104 0.16666666666666666 0.003896103896103896 0.015873015873015872
2 0.5246753246753246 0.17142857142857143 0.006493506493506494 0.01746031746031746
2 0.45324675324675323 0.18095238095238095 0.007792207792207792 0.022222222222222223
1 0.5051948051948052 0.1523809523809524 0.012987012987012988 0.01746031746031746
2 0.5194805194805194 0.1523809523809524 0.005194805194805195 0.014285714285714285
3 0.4883116883116883 0.15714285714285714 0.023376623376623377 0.046031746031746035
2 0.5012987012987012 0.13333333333333333 0.006493506493506494 0.01904761904761905
2 0.509090909090909 0.13968253968253969 0.006493506493506494 0.012698412698412698
1 0.4688311688311688 0.18571428571428572 0.01948051948051948 0.03650793650793651
1 0.4688311688311688 0.1619047619047619 0.016883116883116882 0.02857142857142857
1 0.4688311688311688 0.14285714285714285 0.011688311688311689 0.012698412698412698
1 0.4675324675324675 0.13015873015873017 0.011688311688311689 0.020634920634920634
2 0.4727272727272727 0.12222222222222222 0.006493506493506494 0.01746031746031746
1 0.4818181818181818 0.12380952380952381 0.00909090909090909 0.022222222222222223
2 0.4922077922077922 0.1253968253968254 0.006493506493506494 0.01746031746031746
1 0.4935064935064935 0.1126984126984127 0.01038961038961039 0.01746031746031746
2 0.5038961038961038 0.10952380952380952 0.005194805194805195 0.01746031746031746
2 0.45454545454545453 0.15873015873015872 0.007792207792207792 0.020634920634920634
2 0.4584415584415584 0.13968253968253969 0.006493506493506494 0.014285714285714285
1 0.4792207792207792 0.10634920634920635 0.012987012987012988 0.01746031746031746
1 0.4922077922077922 0.09523809523809523 0.01038961038961039 0.015873015873015872
1 0.5038961038961038 0.09365079365079365 0.012987012987012988 0.007936507936507936
3 0.4805194805194805 0.21746031746031746 0.025974025974025976 0.0761904761904762
1 0.525974025974026 0.273015873015873 0.02727272727272727 0.044444444444444446
1 0.5402597402597402 0.29523809523809524 0.032467532467532464 0.06031746031746032
1 0.5142857142857142 0.4222222222222222 0.04155844155844156 0.08253968253968254
1 0.577922077922078 0.9428571428571428 0.1 0.11428571428571428