2 0.45714285714285713 0.15555555555555556 0.00909090909090909 0.020634920634920634
2 0.535064935064935 0.9746031746031746 0.05714285714285714 0.050793650793650794
2 0.5987012987012987 0.9682539682539683 0.046753246753246755 0.06190476190476191
2 0.6246753246753247 0.9333333333333333 0.048051948051948054 0.13333333333333333
2 0.6844155844155844 0.953968253968254 0.05974025974025974 0.09206349206349207
2 0.7350649350649351 0.861904761904762 0.05844155844155844 0.17142857142857143
2 0.8350649350649351 0.8301587301587302 0.06233766233766234 0.1492063492063492
2 0.7974025974025974 0.9650793650793651 0.06233766233766234 0.06984126984126984
2 0.8376623376623377 0.9365079365079365 0.05714285714285714 0.12698412698412698
2 0.7012987012987013 0.7158730158730159 0.04935064935064935 0.13968253968253969
2 0.7675324675324675 0.7444444444444445 0.05584415584415584 0.12698412698412698
2 0.7571428571428571 0.6587301587301587 0.045454545454545456 0.10158730158730159
2 0.7480519480519481 0.6126984126984127 0.04285714285714286 0.11587301587301588
2 0.7 0.6444444444444445 0.03636363636363636 0.10793650793650794
2 0.6831168831168831 0.5968253968253968 0.03896103896103896 0.1126984126984127
2 0.7038961038961039 0.5396825396825397 0.024675324675324677 0.10317460317460317
2 0.6714285714285714 0.5063492063492063 0.03116883116883117 0.08888888888888889
2 0.6818181818181818 0.49206349206349204 0.03116883116883117 0.09365079365079365
2 0.6467532467532467 0.46190476190476193 0.032467532467532464 0.09365079365079365
2 0.6285714285714286 0.4126984126984127 0.02077922077922078 0.06190476190476191
2 0.4909090909090909 0.44603174603174606 0.02727272727272727 0.0873015873015873
2 0.5168831168831168 0.3873015873015873 0.023376623376623377 0.05396825396825397
2 0.5675324675324676 0.3682539682539683 0.02727272727272727 0.06349206349206349
2 0.5493506493506494 0.3761904761904762 0.024675324675324677 0.050793650793650794
2 0.535064935064935 0.38412698412698415 0.015584415584415584 0.02857142857142857
2 0.5974025974025974 0.3984126984126984 0.02077922077922078 0.06031746031746032
2 0.6116883116883117 0.4111111111111111 0.016883116883116882 0.02857142857142857
2 0.474025974025974 0.326984126984127 0.01948051948051948 0.05555555555555555
2 0.4831168831168831 0.31746031746031744 0.015584415584415584 0.05238095238095238
2 0.4727272727272727 0.28253968253968254 0.02077922077922078 0.05238095238095238
2 0.5194805194805194 0.30634920634920637 0.01948051948051948 0.046031746031746035
2 0.5896103896103896 0.3238095238095238 0.015584415584415584 0.050793650793650794
2 0.5961038961038961 0.2904761904761905 0.015584415584415584 0.03492063492063492
2 0.5818181818181818 0.28095238095238095 0.012987012987012988 0.03968253968253968
2 0.5857142857142857 0.25873015873015875 0.012987012987012988 0.022222222222222223
2 0.5103896103896104 0.2698412698412698 0.00909090909090909 0.03333333333333333
2 0.522077922077922 0.2761904761904762 0.015584415584415584 0.025396825396825397
2 0.4909090909090909 0.23174603174603176 0.007792207792207792 0.02857142857142857
2 0.4961038961038961 0.2365079365079365 0.014285714285714285 0.022222222222222223
2 0.4584415584415584 0.22063492063492063 0.01038961038961039 0.03492063492063492
2 0.4922077922077922 0.20952380952380953 0.012987012987012988 0.020634920634920634
2 0.509090909090909 0.24603174603174602 0.00909090909090909 0.01904761904761905
2 0.5545454545454546 0.20634920634920634 0.01038961038961039 0.020634920634920634
2 0.5285714285714286 0.22698412698412698 0.01038961038961039 0.02857142857142857
2 0.5142857142857142 0.20317460317460317 0.011688311688311689 0.012698412698412698
2 0.5363636363636364 0.20634920634920634 0.01948051948051948 0.01746031746031746
2 0.5363636363636364 0.18571428571428572 0.00909090909090909 0.014285714285714285
2 0.5246753246753246 0.18888888888888888 0.00909090909090909 0.023809523809523808
2 0.512987012987013 0.1873015873015873 0.00909090909090909 0.01904761904761905
2 0.4818181818181818 0.1984126984126984 0.01038961038961039 0.031746031746031744
2 0.45324675324675323 0.18095238095238095 0.007792207792207792 0.03333333333333333
2 0.4857142857142857 0.18412698412698414 0.007792207792207792 0.02857142857142857
2 0.4844155844155844 0.16666666666666666 0.011688311688311689 0.02857142857142857
2 0.4974025974025974 0.173015873015873 0.015584415584415584 0.012698412698412698
2 0.522077922077922 0.17936507936507937 0.016883116883116882 0.026984126984126985
2 0.5272727272727272 0.1634920634920635 0.01038961038961039 0.01904761904761905
2 0.5324675324675324 0.17936507936507937 0.01038961038961039 0.02857142857142857
2 0.522077922077922 0.20476190476190476 0.007792207792207792 0.01904761904761905
2 0.538961038961039 0.19523809523809524 0.007792207792207792 0.031746031746031744
2 0.5818181818181818 0.3047619047619048 0.012987012987012988 0.04285714285714286
2 0.6116883116883117 0.3111111111111111 0.014285714285714285 0.020634920634920634
2 0.45324675324675323 0.14761904761904762 0.00909090909090909 0.022222222222222223
2 0.5077922077922078 0.12698412698412698 0.007792207792207792 0.01746031746031746
2 0.5103896103896104 0.1111111111111111 0.003896103896103896 0.014285714285714285
1 0.6103896103896104 0.3492063492063492 0.04285714285714286 0.0761904761904762
1 0.5038961038961038 0.3349206349206349 0.045454545454545456 0.0746031746031746
1 0.4935064935064935 0.2761904761904762 0.03766233766233766 0.05714285714285714
1 0.4727272727272727 0.24126984126984127 0.023376623376623377 0.050793650793650794
1 0.509090909090909 0.23174603174603176 0.02727272727272727 0.049206349206349205
1 0.4714285714285714 0.20952380952380953 0.032467532467532464 0.023809523809523808
1 0.5 0.19523809523809524 0.02077922077922078 0.03968253968253968
1 0.4649350649350649 0.18412698412698414 0.023376623376623377 0.031746031746031744
1 0.4688311688311688 0.1619047619047619 0.016883116883116882 0.025396825396825397
1 0.4662337662337662 0.14444444444444443 0.01818181818181818 0.014285714285714285
1 0.4961038961038961 0.15714285714285714 0.016883116883116882 0.025396825396825397
1 0.5116883116883116 0.16825396825396827 0.023376623376623377 0.04285714285714286
1 0.4649350649350649 0.13015873015873017 0.011688311688311689 0.012698412698412698
1 0.4818181818181818 0.14603174603174604 0.015584415584415584 0.025396825396825397
1 0.6142857142857143 0.473015873015873 0.07142857142857142 0.15396825396825398
1 0.4688311688311688 0.11587301587301588 0.011688311688311689 0.01746031746031746
1 0.4792207792207792 0.12380952380952381 0.014285714285714285 0.01904761904761905
1 0.5025974025974026 0.14285714285714285 0.012987012987012988 0.012698412698412698
1 0.5142857142857142 0.14603174603174604 0.014285714285714285 0.03015873015873016
1 0.4896103896103896 0.11904761904761904 0.00909090909090909 0.014285714285714285
1 0.4766233766233766 0.10634920634920635 0.011688311688311689 0.014285714285714285
1 0.4883116883116883 0.10634920634920635 0.014285714285714285 0.012698412698412698
1 0.4857142857142857 0.09841269841269841 0.006493506493506494 0.009523809523809525
1 0.4935064935064935 0.09841269841269841 0.014285714285714285 0.012698412698412698
1 0.5025974025974026 0.1111111111111111 0.014285714285714285 0.012698412698412698
3 0.4974025974025974 0.13174603174603175 0.012987012987012988 0.025396825396825397
1 0.5064935064935064 0.1 0.00909090909090909 0.011111111111111112
1 0.4974025974025974 0.0873015873015873 0.007792207792207792 0.009523809523809525
1 0.5051948051948052 0.08888888888888889 0.007792207792207792 0.009523809523809525
2 0.5441558441558442 0.20317460317460317 0.01038961038961039 0.01904761904761905
1 0.4857142857142857 0.0873015873015873 0.011688311688311689 0.007936507936507936
2 0.4792207792207792 0.09523809523809523 0.003896103896103896 0.007936507936507936
3 0.5532467532467532 0.2841269841269841 0.05974025974025974 0.1492063492063492
0 0.587012987012987 0.6095238095238096 0.16363636363636364 0.44126984126984126