1 0.7623376623376623 0.9396825396825397 0.11818181818181818 0.12063492063492064
1 0.5857142857142857 0.9063492063492063 0.08181818181818182 0.18571428571428572
1 0.7246753246753247 0.7857142857142857 0.12077922077922078 0.20317460317460317
1 0.5493506493506494 0.6888888888888889 0.08961038961038961 0.18253968253968253
1 0.535064935064935 0.5603174603174603 0.05584415584415584 0.11428571428571428
1 0.6116883116883117 0.5222222222222223 0.05584415584415584 0.10158730158730159
1 0.6714285714285714 0.5190476190476191 0.06233766233766234 0.09523809523809523
1 0.5792207792207792 0.44285714285714284 0.053246753246753244 0.09523809523809523
1 0.5571428571428572 0.3619047619047619 0.03896103896103896 0.08571428571428572
1 0.5038961038961038 0.16031746031746033 0.023376623376623377 0.05238095238095238
1 0.4883116883116883 0.12698412698412698 0.015584415584415584 0.025396825396825397
1 0.4675324675324675 0.12222222222222222 0.012987012987012988 0.020634920634920634
3 0.4727272727272727 0.17142857142857143 0.03896103896103896 0.0761904761904762
2 0.9818181818181818 0.9793650793650793 0.03116883116883117 0.04126984126984127
2 0.964935064935065 0.9888888888888889 0.03766233766233766 0.022222222222222223
2 0.8506493506493507 0.9746031746031746 0.02857142857142857 0.050793650793650794
2 0.8805194805194805 0.9619047619047619 0.03766233766233766 0.07142857142857142
2 0.8311688311688312 0.9285714285714286 0.03116883116883117 0.14285714285714285
2 0.8896103896103896 0.9253968253968254 0.05844155844155844 0.12857142857142856
2 0.812987012987013 0.8555555555555555 0.04155844155844156 0.11746031746031746
2 0.8454545454545455 0.8444444444444444 0.03116883116883117 0.1349206349206349
2 0.7662337662337663 0.7698412698412699 0.024675324675324677 0.10793650793650794
2 0.7948051948051948 0.7507936507936508 0.03506493506493506 0.11428571428571428
2 0.8324675324675325 0.7761904761904762 0.06103896103896104 0.12063492063492064
2 0.8103896103896104 0.7238095238095238 0.025974025974025976 0.11746031746031746
2 0.7740259740259741 0.6841269841269841 0.03636363636363636 0.0873015873015873
2 0.7467532467532467 0.7031746031746032 0.03636363636363636 0.08571428571428572
2 0.7363636363636363 0.653968253968254 0.03766233766233766 0.08412698412698413
2 0.6610389610389611 0.9222222222222223 0.03766233766233766 0.15555555555555556
2 0.638961038961039 0.8396825396825397 0.032467532467532464 0.13174603174603175
2 0.5181818181818182 0.8174603174603174 0.03506493506493506 0.14761904761904762
2 0.6636363636363637 0.8015873015873016 0.04285714285714286 0.12698412698412698
2 0.6207792207792208 0.7555555555555555 0.032467532467532464 0.11428571428571428
2 0.6480519480519481 0.7365079365079366 0.02857142857142857 0.12857142857142856
2 0.6181818181818182 0.6825396825396826 0.02857142857142857 0.09365079365079365
2 0.6194805194805195 0.6285714285714286 0.032467532467532464 0.09365079365079365
2 0.5935064935064935 0.5984126984126984 0.032467532467532464 0.08571428571428572
2 0.5766233766233766 0.553968253968254 0.02207792207792208 0.08095238095238096
2 0.6727272727272727 0.6111111111111112 0.046753246753246755 0.1492063492063492
2 0.5597402597402598 0.5126984126984127 0.03636363636363636 0.06507936507936508
2 0.4896103896103896 0.49206349206349204 0.03636363636363636 0.09682539682539683
2 0.7207792207792207 0.5492063492063493 0.02207792207792208 0.09365079365079365
2 0.6766233766233766 0.4634920634920635 0.025974025974025976 0.06825396825396825
2 0.6285714285714286 0.4507936507936508 0.024675324675324677 0.06031746031746032
2 0.6142857142857143 0.40476190476190477 0.02727272727272727 0.06507936507936508
2 0.5194805194805194 0.4380952380952381 0.01818181818181818 0.09841269841269841
2 0.551948051948052 0.47619047619047616 0.025974025974025976 0.05396825396825397
2 0.6298701298701299 0.37142857142857144 0.023376623376623377 0.05396825396825397
2 0.6116883116883117 0.33015873015873015 0.016883116883116882 0.05396825396825397
2 0.5896103896103896 0.3380952380952381 0.01818181818181818 0.06031746031746032
2 0.5753246753246753 0.3111111111111111 0.012987012987012988 0.04285714285714286
2 0.5987012987012987 0.30317460317460315 0.015584415584415584 0.04285714285714286
2 0.587012987012987 0.28253968253968254 0.014285714285714285 0.0380952380952381
2 0.5753246753246753 0.2873015873015873 0.025974025974025976 0.04126984126984127
2 0.5584415584415584 0.28095238095238095 0.023376623376623377 0.050793650793650794
2 0.548051948051948 0.24761904761904763 0.02207792207792208 0.049206349206349205
2 0.5415584415584416 0.2126984126984127 0.02727272727272727 0.05555555555555555
2 0.5103896103896104 0.1873015873015873 0.014285714285714285 0.03492063492063492
2 0.4922077922077922 0.17142857142857143 0.01038961038961039 0.025396825396825397
2 0.4909090909090909 0.15873015873015872 0.011688311688311689 0.025396825396825397
2 0.5 0.13333333333333333 0.01038961038961039 0.01904761904761905
2 0.4883116883116883 0.10317460317460317 0.006493506493506494 0.012698412698412698
2 0.5 0.10793650793650794 0.006493506493506494 0.012698412698412698
2 0.5025974025974026 0.1 0.00909090909090909 0.012698412698412698
2 0.5 0.08888888888888889 0.011688311688311689 0.012698412698412698
2 0.5051948051948052 0.12380952380952381 0.011688311688311689 0.01746031746031746
2 0.509090909090909 0.1380952380952381 0.00909090909090909 0.015873015873015872