2 0.587012987012987 0.8634920634920635 0.046753246753246755 0.19206349206349208
2 0.7857142857142857 0.8222222222222222 0.04285714285714286 0.1761904761904762
2 0.5558441558441558 0.6857142857142857 0.03116883116883117 0.13174603174603175
2 0.5636363636363636 0.5873015873015873 0.03116883116883117 0.1111111111111111
2 0.5324675324675324 0.47619047619047616 0.024675324675324677 0.09682539682539683
2 0.6428571428571429 0.5349206349206349 0.024675324675324677 0.09365079365079365
2 0.6350649350649351 0.4253968253968254 0.016883116883116882 0.07936507936507936
2 0.6480519480519481 0.4126984126984127 0.014285714285714285 0.07142857142857142
1 0.6792207792207792 0.5063492063492063 0.05064935064935065 0.10952380952380952
2 0.6701298701298701 0.4365079365079365 0.016883116883116882 0.05238095238095238
2 0.5714285714285714 0.4031746031746032 0.01818181818181818 0.06666666666666667
2 0.5623376623376624 0.373015873015873 0.014285714285714285 0.06984126984126984
1 0.5324675324675324 0.32063492063492066 0.032467532467532464 0.05873015873015873
2 0.5467532467532468 0.2841269841269841 0.014285714285714285 0.05555555555555555
2 0.5311688311688312 0.2619047619047619 0.00909090909090909 0.044444444444444446
2 0.548051948051948 0.24285714285714285 0.011688311688311689 0.044444444444444446
2 0.5194805194805194 0.22698412698412698 0.01038961038961039 0.0380952380952381
2 0.4922077922077922 0.21428571428571427 0.007792207792207792 0.0380952380952381
2 0.4961038961038961 0.16507936507936508 0.006493506493506494 0.02857142857142857
3 0.474025974025974 0.12857142857142856 0.01818181818181818 0.05714285714285714
2 0.4857142857142857 0.11428571428571428 0.005194805194805195 0.020634920634920634
2 0.4948051948051948 0.10952380952380952 0.006493506493506494 0.022222222222222223
2 0.5025974025974026 0.1126984126984127 0.005194805194805195 0.01746031746031746
2 0.4909090909090909 0.13174603174603175 0.005194805194805195 0.020634920634920634
2 0.4948051948051948 0.1349206349206349 0.005194805194805195 0.026984126984126985
1 0.5805194805194805 0.31587301587301586 0.03116883116883117 0.06825396825396825
1 0.6012987012987013 0.3761904761904762 0.03766233766233766 0.07936507936507936
2 0.6181818181818182 0.3412698412698413 0.011688311688311689 0.047619047619047616
1 0.522077922077922 0.3825396825396825 0.03636363636363636 0.08095238095238096
1 0.6428571428571429 0.6523809523809524 0.07142857142857142 0.18571428571428572
2 0.5363636363636364 0.2126984126984127 0.012987012987012988 0.03968253968253968