1 0.6623376623376623 0.9396825396825397 0.09480519480519481 0.12063492063492064
1 0.5298701298701298 0.7174603174603175 0.1012987012987013 0.18888888888888888
1 0.5142857142857142 0.5444444444444444 0.05974025974025974 0.14603174603174604
1 0.5545454545454546 0.4158730158730159 0.053246753246753244 0.11428571428571428
1 0.4831168831168831 0.19523809523809524 0.024675324675324677 0.03968253968253968
1 0.474025974025974 0.15555555555555556 0.024675324675324677 0.03650793650793651
2 0.43896103896103894 0.14126984126984127 0.012987012987012988 0.026984126984126985
2 0.45454545454545453 0.1365079365079365 0.015584415584415584 0.022222222222222223
2 0.461038961038961 0.12698412698412698 0.011688311688311689 0.022222222222222223
2 0.44545454545454544 0.11746031746031746 0.01038961038961039 0.020634920634920634
1 0.4623376623376623 0.11587301587301588 0.016883116883116882 0.026984126984126985
1 0.4857142857142857 0.12380952380952381 0.023376623376623377 0.025396825396825397
1 0.45064935064935063 0.08253968253968254 0.012987012987012988 0.02857142857142857
3 0.4805194805194805 0.3349206349206349 0.07922077922077922 0.2111111111111111
0 0.548051948051948 0.2841269841269841 0.07272727272727272 0.15396825396825398
2 0.8714285714285714 0.8857142857142857 0.08961038961038961 0.14126984126984127
2 0.7662337662337663 0.9142857142857143 0.06883116883116883 0.1380952380952381
2 0.6857142857142857 0.8539682539682539 0.06623376623376623 0.11746031746031746
2 0.7090909090909091 0.7603174603174603 0.06103896103896104 0.13968253968253969
2 0.7090909090909091 0.6571428571428571 0.07792207792207792 0.17777777777777778
2 0.6285714285714286 0.6730158730158731 0.06753246753246753 0.10476190476190476
2 0.6415584415584416 0.5873015873015873 0.045454545454545456 0.08571428571428572
2 0.6 0.5507936507936508 0.053246753246753244 0.10634920634920635
2 0.6610389610389611 0.5174603174603175 0.04025974025974026 0.08571428571428572
2 0.6961038961038961 0.5634920634920635 0.045454545454545456 0.0746031746031746
2 0.7389610389610389 0.4746031746031746 0.05454545454545454 0.08571428571428572
2 0.6077922077922078 0.4857142857142857 0.06233766233766234 0.08412698412698413
2 0.5974025974025974 0.37142857142857144 0.033766233766233764 0.0380952380952381
2 0.6012987012987013 0.3523809523809524 0.023376623376623377 0.06349206349206349
2 0.6 0.4396825396825397 0.025974025974025976 0.050793650793650794
2 0.5974025974025974 0.4015873015873016 0.024675324675324677 0.047619047619047616
2 0.4636363636363636 0.09206349206349207 0.003896103896103896 0.009523809523809525
2 0.461038961038961 0.0873015873015873 0.005194805194805195 0.007936507936507936
2 0.4688311688311688 0.08888888888888889 0.005194805194805195 0.009523809523809525
2 0.4636363636363636 0.08095238095238096 0.003896103896103896 0.009523809523809525
2 0.474025974025974 0.08095238095238096 0.005194805194805195 0.007936507936507936
2 0.4701298701298701 0.07777777777777778 0.005194805194805195 0.009523809523809525