1 0.5857142857142857 0.8857142857142857 0.11168831168831168 0.22857142857142856
2 0.638961038961039 0.8365079365079365 0.03636363636363636 0.1380952380952381
1 0.7142857142857143 0.8888888888888888 0.10519480519480519 0.2222222222222222
2 0.7909090909090909 0.8571428571428571 0.04285714285714286 0.1746031746031746
2 0.8324675324675325 0.8158730158730159 0.03636363636363636 0.16031746031746033
2 0.9012987012987013 0.9555555555555556 0.06233766233766234 0.08888888888888889
2 0.5896103896103896 0.7396825396825397 0.03766233766233766 0.1
2 0.5402597402597402 0.7206349206349206 0.02857142857142857 0.14126984126984127
2 0.5103896103896104 0.6476190476190476 0.02987012987012987 0.12063492063492064
2 0.548051948051948 0.5968253968253968 0.03116883116883117 0.10952380952380952
2 0.574025974025974 0.6619047619047619 0.02857142857142857 0.12222222222222222
1 0.6298701298701299 0.580952380952381 0.08311688311688312 0.19047619047619047
2 0.7272727272727273 0.6730158730158731 0.03636363636363636 0.1349206349206349
2 0.7428571428571429 0.6333333333333333 0.02857142857142857 0.12380952380952381
2 0.7012987012987013 0.5476190476190477 0.02987012987012987 0.10317460317460317
2 0.6415584415584416 0.4984126984126984 0.02207792207792208 0.05238095238095238
2 0.6077922077922078 0.46984126984126984 0.024675324675324677 0.06349206349206349
2 0.5805194805194805 0.4396825396825397 0.024675324675324677 0.09365079365079365
2 0.5961038961038961 0.38095238095238093 0.014285714285714285 0.06984126984126984
2 0.6285714285714286 0.373015873015873 0.01948051948051948 0.05238095238095238
2 0.6012987012987013 0.35079365079365077 0.014285714285714285 0.06031746031746032
2 0.6103896103896104 0.3396825396825397 0.014285714285714285 0.05714285714285714
2 0.577922077922078 0.32857142857142857 0.014285714285714285 0.06349206349206349
2 0.5857142857142857 0.31746031746031744 0.012987012987012988 0.05714285714285714
2 0.5935064935064935 0.30317460317460315 0.014285714285714285 0.05238095238095238
2 0.561038961038961 0.30793650793650795 0.015584415584415584 0.04126984126984127
2 0.5662337662337662 0.3 0.011688311688311689 0.044444444444444446
2 0.577922077922078 0.29523809523809524 0.011688311688311689 0.047619047619047616
2 0.5753246753246753 0.25555555555555554 0.012987012987012988 0.031746031746031744
2 0.5597402597402598 0.2746031746031746 0.014285714285714285 0.0380952380952381
2 0.5662337662337662 0.24444444444444444 0.012987012987012988 0.0380952380952381
2 0.512987012987013 0.23492063492063492 0.011688311688311689 0.04285714285714286
2 0.4948051948051948 0.23174603174603176 0.01038961038961039 0.031746031746031744
2 0.5012987012987012 0.22380952380952382 0.01038961038961039 0.03968253968253968
2 0.45194805194805193 0.19206349206349208 0.01038961038961039 0.03650793650793651
2 0.4896103896103896 0.19365079365079366 0.01038961038961039 0.03492063492063492
2 0.525974025974026 0.2222222222222222 0.01038961038961039 0.023809523809523808
1 0.4701298701298701 0.18571428571428572 0.01948051948051948 0.03650793650793651
2 0.4805194805194805 0.16666666666666666 0.007792207792207792 0.022222222222222223
2 0.5142857142857142 0.19206349206349208 0.011688311688311689 0.03492063492063492
2 0.5298701298701298 0.18095238095238095 0.01038961038961039 0.026984126984126985
2 0.4948051948051948 0.173015873015873 0.01038961038961039 0.026984126984126985
2 0.5038961038961038 0.16825396825396827 0.007792207792207792 0.02857142857142857
2 0.5155844155844156 0.1634920634920635 0.007792207792207792 0.026984126984126985
2 0.5 0.14603174603174604 0.006493506493506494 0.025396825396825397
2 0.4948051948051948 0.12857142857142856 0.011688311688311689 0.025396825396825397
2 0.4766233766233766 0.1111111111111111 0.006493506493506494 0.020634920634920634
2 0.4857142857142857 0.10793650793650794 0.006493506493506494 0.01904761904761905
2 0.4935064935064935 0.10476190476190476 0.005194805194805195 0.023809523809523808
2 0.4987012987012987 0.10634920634920635 0.006493506493506494 0.026984126984126985
1 0.4831168831168831 0.12063492063492064 0.01038961038961039 0.020634920634920634
1 0.4818181818181818 0.12857142857142856 0.012987012987012988 0.025396825396825397
1 0.4701298701298701 0.1126984126984127 0.014285714285714285 0.020634920634920634
1 0.4649350649350649 0.14444444444444443 0.016883116883116882 0.03492063492063492
1 0.4714285714285714 0.1619047619047619 0.014285714285714285 0.02857142857142857
1 0.4896103896103896 0.15555555555555556 0.01818181818181818 0.03968253968253968
1 0.474025974025974 0.21904761904761905 0.023376623376623377 0.04126984126984127
1 0.5012987012987012 0.19523809523809524 0.01948051948051948 0.03492063492063492
1 0.5103896103896104 0.13968253968253969 0.014285714285714285 0.03492063492063492
1 0.5337662337662338 0.20317460317460317 0.023376623376623377 0.046031746031746035
1 0.4883116883116883 0.24603174603174602 0.02857142857142857 0.04285714285714286
1 0.5285714285714286 0.2619047619047619 0.033766233766233764 0.06507936507936508
1 0.548051948051948 0.24444444444444444 0.02987012987012987 0.05555555555555555
1 0.4909090909090909 0.2841269841269841 0.02987012987012987 0.06666666666666667
1 0.5038961038961038 0.36666666666666664 0.045454545454545456 0.10476190476190476
1 0.5558441558441558 0.3492063492063492 0.04285714285714286 0.08888888888888889
1 0.6272727272727273 0.43333333333333335 0.05194805194805195 0.09841269841269841