1 0.5545454545454546 0.8920634920634921 0.05714285714285714 0.21587301587301588
1 0.7649350649350649 0.7841269841269841 0.11168831168831168 0.20952380952380953
1 0.7376623376623377 0.9634920634920635 0.09220779220779221 0.07301587301587302
1 0.6194805194805195 0.5095238095238095 0.06103896103896104 0.13968253968253969
1 0.5493506493506494 0.4777777777777778 0.09350649350649351 0.19047619047619047
2 0.4792207792207792 0.24126984126984127 0.02857142857142857 0.0380952380952381
2 0.4688311688311688 0.18888888888888888 0.02857142857142857 0.06349206349206349
1 0.4935064935064935 0.19682539682539682 0.04155844155844156 0.046031746031746035
1 0.4688311688311688 0.16031746031746033 0.02987012987012987 0.03968253968253968
1 0.4883116883116883 0.1253968253968254 0.02727272727272727 0.03968253968253968
2 0.5038961038961038 0.18412698412698414 0.02207792207792208 0.05714285714285714
2 0.5051948051948052 0.15714285714285714 0.02727272727272727 0.03492063492063492
1 0.5051948051948052 0.11587301587301588 0.01818181818181818 0.05714285714285714
2 0.5155844155844156 0.2873015873015873 0.03506493506493506 0.09365079365079365
3 0.5805194805194805 0.3619047619047619 0.08961038961038961 0.19047619047619047
2 0.5415584415584416 0.23492063492063492 0.032467532467532464 0.06349206349206349
2 0.5272727272727272 0.2396825396825397 0.024675324675324677 0.05714285714285714
2 0.5363636363636364 0.39206349206349206 0.03506493506493506 0.08412698412698413
2 0.625974025974026 0.42857142857142855 0.06233766233766234 0.0746031746031746
2 0.6116883116883117 0.3682539682539683 0.03636363636363636 0.08095238095238096
2 0.6350649350649351 0.373015873015873 0.02727272727272727 0.08253968253968254
2 0.6467532467532467 0.4650793650793651 0.03116883116883117 0.0746031746031746
2 0.6545454545454545 0.7682539682539683 0.06623376623376623 0.2126984126984127
2 0.6714285714285714 0.6507936507936508 0.06883116883116883 0.14603174603174604
2 0.6883116883116883 0.5698412698412698 0.03896103896103896 0.0873015873015873
2 0.6779220779220779 0.5142857142857142 0.032467532467532464 0.06984126984126984
2 0.7233766233766233 0.6412698412698413 0.04155844155844156 0.07777777777777778
2 0.7246753246753247 0.5793650793650794 0.033766233766233764 0.1111111111111111
2 0.5116883116883116 0.6063492063492063 0.05584415584415584 0.13015873015873017
2 0.577922077922078 0.726984126984127 0.03116883116883117 0.12698412698412698
2 0.7792207792207793 0.6571428571428571 0.053246753246753244 0.15873015873015872
2 0.8597402597402597 0.8222222222222222 0.05454545454545454 0.15555555555555556
2 0.6610389610389611 0.9111111111111111 0.07272727272727272 0.1761904761904762