1 0.7168831168831169 0.8047619047619048 0.09350649350649351 0.24126984126984127
1 0.5246753246753246 0.6238095238095238 0.05714285714285714 0.19047619047619047
1 0.6519480519480519 0.526984126984127 0.06363636363636363 0.17777777777777778
1 0.5038961038961038 0.4746031746031746 0.03506493506493506 0.12063492063492064
1 0.6298701298701299 0.44126984126984126 0.06233766233766234 0.10952380952380952
1 0.5467532467532468 0.35555555555555557 0.04285714285714286 0.10317460317460317
1 0.5818181818181818 0.2920634920634921 0.03766233766233766 0.07936507936507936
1 0.4844155844155844 0.2777777777777778 0.046753246753246755 0.06031746031746032
1 0.5285714285714286 0.2857142857142857 0.03896103896103896 0.06984126984126984
2 0.5025974025974026 0.1761904761904762 0.011688311688311689 0.023809523809523808
1 0.5038961038961038 0.1619047619047619 0.033766233766233764 0.046031746031746035
1 0.4753246753246753 0.2492063492063492 0.03506493506493506 0.049206349206349205
1 0.5168831168831168 0.2507936507936508 0.03506493506493506 0.06190476190476191
1 0.5077922077922078 0.21904761904761905 0.02857142857142857 0.05714285714285714
1 0.5402597402597402 0.2222222222222222 0.024675324675324677 0.06507936507936508
1 0.4636363636363636 0.20476190476190476 0.02207792207792208 0.06666666666666667
1 0.4649350649350649 0.2126984126984127 0.02987012987012987 0.03968253968253968
1 0.4857142857142857 0.17936507936507937 0.015584415584415584 0.0380952380952381
1 0.5194805194805194 0.2 0.02077922077922078 0.05555555555555555
1 0.4636363636363636 0.15555555555555556 0.02077922077922078 0.0380952380952381
1 0.4688311688311688 0.1253968253968254 0.011688311688311689 0.044444444444444446
1 0.4792207792207792 0.1 0.016883116883116882 0.022222222222222223
3 0.4922077922077922 0.13333333333333333 0.02727272727272727 0.046031746031746035
1 0.5025974025974026 0.12698412698412698 0.012987012987012988 0.022222222222222223
2 0.5142857142857142 0.1619047619047619 0.00909090909090909 0.023809523809523808
2 0.4792207792207792 0.16666666666666666 0.011688311688311689 0.023809523809523808
2 0.509090909090909 0.14126984126984127 0.01038961038961039 0.026984126984126985
2 0.525974025974026 0.18571428571428572 0.01038961038961039 0.020634920634920634
2 0.5246753246753246 0.1746031746031746 0.011688311688311689 0.026984126984126985
2 0.551948051948052 0.30634920634920637 0.02077922077922078 0.050793650793650794
2 0.5493506493506494 0.2698412698412698 0.01818181818181818 0.03333333333333333
2 0.535064935064935 0.19682539682539682 0.016883116883116882 0.03492063492063492
2 0.4818181818181818 0.36666666666666664 0.023376623376623377 0.047619047619047616
2 0.4844155844155844 0.35555555555555557 0.025974025974025976 0.0761904761904762
2 0.4961038961038961 0.3888888888888889 0.03116883116883117 0.06190476190476191
2 0.5116883116883116 0.36507936507936506 0.01948051948051948 0.06507936507936508
2 0.5051948051948052 0.3333333333333333 0.02077922077922078 0.050793650793650794
2 0.5272727272727272 0.4222222222222222 0.02207792207792208 0.06190476190476191
2 0.5272727272727272 0.37936507936507935 0.01818181818181818 0.05396825396825397
3 0.5714285714285714 0.44761904761904764 0.08181818181818182 0.14126984126984127
2 0.5558441558441558 0.39206349206349206 0.016883116883116882 0.03968253968253968
2 0.5792207792207792 0.33650793650793653 0.02207792207792208 0.05555555555555555
2 0.5948051948051948 0.353968253968254 0.032467532467532464 0.05238095238095238
2 0.5896103896103896 0.319047619047619 0.023376623376623377 0.046031746031746035
2 0.6181818181818182 0.3619047619047619 0.02727272727272727 0.0873015873015873
2 0.6350649350649351 0.38095238095238093 0.02077922077922078 0.06190476190476191
2 0.6532467532467533 0.4238095238095238 0.03116883116883117 0.06349206349206349
2 0.6961038961038961 0.5111111111111111 0.05194805194805195 0.1380952380952381
2 0.6753246753246753 0.6126984126984127 0.02727272727272727 0.08253968253968254
2 0.7285714285714285 0.5984126984126984 0.03506493506493506 0.09365079365079365
2 0.7818181818181819 0.7158730158730159 0.02857142857142857 0.14603174603174604
2 0.7337662337662337 0.680952380952381 0.03636363636363636 0.08571428571428572
2 0.8298701298701299 0.8206349206349206 0.05064935064935065 0.1492063492063492
2 0.6675324675324675 0.9031746031746032 0.053246753246753244 0.19365079365079366
2 0.6298701298701299 0.9619047619047619 0.05454545454545454 0.0761904761904762
2 0.548051948051948 0.9634920634920635 0.04285714285714286 0.07142857142857142
2 0.8103896103896104 0.9428571428571428 0.05714285714285714 0.10476190476190476