2 0.6025974025974026 0.9777777777777777 0.046753246753246755 0.044444444444444446
2 0.6987012987012987 0.9809523809523809 0.03896103896103896 0.0380952380952381
2 0.6051948051948052 0.8873015873015873 0.03766233766233766 0.16666666666666666
2 0.6766233766233766 0.8698412698412699 0.045454545454545456 0.17936507936507937
2 0.6285714285714286 0.7793650793650794 0.04155844155844156 0.15555555555555556
2 0.7207792207792207 0.8015873015873016 0.04025974025974026 0.16666666666666666
2 0.7818181818181819 0.8492063492063492 0.03766233766233766 0.15555555555555556
2 0.8389610389610389 0.9428571428571428 0.05194805194805195 0.11428571428571428
2 0.8337662337662337 0.8396825396825397 0.046753246753246755 0.15555555555555556
2 0.7168831168831169 0.6841269841269841 0.045454545454545456 0.09047619047619047
2 0.6155844155844156 0.6460317460317461 0.033766233766233764 0.11428571428571428
2 0.6571428571428571 0.6333333333333333 0.03116883116883117 0.10952380952380952
2 0.7272727272727273 0.5968253968253968 0.04025974025974026 0.1126984126984127
2 0.638961038961039 0.5317460317460317 0.024675324675324677 0.1
2 0.6753246753246753 0.5793650793650794 0.02987012987012987 0.10317460317460317
2 0.6857142857142857 0.5476190476190477 0.02727272727272727 0.1
2 0.6831168831168831 0.4793650793650794 0.023376623376623377 0.06825396825396825
2 0.6571428571428571 0.5158730158730159 0.02077922077922078 0.09047619047619047
2 0.6532467532467533 0.46825396825396826 0.025974025974025976 0.06031746031746032
2 0.6454545454545455 0.4380952380952381 0.025974025974025976 0.06349206349206349
2 0.625974025974026 0.4523809523809524 0.02207792207792208 0.08095238095238096
2 0.6428571428571429 0.4031746031746032 0.02077922077922078 0.07301587301587302
2 0.5987012987012987 0.4396825396825397 0.02077922077922078 0.06666666666666667
2 0.6064935064935065 0.4174603174603175 0.01818181818181818 0.07142857142857142
2 0.6090909090909091 0.3873015873015873 0.01948051948051948 0.05555555555555555
2 0.4909090909090909 0.40793650793650793 0.02077922077922078 0.06825396825396825
2 0.5285714285714286 0.39365079365079364 0.02077922077922078 0.0761904761904762
2 0.5818181818181818 0.36507936507936506 0.01818181818181818 0.06825396825396825
2 0.6155844155844156 0.3523809523809524 0.015584415584415584 0.05396825396825397
2 0.6103896103896104 0.3333333333333333 0.02207792207792208 0.06666666666666667
2 0.5766233766233766 0.30952380952380953 0.01818181818181818 0.05714285714285714
2 0.4779220779220779 0.2650793650793651 0.015584415584415584 0.04126984126984127
2 0.5025974025974026 0.2761904761904762 0.014285714285714285 0.05555555555555555
2 0.587012987012987 0.2873015873015873 0.01038961038961039 0.047619047619047616
2 0.487012987012987 0.2111111111111111 0.006493506493506494 0.03015873015873016
2 0.4896103896103896 0.19682539682539682 0.00909090909090909 0.03015873015873016
2 0.4987012987012987 0.24126984126984127 0.007792207792207792 0.04285714285714286
2 0.5805194805194805 0.273015873015873 0.01038961038961039 0.03968253968253968
2 0.5727272727272728 0.2571428571428571 0.012987012987012988 0.026984126984126985
2 0.5363636363636364 0.25555555555555554 0.00909090909090909 0.0380952380952381
2 0.5428571428571428 0.2523809523809524 0.01038961038961039 0.04285714285714286
2 0.5454545454545454 0.2365079365079365 0.01038961038961039 0.02857142857142857
2 0.5285714285714286 0.23015873015873015 0.011688311688311689 0.0380952380952381
2 0.4974025974025974 0.2 0.01038961038961039 0.031746031746031744
2 0.5116883116883116 0.20317460317460317 0.011688311688311689 0.03015873015873016
2 0.5558441558441558 0.23174603174603176 0.01038961038961039 0.03968253968253968
2 0.538961038961039 0.2126984126984127 0.01038961038961039 0.02857142857142857
2 0.5376623376623376 0.1984126984126984 0.012987012987012988 0.03333333333333333
2 0.522077922077922 0.20317460317460317 0.011688311688311689 0.031746031746031744
2 0.4779220779220779 0.18888888888888888 0.01038961038961039 0.03492063492063492
2 0.4857142857142857 0.16825396825396827 0.006493506493506494 0.026984126984126985
2 0.5012987012987012 0.16666666666666666 0.007792207792207792 0.022222222222222223
2 0.5142857142857142 0.18095238095238095 0.01038961038961039 0.02857142857142857
2 0.5246753246753246 0.18571428571428572 0.00909090909090909 0.020634920634920634
2 0.4753246753246753 0.11904761904761904 0.007792207792207792 0.01746031746031746
2 0.5103896103896104 0.14761904761904762 0.006493506493506494 0.01746031746031746
2 0.5 0.13174603174603175 0.005194805194805195 0.014285714285714285
2 0.5064935064935064 0.13015873015873017 0.005194805194805195 0.022222222222222223
2 0.5103896103896104 0.13333333333333333 0.005194805194805195 0.015873015873015872
2 0.5025974025974026 0.11746031746031746 0.005194805194805195 0.015873015873015872
2 0.5012987012987012 0.10476190476190476 0.006493506493506494 0.015873015873015872
1 0.487012987012987 0.10952380952380952 0.01948051948051948 0.0380952380952381
1 0.4753246753246753 0.10476190476190476 0.007792207792207792 0.014285714285714285
1 0.4688311688311688 0.11587301587301588 0.00909090909090909 0.020634920634920634
1 0.4649350649350649 0.1253968253968254 0.014285714285714285 0.01746031746031746
1 0.4636363636363636 0.13968253968253969 0.016883116883116882 0.025396825396825397
1 0.4675324675324675 0.15079365079365079 0.01818181818181818 0.01904761904761905
1 0.4662337662337662 0.16825396825396827 0.01948051948051948 0.03492063492063492
1 0.4883116883116883 0.1253968253968254 0.012987012987012988 0.014285714285714285
1 0.4857142857142857 0.1365079365079365 0.014285714285714285 0.022222222222222223
1 0.5 0.1492063492063492 0.014285714285714285 0.02857142857142857
1 0.4883116883116883 0.15555555555555556 0.016883116883116882 0.03015873015873016
1 0.5012987012987012 0.1873015873015873 0.01818181818181818 0.03492063492063492
1 0.4714285714285714 0.21904761904761905 0.02727272727272727 0.04126984126984127
1 0.5142857142857142 0.23174603174603176 0.023376623376623377 0.050793650793650794
1 0.4805194805194805 0.24761904761904763 0.03116883116883117 0.05396825396825397
1 0.4857142857142857 0.2968253968253968 0.032467532467532464 0.046031746031746035
1 0.5298701298701298 0.2777777777777778 0.03636363636363636 0.06349206349206349
1 0.5623376623376624 0.273015873015873 0.02987012987012987 0.05714285714285714
1 0.4922077922077922 0.3523809523809524 0.04155844155844156 0.08571428571428572
1 0.5402597402597402 0.32063492063492066 0.04415584415584416 0.06984126984126984
1 0.561038961038961 0.3952380952380952 0.04025974025974026 0.09047619047619047
1 0.5064935064935064 0.4523809523809524 0.04155844155844156 0.10793650793650794
1 0.5922077922077922 0.5174603174603175 0.048051948051948054 0.11746031746031746
3 0.5324675324675324 0.5682539682539682 0.08311688311688312 0.28095238095238095