2 0.7051948051948052 0.9031746031746032 0.06493506493506493 0.1746031746031746
2 0.8415584415584415 0.8809523809523809 0.053246753246753244 0.16507936507936508
2 0.9623376623376624 0.9634920634920635 0.07532467532467532 0.07142857142857142
2 0.9181818181818182 0.753968253968254 0.03896103896103896 0.1253968253968254
2 0.7974025974025974 0.7396825396825397 0.04155844155844156 0.13015873015873017
2 0.7519480519480519 0.6730158730158731 0.033766233766233764 0.10793650793650794
2 0.6376623376623377 0.6793650793650794 0.025974025974025976 0.11904761904761904
2 0.6220779220779221 0.5825396825396826 0.024675324675324677 0.07301587301587302
2 0.6909090909090909 0.5126984126984127 0.032467532467532464 0.08571428571428572
2 0.7077922077922078 0.5761904761904761 0.032467532467532464 0.07142857142857142
2 0.5181818181818182 0.3984126984126984 0.023376623376623377 0.03650793650793651
2 0.6233766233766234 0.38095238095238093 0.023376623376623377 0.06349206349206349
2 0.6454545454545455 0.44126984126984126 0.03116883116883117 0.0746031746031746
2 0.4701298701298701 0.30158730158730157 0.02077922077922078 0.044444444444444446
2 0.4805194805194805 0.353968253968254 0.02727272727272727 0.05714285714285714
2 0.5311688311688312 0.33174603174603173 0.01818181818181818 0.05873015873015873
2 0.509090909090909 0.29365079365079366 0.01948051948051948 0.050793650793650794
2 0.5233766233766234 0.28095238095238095 0.014285714285714285 0.044444444444444446
2 0.5337662337662338 0.2365079365079365 0.014285714285714285 0.04285714285714286
2 0.5402597402597402 0.2777777777777778 0.012987012987012988 0.05714285714285714
2 0.5558441558441558 0.24285714285714285 0.006493506493506494 0.026984126984126985
2 0.551948051948052 0.26825396825396824 0.012987012987012988 0.025396825396825397
2 0.551948051948052 0.30317460317460315 0.01818181818181818 0.0380952380952381
2 0.5727272727272728 0.30793650793650795 0.01818181818181818 0.05396825396825397
2 0.6025974025974026 0.3142857142857143 0.01038961038961039 0.0380952380952381
2 0.5844155844155844 0.28888888888888886 0.01038961038961039 0.031746031746031744
2 0.587012987012987 0.32063492063492066 0.014285714285714285 0.03968253968253968
2 0.5974025974025974 0.3619047619047619 0.023376623376623377 0.06984126984126984
2 0.4597402597402597 0.16825396825396827 0.007792207792207792 0.022222222222222223
2 0.4701298701298701 0.17142857142857143 0.005194805194805195 0.011111111111111112
2 0.4779220779220779 0.173015873015873 0.003896103896103896 0.012698412698412698
2 0.5168831168831168 0.1761904761904762 0.003896103896103896 0.01904761904761905
2 0.4792207792207792 0.15079365079365079 0.01038961038961039 0.023809523809523808
2 0.4805194805194805 0.13333333333333333 0.006493506493506494 0.012698412698412698
2 0.4974025974025974 0.12222222222222222 0.005194805194805195 0.014285714285714285
2 0.5025974025974026 0.12380952380952381 0.003896103896103896 0.014285714285714285
2 0.5051948051948052 0.1365079365079365 0.006493506493506494 0.009523809523809525
2 0.5051948051948052 0.10634920634920635 0.006493506493506494 0.009523809523809525
2 0.5025974025974026 0.11428571428571428 0.01038961038961039 0.014285714285714285
1 0.7051948051948052 0.680952380952381 0.10649350649350649 0.2111111111111111
1 0.6207792207792208 0.4714285714285714 0.06493506493506493 0.11746031746031746
1 0.564935064935065 0.37936507936507935 0.05844155844155844 0.09523809523809523
1 0.5 0.3126984126984127 0.03506493506493506 0.06349206349206349
1 0.4714285714285714 0.20476190476190476 0.02207792207792208 0.05873015873015873
1 0.5311688311688312 0.19365079365079366 0.02207792207792208 0.046031746031746035
1 0.4909090909090909 0.17142857142857143 0.011688311688311689 0.031746031746031744
3 0.5038961038961038 0.20793650793650795 0.032467532467532464 0.050793650793650794
1 0.5051948051948052 0.15079365079365079 0.016883116883116882 0.01746031746031746
1 0.5064935064935064 0.16984126984126985 0.014285714285714285 0.014285714285714285
1 0.4649350649350649 0.1349206349206349 0.011688311688311689 0.026984126984126985
1 0.487012987012987 0.12222222222222222 0.01038961038961039 0.020634920634920634
1 0.4779220779220779 0.1126984126984127 0.011688311688311689 0.01904761904761905
1 0.4922077922077922 0.10793650793650794 0.006493506493506494 0.012698412698412698
1 0.5038961038961038 0.09682539682539683 0.006493506493506494 0.007936507936507936
1 0.4948051948051948 0.09682539682539683 0.006493506493506494 0.007936507936507936
0 0.5623376623376624 0.6317460317460317 0.14675324675324675 0.4507936507936508