2 0.8402597402597403 0.8507936507936508 0.09480519480519481 0.16666666666666666
2 0.7740259740259741 0.8539682539682539 0.053246753246753244 0.13174603174603175
2 0.7363636363636363 0.9492063492063492 0.03766233766233766 0.10158730158730159
2 0.6961038961038961 0.9761904761904762 0.02857142857142857 0.047619047619047616
2 0.6545454545454545 0.8746031746031746 0.03766233766233766 0.14761904761904762
2 0.6493506493506493 0.7412698412698413 0.032467532467532464 0.10952380952380952
2 0.7311688311688311 0.7523809523809524 0.03506493506493506 0.13968253968253969
2 0.7610389610389611 0.6841269841269841 0.03896103896103896 0.11587301587301588
2 0.6883116883116883 0.6841269841269841 0.03506493506493506 0.10793650793650794
2 0.6233766233766234 0.6730158730158731 0.02987012987012987 0.10793650793650794
2 0.638961038961039 0.6190476190476191 0.02857142857142857 0.09206349206349207
2 0.6311688311688312 0.5777777777777777 0.02987012987012987 0.07301587301587302
2 0.574025974025974 0.5587301587301587 0.032467532467532464 0.08571428571428572
2 0.538961038961039 0.5285714285714286 0.03116883116883117 0.08095238095238096
2 0.6155844155844156 0.49206349206349204 0.025974025974025976 0.0873015873015873
2 0.6194805194805195 0.42698412698412697 0.01818181818181818 0.06349206349206349
2 0.6402597402597403 0.4 0.02207792207792208 0.05555555555555555
2 0.5987012987012987 0.36507936507936506 0.015584415584415584 0.050793650793650794
2 0.5883116883116883 0.32857142857142857 0.014285714285714285 0.03650793650793651
2 0.5922077922077922 0.30158730158730157 0.014285714285714285 0.03650793650793651
2 0.5818181818181818 0.2857142857142857 0.007792207792207792 0.044444444444444446
2 0.5766233766233766 0.26666666666666666 0.00909090909090909 0.0380952380952381
2 0.5168831168831168 0.2761904761904762 0.012987012987012988 0.04285714285714286
2 0.5285714285714286 0.39206349206349206 0.011688311688311689 0.049206349206349205
2 0.5584415584415584 0.3396825396825397 0.01038961038961039 0.03492063492063492
2 0.4766233766233766 0.2857142857142857 0.00909090909090909 0.0380952380952381
2 0.4844155844155844 0.2365079365079365 0.005194805194805195 0.03968253968253968
2 0.5272727272727272 0.21746031746031746 0.011688311688311689 0.009523809523809525
2 0.5272727272727272 0.2015873015873016 0.007792207792207792 0.02857142857142857
2 0.5155844155844156 0.17777777777777778 0.00909090909090909 0.025396825396825397
2 0.512987012987013 0.16031746031746033 0.01038961038961039 0.01746031746031746
2 0.5051948051948052 0.16031746031746033 0.006493506493506494 0.022222222222222223
2 0.509090909090909 0.14285714285714285 0.006493506493506494 0.01904761904761905
2 0.45454545454545453 0.14603174603174604 0.006493506493506494 0.025396825396825397
2 0.5 0.13968253968253969 0.007792207792207792 0.01904761904761905
2 0.4909090909090909 0.10952380952380952 0.005194805194805195 0.012698412698412698
2 0.4831168831168831 0.1111111111111111 0.007792207792207792 0.011111111111111112
2 0.4948051948051948 0.10952380952380952 0.007792207792207792 0.01904761904761905
2 0.4792207792207792 0.12857142857142856 0.01038961038961039 0.015873015873015872
2 0.4727272727272727 0.11904761904761904 0.007792207792207792 0.014285714285714285
2 0.4636363636363636 0.1253968253968254 0.005194805194805195 0.009523809523809525
2 0.4935064935064935 0.15396825396825398 0.003896103896103896 0.009523809523809525
2 0.4909090909090909 0.12698412698412698 0.005194805194805195 0.012698412698412698
2 0.4844155844155844 0.12380952380952381 0.006493506493506494 0.020634920634920634
3 0.474025974025974 0.173015873015873 0.03636363636363636 0.09682539682539683
1 0.4896103896103896 0.14126984126984127 0.011688311688311689 0.023809523809523808
1 0.4987012987012987 0.173015873015873 0.014285714285714285 0.03015873015873016
1 0.5025974025974026 0.19682539682539682 0.011688311688311689 0.03015873015873016
1 0.5155844155844156 0.20634920634920634 0.014285714285714285 0.03968253968253968
1 0.5246753246753246 0.23333333333333334 0.024675324675324677 0.04285714285714286
3 0.5467532467532468 0.273015873015873 0.046753246753246755 0.10952380952380952
1 0.5 0.3 0.02987012987012987 0.06666666666666667
1 0.5207792207792208 0.35714285714285715 0.04285714285714286 0.1
1 0.5792207792207792 0.39365079365079364 0.05064935064935065 0.09047619047619047
1 0.5064935064935064 0.42698412698412697 0.05194805194805195 0.10317460317460317
1 0.6779220779220779 0.5190476190476191 0.07272727272727272 0.13174603174603175
2 0.6688311688311688 0.4301587301587302 0.023376623376623377 0.050793650793650794
2 0.6532467532467533 0.43492063492063493 0.01818181818181818 0.05714285714285714
1 0.5428571428571428 0.665079365079365 0.08051948051948052 0.19365079365079366