3 0.8350649350649351 0.8238095238095238 0.2051948051948052 0.35079365079365077
3 0.6636363636363637 0.7761904761904762 0.13116883116883116 0.3523809523809524
3 0.6181818181818182 0.46190476190476193 0.12987012987012986 0.3253968253968254
2 0.4766233766233766 0.19206349206349208 0.011688311688311689 0.03650793650793651
1 0.5 0.15714285714285714 0.01818181818181818 0.04126984126984127
1 0.5454545454545454 0.3476190476190476 0.03896103896103896 0.09047619047619047
2 0.5454545454545454 0.7428571428571429 0.03506493506493506 0.1492063492063492
2 0.5571428571428572 0.6206349206349207 0.02857142857142857 0.1111111111111111
2 0.7454545454545455 0.6206349206349207 0.02727272727272727 0.0873015873015873
2 0.7298701298701299 0.5666666666666667 0.02727272727272727 0.08888888888888889
2 0.6948051948051948 0.5365079365079365 0.02207792207792208 0.09841269841269841
2 0.687012987012987 0.4634920634920635 0.016883116883116882 0.08253968253968254
2 0.4961038961038961 0.29523809523809524 0.01818181818181818 0.06507936507936508
2 0.5454545454545454 0.21746031746031746 0.012987012987012988 0.0380952380952381
2 0.5285714285714286 0.18571428571428572 0.011688311688311689 0.03492063492063492
2 0.4727272727272727 0.12380952380952381 0.00909090909090909 0.025396825396825397
2 0.5 0.11428571428571428 0.00909090909090909 0.025396825396825397