1 0.5571428571428572 0.7126984126984127 0.06883116883116883 0.2015873015873016
1 0.5948051948051948 0.9015873015873016 0.08311688311688312 0.19682539682539682
1 0.7649350649350649 0.8904761904761904 0.09090909090909091 0.21746031746031746
1 0.7103896103896103 0.6984126984126984 0.07532467532467532 0.1746031746031746
1 0.5558441558441558 0.5777777777777777 0.05584415584415584 0.14126984126984127
1 0.6168831168831169 0.5492063492063493 0.04155844155844156 0.1253968253968254
1 0.612987012987013 0.4253968253968254 0.03636363636363636 0.09047619047619047
1 0.6220779220779221 0.373015873015873 0.032467532467532464 0.07301587301587302
1 0.5454545454545454 0.4857142857142857 0.03896103896103896 0.08095238095238096
1 0.522077922077922 0.41904761904761906 0.033766233766233764 0.0746031746031746
1 0.5025974025974026 0.373015873015873 0.02857142857142857 0.07301587301587302
1 0.4948051948051948 0.31746031746031744 0.01948051948051948 0.03650793650793651
1 0.487012987012987 0.2841269841269841 0.02077922077922078 0.0380952380952381
1 0.474025974025974 0.26031746031746034 0.015584415584415584 0.03015873015873016
1 0.5532467532467532 0.3476190476190476 0.02987012987012987 0.06825396825396825
1 0.5493506493506494 0.30158730158730157 0.012987012987012988 0.03968253968253968
1 0.5805194805194805 0.2968253968253968 0.01948051948051948 0.06507936507936508
1 0.5662337662337662 0.2523809523809524 0.014285714285714285 0.04126984126984127
1 0.5272727272727272 0.2746031746031746 0.02207792207792208 0.031746031746031744
1 0.4753246753246753 0.23809523809523808 0.014285714285714285 0.020634920634920634
1 0.4766233766233766 0.22063492063492063 0.014285714285714285 0.01746031746031746
1 0.4792207792207792 0.20317460317460317 0.014285714285714285 0.022222222222222223
2 0.45454545454545453 0.18571428571428572 0.006493506493506494 0.03333333333333333
1 0.4636363636363636 0.18412698412698414 0.011688311688311689 0.020634920634920634
1 0.4714285714285714 0.19047619047619047 0.01038961038961039 0.01904761904761905
1 0.4649350649350649 0.16507936507936508 0.011688311688311689 0.01904761904761905
1 0.5025974025974026 0.2111111111111111 0.015584415584415584 0.03650793650793651
1 0.4935064935064935 0.1761904761904762 0.011688311688311689 0.01904761904761905
1 0.512987012987013 0.16666666666666666 0.01038961038961039 0.01904761904761905
1 0.5207792207792208 0.24285714285714285 0.02207792207792208 0.03650793650793651
2 0.990909090909091 0.7444444444444445 0.01818181818181818 0.13174603174603175
2 0.9376623376623376 0.7507936507936508 0.024675324675324677 0.12698412698412698
2 0.9584415584415584 0.6682539682539682 0.02077922077922078 0.10317460317460317
2 0.8727272727272727 0.7698412698412699 0.033766233766233764 0.10634920634920635
2 0.8636363636363636 0.8206349206349206 0.023376623376623377 0.09841269841269841
2 0.9142857142857143 0.9111111111111111 0.02727272727272727 0.10634920634920635
2 0.8805194805194805 0.9063492063492063 0.02727272727272727 0.09047619047619047
2 0.9818181818181818 0.953968253968254 0.02987012987012987 0.09206349206349207
2 0.9636363636363636 0.9634920634920635 0.025974025974025976 0.07301587301587302
2 0.938961038961039 0.9777777777777777 0.02077922077922078 0.04285714285714286
2 0.8831168831168831 0.9619047619047619 0.03116883116883117 0.0761904761904762
2 0.8454545454545455 0.9650793650793651 0.02207792207792208 0.06984126984126984
2 0.8311688311688312 0.9031746031746032 0.023376623376623377 0.09841269841269841
2 0.8415584415584415 0.8444444444444444 0.024675324675324677 0.10317460317460317
2 0.8220779220779221 0.861904761904762 0.02077922077922078 0.08095238095238096
2 0.8155844155844156 0.7634920634920634 0.024675324675324677 0.09841269841269841
2 0.7857142857142857 0.7634920634920634 0.024675324675324677 0.05873015873015873
2 0.7935064935064935 0.8174603174603174 0.024675324675324677 0.08888888888888889
2 0.7948051948051948 0.7095238095238096 0.02207792207792208 0.09682539682539683
2 0.7597402597402597 0.7126984126984127 0.02207792207792208 0.09523809523809523
2 0.7662337662337663 0.6523809523809524 0.024675324675324677 0.08571428571428572
2 0.7428571428571429 0.6476190476190476 0.02077922077922078 0.06190476190476191
2 0.7532467532467533 0.6047619047619047 0.01818181818181818 0.06825396825396825
2 0.7064935064935065 0.580952380952381 0.016883116883116882 0.050793650793650794
2 0.7155844155844155 0.5698412698412698 0.015584415584415584 0.08253968253968254
2 0.6636363636363637 0.626984126984127 0.016883116883116882 0.1
2 0.6493506493506493 0.5444444444444444 0.016883116883116882 0.08412698412698413
2 0.6636363636363637 0.5238095238095238 0.01038961038961039 0.05396825396825397
2 0.6805194805194805 0.5396825396825397 0.015584415584415584 0.06190476190476191
2 0.7 0.5333333333333333 0.015584415584415584 0.07142857142857142
2 0.6909090909090909 0.5904761904761905 0.012987012987012988 0.0380952380952381
2 0.6792207792207792 0.5031746031746032 0.01038961038961039 0.050793650793650794
2 0.6571428571428571 0.4777777777777778 0.014285714285714285 0.05238095238095238
2 0.6402597402597403 0.49682539682539684 0.011688311688311689 0.05555555555555555
2 0.6857142857142857 0.9476190476190476 0.03116883116883117 0.10476190476190476
2 0.6714285714285714 0.8873015873015873 0.025974025974025976 0.10317460317460317
2 0.6701298701298701 0.8126984126984127 0.03116883116883117 0.12063492063492064
2 0.5311688311688312 0.9746031746031746 0.03116883116883117 0.049206349206349205
2 0.5155844155844156 0.9095238095238095 0.02987012987012987 0.12380952380952381
2 0.5116883116883116 0.8174603174603174 0.025974025974025976 0.10158730158730159
2 0.4974025974025974 0.6301587301587301 0.016883116883116882 0.10158730158730159
2 0.5 0.580952380952381 0.016883116883116882 0.07301587301587302
2 0.4948051948051948 0.5444444444444444 0.015584415584415584 0.06825396825396825
2 0.4948051948051948 0.5063492063492063 0.014285714285714285 0.05555555555555555
2 0.4896103896103896 0.4857142857142857 0.015584415584415584 0.06666666666666667
2 0.5909090909090909 0.4984126984126984 0.012987012987012988 0.05714285714285714
2 0.5766233766233766 0.4650793650793651 0.016883116883116882 0.06825396825396825
2 0.5584415584415584 0.43333333333333335 0.014285714285714285 0.06031746031746032
2 0.5792207792207792 0.42063492063492064 0.012987012987012988 0.049206349206349205
2 0.5662337662337662 0.3952380952380952 0.01038961038961039 0.049206349206349205
2 0.577922077922078 0.3952380952380952 0.012987012987012988 0.03968253968253968
2 0.5363636363636364 0.38412698412698415 0.012987012987012988 0.05873015873015873
2 0.5558441558441558 0.40793650793650793 0.01038961038961039 0.05555555555555555
2 0.6415584415584416 0.36984126984126986 0.012987012987012988 0.06825396825396825
2 0.5987012987012987 0.33015873015873015 0.011688311688311689 0.05238095238095238
2 0.6090909090909091 0.31746031746031744 0.01038961038961039 0.047619047619047616
2 0.5948051948051948 0.2904761904761905 0.007792207792207792 0.04285714285714286
2 0.6051948051948052 0.29365079365079366 0.00909090909090909 0.03333333333333333
2 0.5896103896103896 0.26666666666666666 0.00909090909090909 0.025396825396825397
2 0.5194805194805194 0.319047619047619 0.011688311688311689 0.050793650793650794
2 0.4675324675324675 0.3047619047619048 0.01038961038961039 0.050793650793650794
2 0.4779220779220779 0.31746031746031744 0.011688311688311689 0.06031746031746032
2 0.4584415584415584 0.25396825396825395 0.007792207792207792 0.04126984126984127
2 0.45584415584415583 0.23174603174603176 0.01038961038961039 0.03015873015873016
2 0.45714285714285713 0.21428571428571427 0.00909090909090909 0.02857142857142857
2 0.4831168831168831 0.1253968253968254 0.0025974025974025974 0.020634920634920634
2 0.487012987012987 0.12063492063492064 0.003896103896103896 0.015873015873015872
2 0.4935064935064935 0.1126984126984127 0.003896103896103896 0.012698412698412698
2 0.5 0.1365079365079365 0.005194805194805195 0.020634920634920634
2 0.4987012987012987 0.12380952380952381 0.003896103896103896 0.015873015873015872
2 0.5064935064935064 0.11428571428571428 0.003896103896103896 0.015873015873015872
1 0.4883116883116883 0.16507936507936508 0.01038961038961039 0.023809523809523808
2 0.4753246753246753 0.1619047619047619 0.006493506493506494 0.023809523809523808
1 0.4844155844155844 0.1492063492063492 0.00909090909090909 0.012698412698412698
2 0.4753246753246753 0.14761904761904762 0.003896103896103896 0.01746031746031746
1 0.4766233766233766 0.1380952380952381 0.011688311688311689 0.01904761904761905
1 0.461038961038961 0.16031746031746033 0.006493506493506494 0.01746031746031746
2 0.4636363636363636 0.1492063492063492 0.006493506493506494 0.015873015873015872
2 0.4649350649350649 0.13968253968253969 0.005194805194805195 0.01746031746031746
1 0.4766233766233766 0.12222222222222222 0.006493506493506494 0.012698412698412698
2 0.5 0.27936507936507937 0.00909090909090909 0.0380952380952381
2 0.5 0.2619047619047619 0.00909090909090909 0.044444444444444446
2 0.4922077922077922 0.23809523809523808 0.00909090909090909 0.03650793650793651
2 0.4896103896103896 0.21587301587301588 0.006493506493506494 0.031746031746031744
2 0.4818181818181818 0.18253968253968253 0.006493506493506494 0.020634920634920634
2 0.4766233766233766 0.173015873015873 0.005194805194805195 0.023809523809523808
2 0.512987012987013 0.19523809523809524 0.007792207792207792 0.03015873015873016
2 0.5662337662337662 0.30793650793650795 0.005194805194805195 0.02857142857142857
2 0.5597402597402598 0.2857142857142857 0.006493506493506494 0.031746031746031744
2 0.5441558441558442 0.2714285714285714 0.006493506493506494 0.02857142857142857
2 0.5532467532467532 0.2698412698412698 0.006493506493506494 0.031746031746031744
2 0.5467532467532468 0.2523809523809524 0.006493506493506494 0.03015873015873016
2 0.538961038961039 0.2507936507936508 0.007792207792207792 0.03333333333333333
2 0.5805194805194805 0.2507936507936508 0.00909090909090909 0.03333333333333333
2 0.5545454545454546 0.2396825396825397 0.006493506493506494 0.031746031746031744
2 0.5363636363636364 0.23174603174603176 0.006493506493506494 0.02857142857142857
2 0.5272727272727272 0.2222222222222222 0.006493506493506494 0.026984126984126985
2 0.5402597402597402 0.21587301587301588 0.007792207792207792 0.031746031746031744
2 0.5493506493506494 0.21904761904761905 0.006493506493506494 0.031746031746031744
2 0.5194805194805194 0.19523809523809524 0.005194805194805195 0.026984126984126985
2 0.5246753246753246 0.19523809523809524 0.006493506493506494 0.03015873015873016
2 0.5207792207792208 0.17142857142857143 0.005194805194805195 0.023809523809523808
2 0.5324675324675324 0.20476190476190476 0.007792207792207792 0.03492063492063492
2 0.5051948051948052 0.17936507936507937 0.006493506493506494 0.03015873015873016
2 0.4896103896103896 0.19365079365079366 0.006493506493506494 0.022222222222222223
2 0.487012987012987 0.1365079365079365 0.0025974025974025974 0.01746031746031746
2 0.4909090909090909 0.14126984126984127 0.003896103896103896 0.023809523809523808
2 0.4948051948051948 0.13968253968253969 0.0025974025974025974 0.01746031746031746
2 0.4974025974025974 0.15396825396825398 0.003896103896103896 0.020634920634920634
2 0.5064935064935064 0.15714285714285714 0.0025974025974025974 0.01746031746031746
2 0.5012987012987012 0.10634920634920635 0.005194805194805195 0.01746031746031746
2 0.5142857142857142 0.1492063492063492 0.005194805194805195 0.01746031746031746
2 0.5051948051948052 0.1365079365079365 0.006493506493506494 0.01746031746031746
2 0.5311688311688312 0.3253968253968254 0.007792207792207792 0.046031746031746035
2 0.5233766233766234 0.37142857142857144 0.00909090909090909 0.031746031746031744