1 0.5545454545454546 0.9476190476190476 0.1012987012987013 0.10476190476190476
2 0.6311688311688312 0.9507936507936507 0.04155844155844156 0.09682539682539683
2 0.6961038961038961 0.9682539682539683 0.04935064935064935 0.06190476190476191
2 0.7142857142857143 0.9380952380952381 0.03766233766233766 0.1126984126984127
2 0.7610389610389611 0.9095238095238095 0.05454545454545454 0.16031746031746033
2 0.7571428571428571 0.9682539682539683 0.03636363636363636 0.06349206349206349
2 0.6311688311688312 0.8698412698412699 0.03896103896103896 0.13015873015873017
2 0.6805194805194805 0.873015873015873 0.03896103896103896 0.14603174603174604
2 0.7142857142857143 0.8365079365079365 0.03116883116883117 0.13174603174603175
2 0.7233766233766233 0.8031746031746032 0.05194805194805195 0.1126984126984127
2 0.6480519480519481 0.807936507936508 0.03506493506493506 0.13333333333333333
2 0.6766233766233766 0.7698412698412699 0.02857142857142857 0.10317460317460317
2 0.6155844155844156 0.7555555555555555 0.03506493506493506 0.13968253968253969
1 0.6987012987012987 0.665079365079365 0.0987012987012987 0.18888888888888888
2 0.6506493506493507 0.719047619047619 0.02077922077922078 0.1126984126984127
1 0.5506493506493506 0.7936507936507936 0.10519480519480519 0.2492063492063492
2 0.6 0.692063492063492 0.02857142857142857 0.1
2 0.6285714285714286 0.6523809523809524 0.02857142857142857 0.11587301587301588
2 0.5987012987012987 0.6142857142857143 0.033766233766233764 0.07936507936507936
2 0.5961038961038961 0.5746031746031746 0.02987012987012987 0.06190476190476191
1 0.5363636363636364 0.5968253968253968 0.09610389610389611 0.15555555555555556
2 0.5831168831168831 0.546031746031746 0.01948051948051948 0.0761904761904762
1 0.522077922077922 0.4936507936507937 0.053246753246753244 0.0873015873015873
2 0.5753246753246753 0.49523809523809526 0.02077922077922078 0.06666666666666667
2 0.5662337662337662 0.46984126984126984 0.016883116883116882 0.06349206349206349
1 0.522077922077922 0.4301587301587302 0.04155844155844156 0.08571428571428572
2 0.5584415584415584 0.44126984126984126 0.01818181818181818 0.06507936507936508
2 0.4857142857142857 0.49206349206349204 0.01948051948051948 0.10317460317460317
2 0.4844155844155844 0.4396825396825397 0.01818181818181818 0.046031746031746035
1 0.5727272727272728 0.39206349206349206 0.04935064935064935 0.09206349206349207
2 0.5493506493506494 0.4174603174603175 0.02077922077922078 0.06349206349206349
1 0.5103896103896104 0.3825396825396825 0.045454545454545456 0.05714285714285714
2 0.5415584415584416 0.37936507936507935 0.01948051948051948 0.05238095238095238
1 0.8272727272727273 0.8952380952380953 0.12207792207792208 0.20952380952380953
2 0.8064935064935065 0.9825396825396825 0.03636363636363636 0.03492063492063492
2 0.9181818181818182 0.9619047619047619 0.04935064935064935 0.0746031746031746
2 0.9727272727272728 0.9253968253968254 0.045454545454545456 0.1126984126984127
2 0.9805194805194806 0.9698412698412698 0.03636363636363636 0.06031746031746032
2 0.8805194805194805 0.8888888888888888 0.053246753246753244 0.14603174603174604
2 0.8545454545454545 0.8015873015873016 0.04935064935064935 0.12063492063492064
2 0.7480519480519481 0.6968253968253968 0.03636363636363636 0.1365079365079365
2 0.7792207792207793 0.7285714285714285 0.02987012987012987 0.10158730158730159
2 0.7883116883116883 0.7603174603174603 0.02987012987012987 0.0746031746031746
2 0.8168831168831169 0.7507936507936508 0.03766233766233766 0.09841269841269841
2 0.7779220779220779 0.6793650793650794 0.03766233766233766 0.06825396825396825
2 0.7233766233766233 0.6333333333333333 0.025974025974025976 0.08571428571428572
2 0.7519480519480519 0.6301587301587301 0.032467532467532464 0.09841269841269841
2 0.7103896103896103 0.5857142857142857 0.025974025974025976 0.0873015873015873
1 0.6753246753246753 0.5015873015873016 0.06753246753246753 0.12698412698412698
2 0.6948051948051948 0.546031746031746 0.03116883116883117 0.0761904761904762
1 0.6051948051948052 0.45714285714285713 0.05974025974025974 0.11428571428571428
1 0.6428571428571429 0.42857142857142855 0.04935064935064935 0.0873015873015873
1 0.6168831168831169 0.3761904761904762 0.04285714285714286 0.09206349206349207
2 0.6402597402597403 0.38412698412698415 0.015584415584415584 0.031746031746031744
2 0.6363636363636364 0.3682539682539683 0.01038961038961039 0.023809523809523808
2 0.4766233766233766 0.3333333333333333 0.01948051948051948 0.06666666666666667
2 0.4987012987012987 0.346031746031746 0.01818181818181818 0.05238095238095238
3 0.4896103896103896 0.26666666666666666 0.03506493506493506 0.06031746031746032
2 0.474025974025974 0.2634920634920635 0.01038961038961039 0.049206349206349205
2 0.5805194805194805 0.34285714285714286 0.015584415584415584 0.04126984126984127
2 0.6311688311688312 0.3492063492063492 0.014285714285714285 0.03650793650793651
2 0.6168831168831169 0.326984126984127 0.015584415584415584 0.03015873015873016
2 0.6051948051948052 0.31587301587301586 0.016883116883116882 0.025396825396825397
2 0.5714285714285714 0.3142857142857143 0.014285714285714285 0.049206349206349205
2 0.6038961038961039 0.30158730158730157 0.015584415584415584 0.02857142857142857
3 0.5415584415584416 0.30158730158730157 0.04935064935064935 0.10634920634920635
2 0.561038961038961 0.2761904761904762 0.01038961038961039 0.031746031746031744
2 0.5727272727272728 0.29365079365079366 0.01038961038961039 0.026984126984126985
2 0.5727272727272728 0.2841269841269841 0.011688311688311689 0.023809523809523808
2 0.5961038961038961 0.2857142857142857 0.00909090909090909 0.023809523809523808
1 0.6363636363636364 0.5396825396825397 0.07012987012987013 0.15714285714285714
2 0.574025974025974 0.2619047619047619 0.007792207792207792 0.025396825396825397
2 0.5818181818181818 0.26666666666666666 0.006493506493506494 0.023809523809523808
2 0.5727272727272728 0.24761904761904763 0.00909090909090909 0.015873015873015872
1 0.5584415584415584 0.25873015873015875 0.024675324675324677 0.04285714285714286
2 0.5571428571428572 0.23174603174603176 0.00909090909090909 0.020634920634920634
2 0.5636363636363636 0.23492063492063492 0.01038961038961039 0.022222222222222223
2 0.5701298701298702 0.23492063492063492 0.00909090909090909 0.01746031746031746
2 0.5155844155844156 0.22063492063492063 0.007792207792207792 0.03650793650793651
2 0.522077922077922 0.22063492063492063 0.007792207792207792 0.03492063492063492
1 0.5207792207792208 0.25873015873015875 0.03506493506493506 0.050793650793650794
2 0.5298701298701298 0.23015873015873015 0.01038961038961039 0.03650793650793651
1 0.535064935064935 0.2111111111111111 0.016883116883116882 0.031746031746031744
1 0.5428571428571428 0.23492063492063492 0.023376623376623377 0.04285714285714286
2 0.5337662337662338 0.21587301587301588 0.007792207792207792 0.020634920634920634
2 0.4857142857142857 0.22857142857142856 0.00909090909090909 0.02857142857142857
2 0.4844155844155844 0.2111111111111111 0.007792207792207792 0.01746031746031746
1 0.4688311688311688 0.23492063492063492 0.03116883116883117 0.049206349206349205
1 0.4701298701298701 0.20793650793650795 0.01818181818181818 0.02857142857142857
2 0.4792207792207792 0.1984126984126984 0.00909090909090909 0.025396825396825397
1 0.4961038961038961 0.19365079365079366 0.014285714285714285 0.014285714285714285
2 0.5064935064935064 0.18571428571428572 0.00909090909090909 0.023809523809523808
2 0.45064935064935063 0.15714285714285714 0.006493506493506494 0.023809523809523808
2 0.45324675324675323 0.1492063492063492 0.006493506493506494 0.011111111111111112
2 0.5415584415584416 0.2 0.007792207792207792 0.015873015873015872
2 0.5506493506493506 0.21587301587301588 0.012987012987012988 0.01746031746031746
1 0.5194805194805194 0.19047619047619047 0.015584415584415584 0.03015873015873016
2 0.522077922077922 0.16825396825396827 0.007792207792207792 0.015873015873015872
2 0.525974025974026 0.18095238095238095 0.006493506493506494 0.01746031746031746
2 0.5337662337662338 0.1873015873015873 0.007792207792207792 0.01904761904761905
1 0.4961038961038961 0.30317460317460315 0.03116883116883117 0.06031746031746032
1 0.5025974025974026 0.22857142857142856 0.024675324675324677 0.03968253968253968
1 0.5 0.20634920634920634 0.01948051948051948 0.01746031746031746
1 0.4636363636363636 0.18888888888888888 0.016883116883116882 0.025396825396825397
1 0.4636363636363636 0.16984126984126985 0.014285714285714285 0.01746031746031746
2 0.4727272727272727 0.17142857142857143 0.01038961038961039 0.025396825396825397
1 0.4831168831168831 0.17142857142857143 0.011688311688311689 0.025396825396825397
2 0.4805194805194805 0.17777777777777778 0.007792207792207792 0.023809523809523808
1 0.4909090909090909 0.1746031746031746 0.015584415584415584 0.020634920634920634
2 0.4909090909090909 0.17777777777777778 0.00909090909090909 0.009523809523809525
1 0.461038961038961 0.1523809523809524 0.011688311688311689 0.023809523809523808
2 0.4688311688311688 0.15555555555555556 0.005194805194805195 0.01904761904761905
2 0.4779220779220779 0.15396825396825398 0.007792207792207792 0.014285714285714285
2 0.4922077922077922 0.1634920634920635 0.006493506493506494 0.014285714285714285
2 0.5 0.17777777777777778 0.005194805194805195 0.015873015873015872
1 0.4818181818181818 0.13333333333333333 0.011688311688311689 0.01904761904761905
1 0.4779220779220779 0.12857142857142856 0.007792207792207792 0.020634920634920634
1 0.4857142857142857 0.1492063492063492 0.011688311688311689 0.020634920634920634
2 0.4896103896103896 0.13333333333333333 0.003896103896103896 0.015873015873015872
1 0.4922077922077922 0.15396825396825398 0.012987012987012988 0.011111111111111112
2 0.4987012987012987 0.15079365079365079 0.006493506493506494 0.01904761904761905
1 0.5077922077922078 0.17142857142857143 0.012987012987012988 0.022222222222222223
1 0.5116883116883116 0.15714285714285714 0.015584415584415584 0.022222222222222223
2 0.5181818181818182 0.1523809523809524 0.005194805194805195 0.01904761904761905
1 0.5012987012987012 0.13968253968253969 0.012987012987012988 0.020634920634920634
2 0.5103896103896104 0.13968253968253969 0.005194805194805195 0.015873015873015872
1 0.4584415584415584 0.1365079365079365 0.015584415584415584 0.015873015873015872
1 0.4623376623376623 0.12698412698412698 0.011688311688311689 0.012698412698412698
2 0.4688311688311688 0.12857142857142856 0.005194805194805195 0.020634920634920634
1 0.5012987012987012 0.1253968253968254 0.00909090909090909 0.009523809523809525
2 0.5116883116883116 0.11904761904761904 0.005194805194805195 0.01904761904761905
2 0.4922077922077922 0.11746031746031746 0.006493506493506494 0.01746031746031746
1 0.4649350649350649 0.11428571428571428 0.00909090909090909 0.015873015873015872
1 0.4701298701298701 0.10476190476190476 0.00909090909090909 0.014285714285714285
1 0.4805194805194805 0.11587301587301588 0.00909090909090909 0.007936507936507936
1 0.4779220779220779 0.10317460317460317 0.007792207792207792 0.012698412698412698
1 0.4831168831168831 0.10793650793650794 0.00909090909090909 0.011111111111111112
1 0.4857142857142857 0.09682539682539683 0.007792207792207792 0.007936507936507936
1 0.4909090909090909 0.09206349206349207 0.007792207792207792 0.009523809523809525
1 0.4948051948051948 0.10317460317460317 0.005194805194805195 0.012698412698412698
1 0.4961038961038961 0.09365079365079365 0.006493506493506494 0.012698412698412698
1 0.5 0.10476190476190476 0.00909090909090909 0.01746031746031746
1 0.5051948051948052 0.09523809523809523 0.00909090909090909 0.014285714285714285
1 0.5935064935064935 0.326984126984127 0.025974025974025976 0.05873015873015873
1 0.5298701298701298 0.26825396825396824 0.024675324675324677 0.0380952380952381
1 0.5597402597402598 0.3476190476190476 0.032467532467532464 0.05555555555555555