2 0.6844155844155844 0.6333333333333333 0.02727272727272727 0.12063492063492064
2 0.6545454545454545 0.5857142857142857 0.02727272727272727 0.10317460317460317
2 0.7038961038961039 0.5793650793650794 0.02987012987012987 0.1111111111111111
2 0.5961038961038961 0.4095238095238095 0.01948051948051948 0.0761904761904762
2 0.587012987012987 0.3349206349206349 0.016883116883116882 0.06349206349206349
2 0.5142857142857142 0.25555555555555554 0.014285714285714285 0.050793650793650794
2 0.5207792207792208 0.21904761904761905 0.00909090909090909 0.04126984126984127
2 0.4662337662337662 0.16507936507936508 0.01038961038961039 0.02857142857142857
2 0.44545454545454544 0.1365079365079365 0.00909090909090909 0.025396825396825397
2 0.4766233766233766 0.12380952380952381 0.007792207792207792 0.022222222222222223
2 0.43636363636363634 0.13333333333333333 0.007792207792207792 0.022222222222222223
2 0.43636363636363634 0.11746031746031746 0.006493506493506494 0.014285714285714285
2 0.43506493506493504 0.10952380952380952 0.00909090909090909 0.015873015873015872
2 0.4701298701298701 0.08571428571428572 0.006493506493506494 0.015873015873015872
2 0.474025974025974 0.08571428571428572 0.0025974025974025974 0.022222222222222223
2 0.4779220779220779 0.07936507936507936 0.005194805194805195 0.012698412698412698
1 0.7155844155844155 0.8952380952380953 0.13766233766233765 0.20952380952380953
1 0.6233766233766234 0.6333333333333333 0.08961038961038961 0.19365079365079366
1 0.5025974025974026 0.573015873015873 0.06493506493506493 0.1492063492063492
1 0.577922077922078 0.4857142857142857 0.06233766233766234 0.14126984126984127
1 0.4935064935064935 0.45555555555555555 0.05194805194805195 0.10476190476190476
1 0.5428571428571428 0.38412698412698415 0.048051948051948054 0.09047619047619047
1 0.474025974025974 0.35873015873015873 0.05064935064935065 0.09206349206349207
1 0.4597402597402597 0.1365079365079365 0.02207792207792208 0.03650793650793651
1 0.44805194805194803 0.10317460317460317 0.014285714285714285 0.015873015873015872
1 0.4636363636363636 0.10158730158730159 0.011688311688311689 0.022222222222222223
1 0.4584415584415584 0.08412698412698413 0.011688311688311689 0.020634920634920634
1 0.43896103896103894 0.09206349206349207 0.014285714285714285 0.022222222222222223