2 0.9623376623376624 0.9111111111111111 0.05064935064935065 0.1619047619047619
2 0.9194805194805195 0.9111111111111111 0.05194805194805195 0.17777777777777778
2 0.8571428571428571 0.8365079365079365 0.04155844155844156 0.15396825396825398
2 0.8753246753246753 0.7444444444444445 0.04155844155844156 0.12222222222222222
2 0.8337662337662337 0.7412698412698413 0.04415584415584416 0.14603174603174604
2 0.8454545454545455 0.6507936507936508 0.03506493506493506 0.11587301587301588
2 0.7896103896103897 0.6095238095238096 0.032467532467532464 0.10952380952380952
2 0.7909090909090909 0.5523809523809524 0.03636363636363636 0.08888888888888889
2 0.7545454545454545 0.49682539682539684 0.03116883116883117 0.1
2 0.7220779220779221 0.44126984126984126 0.023376623376623377 0.0746031746031746
2 0.625974025974026 0.7777777777777778 0.03636363636363636 0.14444444444444443
2 0.6766233766233766 0.7492063492063492 0.02987012987012987 0.15555555555555556
2 0.6467532467532467 0.6857142857142857 0.02727272727272727 0.12063492063492064
2 0.6987012987012987 0.6619047619047619 0.03896103896103896 0.1349206349206349
2 0.6272727272727273 0.6031746031746031 0.03116883116883117 0.10952380952380952
2 0.6571428571428571 0.5476190476190477 0.025974025974025976 0.09523809523809523
2 0.6675324675324675 0.4888888888888889 0.023376623376623377 0.08412698412698413
2 0.6597402597402597 0.4380952380952381 0.02207792207792208 0.07142857142857142
2 0.6454545454545455 0.4 0.01818181818181818 0.06825396825396825
2 0.6363636363636364 0.3603174603174603 0.02077922077922078 0.05396825396825397
2 0.6350649350649351 0.32222222222222224 0.01818181818181818 0.044444444444444446
2 0.6246753246753247 0.2968253968253968 0.015584415584415584 0.049206349206349205
2 0.6883116883116883 0.2523809523809524 0.01948051948051948 0.022222222222222223
2 0.6103896103896104 0.2396825396825397 0.014285714285714285 0.047619047619047616
2 0.5636363636363636 0.20317460317460317 0.007792207792207792 0.03650793650793651
2 0.564935064935065 0.18253968253968253 0.007792207792207792 0.022222222222222223
2 0.5662337662337662 0.173015873015873 0.00909090909090909 0.031746031746031744
2 0.5831168831168831 0.17142857142857143 0.006493506493506494 0.015873015873015872
2 0.625974025974026 0.19365079365079366 0.012987012987012988 0.022222222222222223
2 0.6298701298701299 0.1873015873015873 0.007792207792207792 0.022222222222222223
2 0.6376623376623377 0.17777777777777778 0.01038961038961039 0.022222222222222223
2 0.6506493506493507 0.19047619047619047 0.007792207792207792 0.015873015873015872
2 0.6415584415584416 0.1984126984126984 0.011688311688311689 0.020634920634920634
2 0.6480519480519481 0.17142857142857143 0.007792207792207792 0.015873015873015872
2 0.6337662337662338 0.15714285714285714 0.015584415584415584 0.01746031746031746
2 0.6207792207792208 0.1365079365079365 0.01038961038961039 0.014285714285714285
2 0.6155844155844156 0.13333333333333333 0.007792207792207792 0.01904761904761905
2 0.612987012987013 0.11904761904761904 0.007792207792207792 0.01904761904761905
2 0.5974025974025974 0.1111111111111111 0.007792207792207792 0.01904761904761905
2 0.6012987012987013 0.09206349206349207 0.005194805194805195 0.01746031746031746
2 0.6077922077922078 0.09365079365079365 0.006493506493506494 0.012698412698412698
2 0.6142857142857143 0.09047619047619047 0.00909090909090909 0.012698412698412698
1 0.6935064935064935 0.9238095238095239 0.09740259740259741 0.15079365079365079
1 0.7792207792207793 0.8 0.11298701298701298 0.26825396825396824
1 0.7298701298701299 0.5396825396825397 0.06623376623376623 0.14444444444444443
1 0.6220779220779221 0.4492063492063492 0.04935064935064935 0.10317460317460317
1 0.6012987012987013 0.36507936507936506 0.03636363636363636 0.07301587301587302
1 0.6506493506493507 0.28888888888888886 0.02857142857142857 0.06507936507936508
1 0.6298701298701299 0.23015873015873015 0.023376623376623377 0.05714285714285714
1 0.6558441558441559 0.22698412698412698 0.024675324675324677 0.03650793650793651
1 0.5818181818181818 0.20317460317460317 0.023376623376623377 0.022222222222222223
1 0.5844155844155844 0.18412698412698414 0.01818181818181818 0.025396825396825397
1 0.577922077922078 0.15079365079365079 0.014285714285714285 0.03650793650793651
1 0.5753246753246753 0.12857142857142856 0.01948051948051948 0.022222222222222223
1 0.5844155844155844 0.09523809523809523 0.016883116883116882 0.015873015873015872
1 0.6038961038961039 0.07777777777777778 0.00909090909090909 0.022222222222222223
1 0.6012987012987013 0.173015873015873 0.015584415584415584 0.026984126984126985
3 0.6883116883116883 0.3492063492063492 0.05974025974025974 0.19206349206349208
3 0.5987012987012987 0.30158730158730157 0.04155844155844156 0.0873015873015873
3 0.5896103896103896 0.2507936507936508 0.04155844155844156 0.07142857142857142
3 0.6103896103896104 0.19523809523809524 0.01948051948051948 0.03650793650793651
3 0.6012987012987013 0.14126984126984127 0.023376623376623377 0.04126984126984127
1 0.625974025974026 0.1619047619047619 0.016883116883116882 0.02857142857142857