2 0.6493506493506493 0.9793650793650793 0.03506493506493506 0.04126984126984127
2 0.6701298701298701 0.9571428571428572 0.05194805194805195 0.08571428571428572
2 0.6714285714285714 0.9158730158730158 0.05454545454545454 0.16825396825396827
2 0.7285714285714285 0.9174603174603174 0.053246753246753244 0.16507936507936508
2 0.8025974025974026 0.9428571428571428 0.053246753246753244 0.1126984126984127
2 0.7883116883116883 0.8555555555555555 0.046753246753246755 0.12063492063492064
2 0.6207792207792208 0.8285714285714286 0.04025974025974026 0.14603174603174604
2 0.6597402597402597 0.7873015873015873 0.04025974025974026 0.11904761904761904
2 0.7220779220779221 0.7555555555555555 0.04415584415584416 0.13174603174603175
2 0.6597402597402597 0.7111111111111111 0.045454545454545456 0.12857142857142856
2 0.6831168831168831 0.6857142857142857 0.02987012987012987 0.12698412698412698
2 0.7181818181818181 0.6634920634920635 0.04025974025974026 0.11904761904761904
2 0.7623376623376623 0.6730158730158731 0.03766233766233766 0.09682539682539683
2 0.5857142857142857 0.7523809523809524 0.03506493506493506 0.11428571428571428
2 0.512987012987013 0.7333333333333333 0.02857142857142857 0.1111111111111111
2 0.5324675324675324 0.6666666666666666 0.03506493506493506 0.11587301587301588
2 0.5662337662337662 0.6746031746031746 0.02987012987012987 0.11904761904761904
2 0.5753246753246753 0.6015873015873016 0.025974025974025976 0.11428571428571428
2 0.538961038961039 0.6063492063492063 0.025974025974025976 0.08571428571428572
2 0.5012987012987012 0.5952380952380952 0.025974025974025976 0.10476190476190476
2 0.6662337662337663 0.5253968253968254 0.02857142857142857 0.0761904761904762
2 0.6779220779220779 0.4936507936507937 0.024675324675324677 0.06825396825396825
2 0.6779220779220779 0.4603174603174603 0.02857142857142857 0.0746031746031746
2 0.6545454545454545 0.49206349206349204 0.024675324675324677 0.07301587301587302
2 0.6350649350649351 0.4936507936507937 0.025974025974025976 0.06984126984126984
2 0.5493506493506494 0.5650793650793651 0.02727272727272727 0.09206349206349207
2 0.5324675324675324 0.5206349206349207 0.024675324675324677 0.11428571428571428
2 0.5571428571428572 0.5031746031746032 0.02857142857142857 0.08571428571428572
2 0.6220779220779221 0.4523809523809524 0.02077922077922078 0.06507936507936508
2 0.6051948051948052 0.46190476190476193 0.016883116883116882 0.04285714285714286
2 0.6064935064935065 0.4301587301587302 0.023376623376623377 0.06190476190476191
2 0.6493506493506493 0.44285714285714284 0.015584415584415584 0.06984126984126984
2 0.6272727272727273 0.4222222222222222 0.024675324675324677 0.06349206349206349
2 0.6025974025974026 0.3968253968253968 0.02077922077922078 0.05238095238095238
2 0.5974025974025974 0.36666666666666664 0.016883116883116882 0.047619047619047616
2 0.5324675324675324 0.3825396825396825 0.016883116883116882 0.05555555555555555
2 0.4753246753246753 0.35079365079365077 0.014285714285714285 0.050793650793650794
2 0.5116883116883116 0.346031746031746 0.012987012987012988 0.050793650793650794
2 0.5246753246753246 0.346031746031746 0.007792207792207792 0.044444444444444446
2 0.5415584415584416 0.35873015873015873 0.015584415584415584 0.05555555555555555
2 0.5337662337662338 0.32857142857142857 0.011688311688311689 0.046031746031746035
2 0.564935064935065 0.353968253968254 0.016883116883116882 0.03492063492063492
2 0.577922077922078 0.3523809523809524 0.014285714285714285 0.05238095238095238
2 0.5688311688311688 0.3238095238095238 0.015584415584415584 0.04285714285714286
2 0.574025974025974 0.3142857142857143 0.014285714285714285 0.03968253968253968
2 0.587012987012987 0.30317460317460315 0.012987012987012988 0.044444444444444446
2 0.5207792207792208 0.30793650793650795 0.015584415584415584 0.0380952380952381
2 0.5168831168831168 0.28888888888888886 0.014285714285714285 0.03650793650793651
2 0.5246753246753246 0.26825396825396824 0.01038961038961039 0.03650793650793651
2 0.5077922077922078 0.2650793650793651 0.014285714285714285 0.04285714285714286
2 0.551948051948052 0.2777777777777778 0.01038961038961039 0.031746031746031744
2 0.5662337662337662 0.2857142857142857 0.011688311688311689 0.02857142857142857
2 0.5831168831168831 0.27936507936507937 0.014285714285714285 0.023809523809523808
2 0.4597402597402597 0.22857142857142856 0.012987012987012988 0.0380952380952381
1 0.5571428571428572 0.8714285714285714 0.11298701298701298 0.2571428571428571
2 0.5402597402597402 0.25555555555555554 0.00909090909090909 0.025396825396825397
2 0.4948051948051948 0.2365079365079365 0.01038961038961039 0.03333333333333333
2 0.4857142857142857 0.22063492063492063 0.00909090909090909 0.03333333333333333
2 0.4961038961038961 0.21746031746031746 0.01038961038961039 0.031746031746031744
2 0.5077922077922078 0.2253968253968254 0.01038961038961039 0.03492063492063492
2 0.5116883116883116 0.2126984126984127 0.00909090909090909 0.03650793650793651
2 0.5233766233766234 0.2396825396825397 0.01038961038961039 0.02857142857142857
2 0.5363636363636364 0.24444444444444444 0.00909090909090909 0.031746031746031744
2 0.5506493506493506 0.25396825396825395 0.007792207792207792 0.03015873015873016
2 0.522077922077922 0.2126984126984127 0.012987012987012988 0.03015873015873016
2 0.5454545454545454 0.20476190476190476 0.006493506493506494 0.03015873015873016
2 0.5454545454545454 0.2365079365079365 0.01038961038961039 0.023809523809523808
2 0.5558441558441558 0.23809523809523808 0.006493506493506494 0.022222222222222223
2 0.5311688311688312 0.19365079365079366 0.007792207792207792 0.03015873015873016
2 0.5103896103896104 0.18095238095238095 0.007792207792207792 0.023809523809523808
2 0.4805194805194805 0.20476190476190476 0.00909090909090909 0.022222222222222223
2 0.4792207792207792 0.18571428571428572 0.007792207792207792 0.020634920634920634
2 0.4883116883116883 0.18253968253968253 0.007792207792207792 0.022222222222222223
2 0.5233766233766234 0.18412698412698414 0.01038961038961039 0.03333333333333333
2 0.5168831168831168 0.16031746031746033 0.007792207792207792 0.026984126984126985
2 0.5051948051948052 0.15714285714285714 0.005194805194805195 0.01746031746031746
2 0.509090909090909 0.16666666666666666 0.006493506493506494 0.01746031746031746
2 0.4974025974025974 0.15873015873015872 0.00909090909090909 0.025396825396825397
2 0.4883116883116883 0.16031746031746033 0.005194805194805195 0.022222222222222223
2 0.4779220779220779 0.16507936507936508 0.007792207792207792 0.020634920634920634
2 0.509090909090909 0.13968253968253969 0.007792207792207792 0.01904761904761905
2 0.4987012987012987 0.14285714285714285 0.01038961038961039 0.01904761904761905
2 0.8025974025974026 0.7857142857142857 0.09350649350649351 0.23333333333333334
1 0.6181818181818182 0.5444444444444444 0.07532467532467532 0.1492063492063492
1 0.5662337662337662 0.4158730158730159 0.04935064935064935 0.11746031746031746
1 0.5025974025974026 0.3904761904761905 0.04155844155844156 0.09523809523809523
1 0.6051948051948052 0.3396825396825397 0.033766233766233764 0.06984126984126984
1 0.5428571428571428 0.2904761904761905 0.025974025974025976 0.06031746031746032
1 0.4974025974025974 0.319047619047619 0.03896103896103896 0.06507936507936508
1 0.4909090909090909 0.2714285714285714 0.02857142857142857 0.05555555555555555
1 0.4779220779220779 0.24761904761904763 0.02727272727272727 0.05238095238095238
1 0.5064935064935064 0.19365079365079366 0.02727272727272727 0.050793650793650794
1 0.4649350649350649 0.20793650793650795 0.02077922077922078 0.03015873015873016
1 0.4662337662337662 0.18253968253968253 0.02077922077922078 0.022222222222222223
1 0.4844155844155844 0.14126984126984127 0.012987012987012988 0.03015873015873016
1 0.474025974025974 0.10793650793650794 0.00909090909090909 0.01904761904761905
0 0.4636363636363636 0.12857142857142856 0.02077922077922078 0.06190476190476191
0 0.4948051948051948 0.11428571428571428 0.02207792207792208 0.044444444444444446
0 0.4779220779220779 0.09047619047619047 0.01948051948051948 0.01746031746031746
0 0.5051948051948052 0.08095238095238096 0.011688311688311689 0.022222222222222223