2 0.8922077922077922 0.9634920634920635 0.03766233766233766 0.07142857142857142
1 0.7805194805194805 0.9523809523809523 0.09610389610389611 0.09523809523809523
2 0.8350649350649351 0.946031746031746 0.04025974025974026 0.10634920634920635
2 0.8311688311688312 0.8841269841269841 0.04155844155844156 0.09841269841269841
2 0.7649350649350649 0.8523809523809524 0.03766233766233766 0.10952380952380952
2 0.6935064935064935 0.946031746031746 0.04025974025974026 0.10793650793650794
2 0.7961038961038961 0.8380952380952381 0.02207792207792208 0.1349206349206349
2 0.7935064935064935 0.7333333333333333 0.03636363636363636 0.11904761904761904
2 0.7545454545454545 0.7587301587301587 0.033766233766233764 0.11587301587301588
1 0.6727272727272727 0.7714285714285715 0.1 0.23015873015873015
2 0.7103896103896103 0.7285714285714285 0.01948051948051948 0.10317460317460317
2 0.6896103896103896 0.6476190476190476 0.02727272727272727 0.0873015873015873
2 0.7259740259740259 0.6968253968253968 0.01818181818181818 0.10158730158730159
2 0.7363636363636363 0.653968253968254 0.03506493506493506 0.09682539682539683
1 0.7181818181818181 0.5746031746031746 0.07662337662337662 0.16666666666666666
2 0.6935064935064935 0.6015873015873016 0.01818181818181818 0.03650793650793651
2 0.7116883116883117 0.4873015873015873 0.024675324675324677 0.04126984126984127
2 0.6792207792207792 0.5158730158730159 0.02207792207792208 0.08571428571428572
2 0.6857142857142857 0.4793650793650794 0.02207792207792208 0.049206349206349205
1 0.6324675324675325 0.4936507936507937 0.06883116883116883 0.12063492063492064
2 0.6623376623376623 0.48095238095238096 0.02077922077922078 0.06984126984126984
2 0.4974025974025974 0.4936507936507937 0.01818181818181818 0.08253968253968254
2 0.4857142857142857 0.4507936507936508 0.024675324675324677 0.06666666666666667
1 0.564935064935065 0.4777777777777778 0.05064935064935065 0.10158730158730159
2 0.5974025974025974 0.4666666666666667 0.016883116883116882 0.0873015873015873
1 0.5922077922077922 0.3904761904761905 0.03896103896103896 0.08095238095238096
2 0.6025974025974026 0.42063492063492064 0.011688311688311689 0.0380952380952381
2 0.5792207792207792 0.4238095238095238 0.015584415584415584 0.049206349206349205
2 0.5545454545454546 0.40634920634920635 0.016883116883116882 0.026984126984126985
2 0.5571428571428572 0.3873015873015873 0.016883116883116882 0.02857142857142857
2 0.551948051948052 0.3746031746031746 0.011688311688311689 0.03492063492063492
1 0.5636363636363636 0.34285714285714286 0.03636363636363636 0.06666666666666667
2 0.5493506493506494 0.353968253968254 0.014285714285714285 0.020634920634920634
2 0.4831168831168831 0.3825396825396825 0.016883116883116882 0.05396825396825397
1 0.4987012987012987 0.3380952380952381 0.033766233766233764 0.05555555555555555
2 0.4883116883116883 0.35714285714285715 0.012987012987012988 0.0380952380952381
1 0.6493506493506493 0.4380952380952381 0.05584415584415584 0.07301587301587302
2 0.6428571428571429 0.3873015873015873 0.011688311688311689 0.03015873015873016
2 0.6402597402597403 0.36984126984126986 0.014285714285714285 0.03650793650793651
2 0.6181818181818182 0.3746031746031746 0.01038961038961039 0.046031746031746035
2 0.6246753246753247 0.3888888888888889 0.011688311688311689 0.031746031746031744
2 0.6324675324675325 0.35873015873015873 0.016883116883116882 0.03650793650793651
2 0.6116883116883117 0.346031746031746 0.01038961038961039 0.044444444444444446
2 0.6194805194805195 0.32857142857142857 0.01038961038961039 0.02857142857142857
2 0.5701298701298702 0.3603174603174603 0.011688311688311689 0.04285714285714286
2 0.5948051948051948 0.35555555555555557 0.015584415584415584 0.03015873015873016
2 0.5818181818181818 0.33174603174603173 0.011688311688311689 0.046031746031746035
2 0.5948051948051948 0.3238095238095238 0.01038961038961039 0.03492063492063492
2 0.6103896103896104 0.30952380952380953 0.011688311688311689 0.03015873015873016
2 0.6 0.30317460317460315 0.01038961038961039 0.02857142857142857
2 0.5883116883116883 0.2777777777777778 0.01038961038961039 0.031746031746031744
2 0.5935064935064935 0.2841269841269841 0.006493506493506494 0.03015873015873016
2 0.5818181818181818 0.30158730158730157 0.007792207792207792 0.023809523809523808
2 0.5701298701298702 0.30793650793650795 0.00909090909090909 0.020634920634920634
2 0.5597402597402598 0.28888888888888886 0.01038961038961039 0.026984126984126985
1 0.5415584415584416 0.30317460317460315 0.02727272727272727 0.05555555555555555
2 0.538961038961039 0.26825396825396824 0.006493506493506494 0.023809523809523808
2 0.5506493506493506 0.26825396825396824 0.01038961038961039 0.02857142857142857
1 0.4948051948051948 0.2873015873015873 0.02987012987012987 0.05555555555555555
2 0.5038961038961038 0.2650793650793651 0.00909090909090909 0.03015873015873016
2 0.5233766233766234 0.3253968253968254 0.00909090909090909 0.03333333333333333
2 0.5181818181818182 0.30952380952380953 0.01038961038961039 0.03492063492063492
2 0.525974025974026 0.28095238095238095 0.011688311688311689 0.02857142857142857
2 0.5142857142857142 0.28888888888888886 0.00909090909090909 0.04126984126984127
2 0.5194805194805194 0.2571428571428571 0.007792207792207792 0.025396825396825397
2 0.5077922077922078 0.24285714285714285 0.01038961038961039 0.025396825396825397
1 0.4779220779220779 0.26666666666666666 0.025974025974025976 0.03015873015873016
2 0.4675324675324675 0.25873015873015875 0.01038961038961039 0.03968253968253968
1 0.4844155844155844 0.21428571428571427 0.02077922077922078 0.025396825396825397
2 0.4935064935064935 0.21428571428571427 0.006493506493506494 0.03015873015873016
2 0.5831168831168831 0.2571428571428571 0.006493506493506494 0.022222222222222223
1 0.5675324675324676 0.2634920634920635 0.024675324675324677 0.046031746031746035
2 0.5753246753246753 0.23809523809523808 0.007792207792207792 0.025396825396825397
1 0.5506493506493506 0.23174603174603176 0.01818181818181818 0.03650793650793651
2 0.5623376623376624 0.22698412698412698 0.006493506493506494 0.020634920634920634
2 0.5467532467532468 0.2492063492063492 0.005194805194805195 0.01746031746031746
1 0.5311688311688312 0.18888888888888888 0.015584415584415584 0.026984126984126985
3 0.5285714285714286 0.23174603174603176 0.02987012987012987 0.05873015873015873
2 0.5402597402597402 0.1984126984126984 0.007792207792207792 0.012698412698412698
1 0.5103896103896104 0.2222222222222222 0.007792207792207792 0.025396825396825397
2 0.5298701298701298 0.19682539682539682 0.006493506493506494 0.007936507936507936
2 0.4922077922077922 0.20634920634920634 0.005194805194805195 0.03015873015873016
2 0.4896103896103896 0.19047619047619047 0.006493506493506494 0.022222222222222223
2 0.4844155844155844 0.173015873015873 0.006493506493506494 0.01904761904761905
1 0.5077922077922078 0.2126984126984127 0.015584415584415584 0.03015873015873016
1 0.5077922077922078 0.1984126984126984 0.012987012987012988 0.014285714285714285
2 0.5181818181818182 0.1873015873015873 0.007792207792207792 0.03015873015873016
1 0.5 0.18888888888888888 0.015584415584415584 0.01746031746031746
1 0.5 0.1746031746031746 0.012987012987012988 0.020634920634920634
2 0.512987012987013 0.16825396825396827 0.005194805194805195 0.020634920634920634
2 0.548051948051948 0.1984126984126984 0.005194805194805195 0.012698412698412698
2 0.5064935064935064 0.16031746031746033 0.005194805194805195 0.01746031746031746
2 0.512987012987013 0.15714285714285714 0.0025974025974025974 0.014285714285714285
1 0.522077922077922 0.16984126984126985 0.01038961038961039 0.014285714285714285
2 0.5181818181818182 0.15714285714285714 0.0025974025974025974 0.006349206349206349
2 0.5246753246753246 0.15873015873015872 0.0025974025974025974 0.004761904761904762
2 0.509090909090909 0.14444444444444443 0.003896103896103896 0.012698412698412698
2 0.5155844155844156 0.14444444444444443 0.003896103896103896 0.011111111111111112
3 0.4948051948051948 0.14761904761904762 0.01818181818181818 0.03333333333333333
2 0.5025974025974026 0.13015873015873017 0.003896103896103896 0.012698412698412698
2 0.5077922077922078 0.13174603174603175 0.005194805194805195 0.011111111111111112
2 0.5077922077922078 0.12063492063492064 0.0025974025974025974 0.011111111111111112
1 0.4987012987012987 0.12063492063492064 0.00909090909090909 0.012698412698412698
2 0.5038961038961038 0.1126984126984127 0.0025974025974025974 0.009523809523809525
3 0.4688311688311688 0.173015873015873 0.03116883116883117 0.09047619047619047
2 0.4701298701298701 0.11904761904761904 0.006493506493506494 0.01904761904761905
2 0.4896103896103896 0.1111111111111111 0.003896103896103896 0.012698412698412698
1 0.5051948051948052 0.09841269841269841 0.007792207792207792 0.011111111111111112
1 0.4974025974025974 0.10793650793650794 0.007792207792207792 0.014285714285714285
1 0.4974025974025974 0.09841269841269841 0.006493506493506494 0.009523809523809525
1 0.4896103896103896 0.1 0.007792207792207792 0.009523809523809525
1 0.4818181818181818 0.1126984126984127 0.007792207792207792 0.012698412698412698
1 0.4857142857142857 0.13174603174603175 0.011688311688311689 0.011111111111111112
1 0.4831168831168831 0.12380952380952381 0.011688311688311689 0.012698412698412698
1 0.4779220779220779 0.23174603174603176 0.02727272727272727 0.03492063492063492
1 0.4857142857142857 0.24603174603174602 0.025974025974025976 0.02857142857142857
1 0.5272727272727272 0.3761904761904762 0.04285714285714286 0.08412698412698413
1 0.509090909090909 0.4174603174603175 0.04025974025974026 0.09523809523809523
1 0.5272727272727272 0.5126984126984127 0.05974025974025974 0.13015873015873017
1 0.638961038961039 0.6015873015873016 0.08311688311688312 0.16825396825396827
1 0.5545454545454546 0.6904761904761905 0.06493506493506493 0.15079365079365079
1 0.548051948051948 0.6047619047619047 0.06753246753246753 0.14444444444444443
1 0.5662337662337662 0.8857142857142857 0.09220779220779221 0.22857142857142856