2 0.538961038961039 0.9142857142857143 0.06493506493506493 0.17142857142857143
2 0.5883116883116883 0.8507936507936508 0.05584415584415584 0.1619047619047619
2 0.7389610389610389 0.6079365079365079 0.04025974025974026 0.13333333333333333
2 0.7740259740259741 0.7158730158730159 0.025974025974025976 0.050793650793650794
2 0.6961038961038961 0.6174603174603175 0.046753246753246755 0.07936507936507936
2 0.6805194805194805 0.5603174603174603 0.023376623376623377 0.08888888888888889
2 0.6948051948051948 0.5222222222222223 0.02987012987012987 0.10317460317460317
2 0.6532467532467533 0.5174603174603175 0.01948051948051948 0.0873015873015873
2 0.638961038961039 0.46984126984126984 0.01948051948051948 0.08253968253968254
2 0.6662337662337663 0.5015873015873016 0.02077922077922078 0.07777777777777778
2 0.6623376623376623 0.44126984126984126 0.01818181818181818 0.06507936507936508
2 0.6285714285714286 0.4301587301587302 0.01818181818181818 0.0761904761904762
2 0.6506493506493507 0.4158730158730159 0.01818181818181818 0.07936507936507936
2 0.5961038961038961 0.38571428571428573 0.01948051948051948 0.06349206349206349
2 0.587012987012987 0.3603174603174603 0.015584415584415584 0.05396825396825397
2 0.612987012987013 0.3825396825396825 0.012987012987012988 0.06349206349206349
2 0.6350649350649351 0.37777777777777777 0.015584415584415584 0.06349206349206349
2 0.6272727272727273 0.35555555555555557 0.015584415584415584 0.06031746031746032
2 0.6155844155844156 0.33015873015873015 0.016883116883116882 0.046031746031746035
2 0.6038961038961039 0.34285714285714286 0.011688311688311689 0.04285714285714286
2 0.4805194805194805 0.36666666666666664 0.016883116883116882 0.06666666666666667
2 0.4792207792207792 0.2619047619047619 0.012987012987012988 0.022222222222222223
2 0.5792207792207792 0.32063492063492066 0.012987012987012988 0.050793650793650794
2 0.5948051948051948 0.326984126984127 0.011688311688311689 0.046031746031746035
2 0.5909090909090909 0.30158730158730157 0.011688311688311689 0.03968253968253968
2 0.5766233766233766 0.30317460317460315 0.012987012987012988 0.03968253968253968
2 0.5896103896103896 0.33174603174603173 0.00909090909090909 0.03650793650793651
2 0.5857142857142857 0.27936507936507937 0.006493506493506494 0.02857142857142857
2 0.5766233766233766 0.2634920634920635 0.00909090909090909 0.03650793650793651
2 0.561038961038961 0.2365079365079365 0.007792207792207792 0.031746031746031744
2 0.551948051948052 0.22063492063492063 0.00909090909090909 0.025396825396825397
2 0.5688311688311688 0.2523809523809524 0.01038961038961039 0.03650793650793651
2 0.4831168831168831 0.1873015873015873 0.007792207792207792 0.026984126984126985
2 0.5246753246753246 0.1761904761904762 0.007792207792207792 0.015873015873015872
2 0.5012987012987012 0.10158730158730159 0.005194805194805195 0.014285714285714285
2 0.461038961038961 0.12063492063492064 0.006493506493506494 0.01746031746031746
2 0.4714285714285714 0.14285714285714285 0.005194805194805195 0.023809523809523808
2 0.474025974025974 0.14761904761904762 0.005194805194805195 0.01904761904761905
2 0.4766233766233766 0.15873015873015872 0.007792207792207792 0.020634920634920634
2 0.4779220779220779 0.16984126984126985 0.00909090909090909 0.01904761904761905
2 0.4818181818181818 0.13174603174603175 0.006493506493506494 0.015873015873015872
2 0.4948051948051948 0.10317460317460317 0.005194805194805195 0.012698412698412698
2 0.4857142857142857 0.1111111111111111 0.005194805194805195 0.015873015873015872
2 0.4896103896103896 0.1126984126984127 0.003896103896103896 0.012698412698412698
2 0.4857142857142857 0.1253968253968254 0.005194805194805195 0.015873015873015872
2 0.4974025974025974 0.11428571428571428 0.005194805194805195 0.012698412698412698
2 0.4961038961038961 0.1253968253968254 0.006493506493506494 0.01904761904761905
2 0.5012987012987012 0.13174603174603175 0.005194805194805195 0.01904761904761905
2 0.509090909090909 0.13968253968253969 0.006493506493506494 0.020634920634920634
2 0.5025974025974026 0.15079365079365079 0.006493506493506494 0.020634920634920634
2 0.5077922077922078 0.15714285714285714 0.0025974025974025974 0.015873015873015872
2 0.509090909090909 0.16984126984126985 0.006493506493506494 0.012698412698412698
2 0.4844155844155844 0.1761904761904762 0.007792207792207792 0.025396825396825397
2 0.45714285714285713 0.19682539682539682 0.005194805194805195 0.01904761904761905
2 0.461038961038961 0.22380952380952382 0.007792207792207792 0.026984126984126985
3 0.7428571428571429 0.819047619047619 0.18701298701298702 0.3619047619047619
1 0.9090909090909091 0.9349206349206349 0.13636363636363635 0.13015873015873017
1 0.6181818181818182 0.5476190476190477 0.07662337662337662 0.12698412698412698
1 0.5844155844155844 0.4238095238095238 0.046753246753246755 0.09206349206349207
1 0.551948051948052 0.3412698412698413 0.046753246753246755 0.09365079365079365
1 0.4909090909090909 0.2857142857142857 0.02987012987012987 0.03650793650793651
1 0.4909090909090909 0.31587301587301586 0.03116883116883117 0.03492063492063492
1 0.5376623376623376 0.19682539682539682 0.01818181818181818 0.03015873015873016
1 0.4792207792207792 0.24126984126984127 0.025974025974025976 0.046031746031746035
1 0.4753246753246753 0.2111111111111111 0.016883116883116882 0.012698412698412698
1 0.4688311688311688 0.2 0.01818181818181818 0.025396825396825397
1 0.4727272727272727 0.18571428571428572 0.015584415584415584 0.01746031746031746
1 0.4623376623376623 0.17936507936507937 0.016883116883116882 0.025396825396825397
1 0.4623376623376623 0.16031746031746033 0.015584415584415584 0.011111111111111112
1 0.4623376623376623 0.1492063492063492 0.014285714285714285 0.012698412698412698
1 0.4597402597402597 0.13333333333333333 0.00909090909090909 0.007936507936507936
1 0.4623376623376623 0.14444444444444443 0.01038961038961039 0.014285714285714285
3 0.4714285714285714 0.1111111111111111 0.011688311688311689 0.031746031746031744
1 0.487012987012987 0.1492063492063492 0.014285714285714285 0.020634920634920634
1 0.4948051948051948 0.15714285714285714 0.01818181818181818 0.015873015873015872
1 0.4961038961038961 0.16984126984126985 0.016883116883116882 0.01746031746031746
1 0.4922077922077922 0.1873015873015873 0.016883116883116882 0.022222222222222223
1 0.4987012987012987 0.20952380952380953 0.015584415584415584 0.04285714285714286
1 0.5155844155844156 0.16031746031746033 0.011688311688311689 0.01746031746031746
3 0.512987012987013 0.3984126984126984 0.05714285714285714 0.19682539682539682
3 0.5428571428571428 0.5349206349206349 0.08181818181818182 0.26666666666666666
3 0.5181818181818182 0.22063492063492063 0.03766233766233766 0.1111111111111111
3 0.5454545454545454 0.25873015873015875 0.053246753246753244 0.11587301587301588
2 0.512987012987013 0.14285714285714285 0.005194805194805195 0.015873015873015872