2 0.6142857142857143 0.9825396825396825 0.033766233766233764 0.03492063492063492
2 0.9324675324675324 0.9571428571428572 0.06233766233766234 0.08412698412698413
2 0.7883116883116883 0.7015873015873015 0.033766233766233764 0.10634920634920635
2 0.8012987012987013 0.7603174603174603 0.04285714285714286 0.09523809523809523
2 0.7376623376623377 0.6111111111111112 0.03896103896103896 0.12857142857142856
2 0.564935064935065 0.473015873015873 0.02207792207792208 0.06507936507936508
2 0.538961038961039 0.473015873015873 0.01818181818181818 0.050793650793650794
2 0.5155844155844156 0.46190476190476193 0.02207792207792208 0.044444444444444446
2 0.512987012987013 0.4936507936507937 0.02207792207792208 0.03968253968253968
2 0.5012987012987012 0.5619047619047619 0.02077922077922078 0.07936507936507936
2 0.4948051948051948 0.44761904761904764 0.024675324675324677 0.07142857142857142
2 0.4935064935064935 0.39206349206349206 0.014285714285714285 0.05396825396825397
2 0.5103896103896104 0.4222222222222222 0.011688311688311689 0.06190476190476191
2 0.525974025974026 0.3984126984126984 0.014285714285714285 0.044444444444444446
2 0.5324675324675324 0.44126984126984126 0.01818181818181818 0.0761904761904762
2 0.5363636363636364 0.37936507936507935 0.01948051948051948 0.05555555555555555
2 0.5662337662337662 0.3619047619047619 0.01948051948051948 0.04126984126984127
2 0.5896103896103896 0.3492063492063492 0.01038961038961039 0.023809523809523808
2 0.5974025974025974 0.3412698412698413 0.012987012987012988 0.03492063492063492
2 0.625974025974026 0.34285714285714286 0.011688311688311689 0.026984126984126985
2 0.6077922077922078 0.3380952380952381 0.012987012987012988 0.04126984126984127
2 0.6038961038961039 0.30317460317460315 0.014285714285714285 0.02857142857142857
2 0.5935064935064935 0.2904761904761905 0.014285714285714285 0.03968253968253968
2 0.5623376623376624 0.3253968253968254 0.015584415584415584 0.031746031746031744
2 0.5714285714285714 0.3238095238095238 0.015584415584415584 0.04126984126984127
2 0.5155844155844156 0.3111111111111111 0.01818181818181818 0.044444444444444446
2 0.5233766233766234 0.3412698412698413 0.014285714285714285 0.05873015873015873
2 0.5181818181818182 0.2777777777777778 0.012987012987012988 0.025396825396825397
2 0.5467532467532468 0.32063492063492066 0.012987012987012988 0.050793650793650794
2 0.538961038961039 0.319047619047619 0.02207792207792208 0.04126984126984127
2 0.5402597402597402 0.3523809523809524 0.012987012987012988 0.047619047619047616
2 0.5272727272727272 0.30634920634920637 0.015584415584415584 0.05396825396825397
2 0.5493506493506494 0.2968253968253968 0.015584415584415584 0.03650793650793651
2 0.551948051948052 0.2650793650793651 0.015584415584415584 0.031746031746031744
2 0.5623376623376624 0.2507936507936508 0.014285714285714285 0.023809523809523808
2 0.5805194805194805 0.2619047619047619 0.016883116883116882 0.025396825396825397
2 0.4961038961038961 0.17936507936507937 0.00909090909090909 0.022222222222222223
2 0.5558441558441558 0.23015873015873015 0.006493506493506494 0.03333333333333333
2 0.5441558441558442 0.23492063492063492 0.015584415584415584 0.03333333333333333
2 0.5324675324675324 0.21587301587301588 0.006493506493506494 0.031746031746031744
2 0.525974025974026 0.21587301587301588 0.00909090909090909 0.026984126984126985
2 0.5168831168831168 0.20476190476190476 0.00909090909090909 0.025396825396825397
2 0.5051948051948052 0.19682539682539682 0.007792207792207792 0.01746031746031746
2 0.5025974025974026 0.18888888888888888 0.007792207792207792 0.023809523809523808
2 0.5428571428571428 0.21587301587301588 0.01038961038961039 0.01746031746031746
2 0.5506493506493506 0.2111111111111111 0.01038961038961039 0.023809523809523808
2 0.5415584415584416 0.19523809523809524 0.00909090909090909 0.01746031746031746
2 0.5311688311688312 0.1984126984126984 0.012987012987012988 0.020634920634920634
2 0.5038961038961038 0.16825396825396827 0.005194805194805195 0.022222222222222223
2 0.512987012987013 0.1634920634920635 0.007792207792207792 0.022222222222222223
2 0.5116883116883116 0.18095238095238095 0.011688311688311689 0.020634920634920634
2 0.5233766233766234 0.1634920634920635 0.007792207792207792 0.014285714285714285
2 0.525974025974026 0.17936507936507937 0.011688311688311689 0.01746031746031746
2 0.5337662337662338 0.17777777777777778 0.011688311688311689 0.022222222222222223
3 0.4688311688311688 0.17936507936507937 0.03896103896103896 0.09365079365079365
3 0.4857142857142857 0.25396825396825395 0.04285714285714286 0.1126984126984127
3 0.548051948051948 0.665079365079365 0.11558441558441558 0.3333333333333333
3 0.6545454545454545 0.580952380952381 0.16753246753246753 0.45396825396825397
1 0.8220779220779221 0.8936507936507937 0.14285714285714285 0.2126984126984127
1 0.5662337662337662 0.4238095238095238 0.05194805194805195 0.09523809523809523
1 0.4987012987012987 0.35079365079365077 0.04415584415584416 0.09365079365079365
1 0.574025974025974 0.29523809523809524 0.03896103896103896 0.06825396825396825
1 0.5272727272727272 0.25555555555555554 0.02857142857142857 0.05396825396825397
1 0.5103896103896104 0.23015873015873015 0.02077922077922078 0.049206349206349205