1 0.5025974025974026 0.4031746031746032 0.03636363636363636 0.07777777777777778
1 0.5194805194805194 0.33174603174603173 0.03506493506493506 0.0746031746031746
1 0.5675324675324676 0.38412698412698415 0.03506493506493506 0.07777777777777778
3 0.6064935064935065 0.4936507936507937 0.06883116883116883 0.19047619047619047
1 0.6519480519480519 0.692063492063492 0.07792207792207792 0.17936507936507937
1 0.7077922077922078 0.9158730158730158 0.09480519480519481 0.16666666666666666
1 0.4974025974025974 0.20476190476190476 0.02077922077922078 0.04285714285714286
1 0.4844155844155844 0.1634920634920635 0.015584415584415584 0.03492063492063492
3 0.4857142857142857 0.11428571428571428 0.015584415584415584 0.0380952380952381
2 0.5038961038961038 0.13333333333333333 0.007792207792207792 0.022222222222222223
2 0.4974025974025974 0.11587301587301588 0.005194805194805195 0.020634920634920634
2 0.5 0.17936507936507937 0.01038961038961039 0.020634920634920634
2 0.5038961038961038 0.173015873015873 0.007792207792207792 0.022222222222222223
2 0.5142857142857142 0.16031746031746033 0.007792207792207792 0.01904761904761905
2 0.5168831168831168 0.173015873015873 0.006493506493506494 0.026984126984126985
2 0.4987012987012987 0.15396825396825398 0.007792207792207792 0.01904761904761905
2 0.474025974025974 0.20634920634920634 0.007792207792207792 0.03650793650793651
2 0.4727272727272727 0.18888888888888888 0.00909090909090909 0.022222222222222223
2 0.4597402597402597 0.21904761904761905 0.011688311688311689 0.0380952380952381
2 0.4701298701298701 0.26031746031746034 0.011688311688311689 0.03968253968253968
2 0.4831168831168831 0.29523809523809524 0.015584415584415584 0.05238095238095238
2 0.5324675324675324 0.273015873015873 0.012987012987012988 0.044444444444444446
2 0.5285714285714286 0.22063492063492063 0.011688311688311689 0.03492063492063492
2 0.5558441558441558 0.28253968253968254 0.012987012987012988 0.05396825396825397
2 0.5688311688311688 0.273015873015873 0.011688311688311689 0.050793650793650794
2 0.5857142857142857 0.29365079365079366 0.014285714285714285 0.05396825396825397
2 0.6051948051948052 0.346031746031746 0.014285714285714285 0.05873015873015873
2 0.6207792207792208 0.35873015873015873 0.015584415584415584 0.050793650793650794
2 0.6233766233766234 0.4015873015873016 0.012987012987012988 0.050793650793650794
2 0.6350649350649351 0.3968253968253968 0.012987012987012988 0.05714285714285714
2 0.6467532467532467 0.42063492063492064 0.011688311688311689 0.06507936507936508
2 0.6571428571428571 0.4603174603174603 0.016883116883116882 0.06984126984126984
2 0.6649350649350649 0.5206349206349207 0.01818181818181818 0.0746031746031746
2 0.6857142857142857 0.49206349206349204 0.015584415584415584 0.08571428571428572
2 0.687012987012987 0.5761904761904761 0.01948051948051948 0.09841269841269841
2 0.7090909090909091 0.5634920634920635 0.02207792207792208 0.10158730158730159
2 0.7402597402597403 0.6206349206349207 0.025974025974025976 0.10317460317460317
2 0.712987012987013 0.6730158730158731 0.024675324675324677 0.11428571428571428
2 0.7727272727272727 0.7047619047619048 0.02727272727272727 0.12857142857142856
2 0.8363636363636363 0.8253968253968254 0.02987012987012987 0.13968253968253969
2 0.7766233766233767 0.8492063492063492 0.02987012987012987 0.1523809523809524
2 0.8948051948051948 0.9428571428571428 0.03896103896103896 0.11428571428571428
2 0.8532467532467533 0.9492063492063492 0.04025974025974026 0.10158730158730159
2 0.8064935064935065 0.9666666666666667 0.032467532467532464 0.06666666666666667
2 0.6090909090909091 0.8793650793650793 0.03506493506493506 0.173015873015873
2 0.5532467532467532 0.8650793650793651 0.03506493506493506 0.1523809523809524
2 0.525974025974026 0.9507936507936507 0.045454545454545456 0.09841269841269841
2 0.5792207792207792 0.9349206349206349 0.046753246753246755 0.13015873015873017
2 0.6402597402597403 0.9555555555555556 0.03896103896103896 0.08888888888888889
2 0.5155844155844156 0.6952380952380952 0.03116883116883117 0.1380952380952381
2 0.561038961038961 0.6873015873015873 0.033766233766233764 0.1380952380952381
2 0.5571428571428572 0.5920634920634921 0.023376623376623377 0.09206349206349207
2 0.4779220779220779 0.14444444444444443 0.006493506493506494 0.023809523809523808
2 0.4961038961038961 0.09682539682539683 0.005194805194805195 0.015873015873015872