2 0.8987012987012987 0.9777777777777777 0.045454545454545456 0.044444444444444446
2 0.8324675324675325 0.9492063492063492 0.04935064935064935 0.10158730158730159
2 0.8584415584415584 0.926984126984127 0.03896103896103896 0.14444444444444443
2 0.7844155844155845 0.9523809523809523 0.04285714285714286 0.09365079365079365
2 0.7558441558441559 0.8714285714285714 0.04285714285714286 0.12857142857142856
2 0.7987012987012987 0.8857142857142857 0.02987012987012987 0.15714285714285714
2 0.8311688311688312 0.8476190476190476 0.033766233766233764 0.1619047619047619
2 0.8415584415584415 0.792063492063492 0.032467532467532464 0.17777777777777778
2 0.7935064935064935 0.773015873015873 0.03506493506493506 0.12222222222222222
2 0.7636363636363637 0.7968253968253968 0.033766233766233764 0.15714285714285714
2 0.7246753246753247 0.7857142857142857 0.02857142857142857 0.14603174603174604
2 0.7818181818181819 0.707936507936508 0.02207792207792208 0.11587301587301588
2 0.7506493506493507 0.7206349206349206 0.04415584415584416 0.09682539682539683
2 0.7519480519480519 0.6603174603174603 0.033766233766233764 0.1380952380952381
2 0.7233766233766233 0.6714285714285714 0.03896103896103896 0.13174603174603175
2 0.6948051948051948 0.6968253968253968 0.02727272727272727 0.10793650793650794
2 0.6597402597402597 0.680952380952381 0.04025974025974026 0.07936507936507936
2 0.6896103896103896 0.6571428571428571 0.032467532467532464 0.09206349206349207
2 0.7207792207792207 0.6253968253968254 0.032467532467532464 0.09365079365079365
2 0.6987012987012987 0.5777777777777777 0.033766233766233764 0.10793650793650794
2 0.6662337662337663 0.6174603174603175 0.032467532467532464 0.11746031746031746
2 0.6532467532467533 0.5793650793650794 0.02727272727272727 0.11904761904761904
2 0.6818181818181818 0.5380952380952381 0.025974025974025976 0.08888888888888889
2 0.6337662337662338 0.5412698412698412 0.02727272727272727 0.09523809523809523
2 0.6415584415584416 0.5142857142857142 0.02077922077922078 0.09206349206349207
2 0.6558441558441559 0.5063492063492063 0.016883116883116882 0.09523809523809523
2 0.6727272727272727 0.473015873015873 0.02857142857142857 0.10158730158730159
2 0.612987012987013 0.4936507936507937 0.02987012987012987 0.05238095238095238
2 0.6012987012987013 0.473015873015873 0.02857142857142857 0.0746031746031746
2 0.5909090909090909 0.4396825396825397 0.024675324675324677 0.05873015873015873
2 0.5805194805194805 0.4 0.02207792207792208 0.05555555555555555
2 0.5974025974025974 0.3904761904761905 0.02077922077922078 0.046031746031746035
2 0.6233766233766234 0.3825396825396825 0.01818181818181818 0.031746031746031744
2 0.6077922077922078 0.36666666666666664 0.015584415584415584 0.03968253968253968
2 0.6012987012987013 0.35079365079365077 0.011688311688311689 0.046031746031746035
2 0.5909090909090909 0.3603174603174603 0.014285714285714285 0.03333333333333333
2 0.5688311688311688 0.3634920634920635 0.01818181818181818 0.04285714285714286
2 0.5766233766233766 0.3523809523809524 0.02077922077922078 0.044444444444444446
2 0.5831168831168831 0.32063492063492066 0.015584415584415584 0.0380952380952381
2 0.5883116883116883 0.3126984126984127 0.01038961038961039 0.046031746031746035
2 0.5701298701298702 0.31587301587301586 0.012987012987012988 0.04285714285714286
2 0.5506493506493506 0.33174603174603173 0.01948051948051948 0.04126984126984127
2 0.5493506493506494 0.3 0.012987012987012988 0.046031746031746035
2 0.5584415584415584 0.2873015873015873 0.00909090909090909 0.03968253968253968
2 0.564935064935065 0.28253968253968254 0.014285714285714285 0.044444444444444446
2 0.5428571428571428 0.2714285714285714 0.011688311688311689 0.049206349206349205
2 0.5532467532467532 0.26666666666666666 0.011688311688311689 0.04285714285714286
2 0.551948051948052 0.2492063492063492 0.015584415584415584 0.04285714285714286
2 0.5025974025974026 0.37777777777777777 0.023376623376623377 0.05238095238095238
2 0.4948051948051948 0.3396825396825397 0.01818181818181818 0.0380952380952381
2 0.4753246753246753 0.346031746031746 0.02077922077922078 0.044444444444444446
2 0.45194805194805193 0.37142857142857144 0.015584415584415584 0.06190476190476191
2 0.4597402597402597 0.3492063492063492 0.015584415584415584 0.050793650793650794
2 0.4662337662337662 0.30317460317460315 0.015584415584415584 0.06190476190476191
2 0.45714285714285713 0.26666666666666666 0.01818181818181818 0.05873015873015873
2 0.4922077922077922 0.18253968253968253 0.014285714285714285 0.04126984126984127
2 0.487012987012987 0.1523809523809524 0.007792207792207792 0.03015873015873016
2 0.4792207792207792 0.14285714285714285 0.014285714285714285 0.02857142857142857
2 0.4675324675324675 0.14603174603174604 0.012987012987012988 0.020634920634920634
2 0.4584415584415584 0.13015873015873017 0.016883116883116882 0.022222222222222223
2 0.44285714285714284 0.1523809523809524 0.01038961038961039 0.031746031746031744
1 0.7155844155844155 0.9333333333333333 0.11168831168831168 0.13333333333333333
1 0.6818181818181818 0.7936507936507936 0.1025974025974026 0.1634920634920635
1 0.6012987012987013 0.5746031746031746 0.07662337662337662 0.1523809523809524
1 0.5701298701298702 0.47619047619047616 0.05714285714285714 0.1
1 0.6311688311688312 0.4396825396825397 0.07142857142857142 0.11587301587301588
1 0.5454545454545454 0.3984126984126984 0.06623376623376623 0.10634920634920635
1 0.525974025974026 0.3476190476190476 0.05584415584415584 0.06825396825396825
1 0.43896103896103894 0.14126984126984127 0.015584415584415584 0.03333333333333333
1 0.4909090909090909 0.17936507936507937 0.025974025974025976 0.04126984126984127
1 0.4844155844155844 0.25396825396825395 0.01818181818181818 0.09682539682539683
1 0.474025974025974 0.4095238095238095 0.04415584415584416 0.1111111111111111
3 0.577922077922078 0.8761904761904762 0.16103896103896104 0.24761904761904763
3 0.5363636363636364 0.680952380952381 0.11428571428571428 0.2746031746031746
3 0.5168831168831168 0.2777777777777778 0.06103896103896104 0.12222222222222222
3 0.4766233766233766 0.1984126984126984 0.04415584415584416 0.08888888888888889
3 0.42727272727272725 0.1746031746031746 0.03116883116883117 0.08571428571428572
3 0.4584415584415584 0.17936507936507937 0.02727272727272727 0.08412698412698413
2 0.4714285714285714 0.5936507936507937 0.02857142857142857 0.10634920634920635
2 0.4714285714285714 0.5396825396825397 0.02987012987012987 0.09682539682539683