1 0.6805194805194805 0.8761904761904762 0.11298701298701298 0.24603174603174602
2 0.7077922077922078 0.7428571428571429 0.046753246753246755 0.15079365079365079
2 0.6181818181818182 0.665079365079365 0.024675324675324677 0.11428571428571428
2 0.6792207792207792 0.665079365079365 0.03506493506493506 0.13015873015873017
2 0.6480519480519481 0.6396825396825396 0.03116883116883117 0.10952380952380952
2 0.6116883116883117 0.5777777777777777 0.025974025974025976 0.1
2 0.7 0.5952380952380952 0.025974025974025976 0.10952380952380952
2 0.6454545454545455 0.5555555555555556 0.03766233766233766 0.0873015873015873
2 0.7025974025974026 0.5396825396825397 0.02727272727272727 0.10476190476190476
2 0.6766233766233766 0.5523809523809524 0.01948051948051948 0.10158730158730159
2 0.5714285714285714 0.5603174603174603 0.024675324675324677 0.11746031746031746
2 0.5467532467532468 0.580952380952381 0.025974025974025976 0.07301587301587302
2 0.535064935064935 0.5111111111111111 0.01948051948051948 0.09206349206349207
2 0.5883116883116883 0.4936507936507937 0.02077922077922078 0.09365079365079365
2 0.5623376623376624 0.48095238095238096 0.02727272727272727 0.0761904761904762
2 0.6090909090909091 0.49523809523809526 0.01818181818181818 0.07301587301587302
2 0.6662337662337663 0.48253968253968255 0.016883116883116882 0.0761904761904762
2 0.6350649350649351 0.48412698412698413 0.024675324675324677 0.07301587301587302
2 0.6285714285714286 0.4444444444444444 0.023376623376623377 0.03650793650793651
2 0.6051948051948052 0.4523809523809524 0.016883116883116882 0.05396825396825397
2 0.5077922077922078 0.4238095238095238 0.01818181818181818 0.06190476190476191
2 0.5376623376623376 0.42857142857142855 0.016883116883116882 0.06666666666666667
2 0.5116883116883116 0.3746031746031746 0.02077922077922078 0.05873015873015873
2 0.5506493506493506 0.38412698412698415 0.016883116883116882 0.06507936507936508
2 0.5974025974025974 0.4126984126984127 0.01948051948051948 0.07142857142857142
2 0.6272727272727273 0.4126984126984127 0.015584415584415584 0.06349206349206349
2 0.6 0.373015873015873 0.023376623376623377 0.05873015873015873
2 0.5701298701298702 0.3825396825396825 0.014285714285714285 0.05873015873015873
2 0.5805194805194805 0.3619047619047619 0.015584415584415584 0.05555555555555555
2 0.5714285714285714 0.3238095238095238 0.015584415584415584 0.04126984126984127
2 0.5545454545454546 0.29523809523809524 0.01038961038961039 0.04126984126984127
2 0.5675324675324676 0.28888888888888886 0.011688311688311689 0.046031746031746035
2 0.5831168831168831 0.2904761904761905 0.014285714285714285 0.046031746031746035
2 0.512987012987013 0.27936507936507937 0.01038961038961039 0.04126984126984127
2 0.5051948051948052 0.25396825396825395 0.00909090909090909 0.03650793650793651
2 0.5272727272727272 0.2492063492063492 0.011688311688311689 0.0380952380952381
2 0.5467532467532468 0.2492063492063492 0.012987012987012988 0.03968253968253968
2 0.564935064935065 0.2507936507936508 0.01038961038961039 0.03492063492063492
2 0.5597402597402598 0.23174603174603176 0.016883116883116882 0.02857142857142857
2 0.5402597402597402 0.21746031746031746 0.011688311688311689 0.03650793650793651
2 0.5142857142857142 0.2222222222222222 0.015584415584415584 0.03333333333333333
2 0.5025974025974026 0.2222222222222222 0.011688311688311689 0.026984126984126985
2 0.4974025974025974 0.20634920634920634 0.014285714285714285 0.031746031746031744
2 0.5233766233766234 0.2 0.012987012987012988 0.02857142857142857
2 0.509090909090909 0.16825396825396827 0.006493506493506494 0.023809523809523808
2 0.5233766233766234 0.16984126984126985 0.006493506493506494 0.02857142857142857
2 0.535064935064935 0.19365079365079366 0.006493506493506494 0.022222222222222223
2 0.4766233766233766 0.18888888888888888 0.01038961038961039 0.03015873015873016
2 0.4857142857142857 0.17936507936507937 0.007792207792207792 0.03333333333333333
2 0.5077922077922078 0.14444444444444443 0.006493506493506494 0.020634920634920634
2 0.5012987012987012 0.1365079365079365 0.007792207792207792 0.015873015873015872
2 0.5038961038961038 0.16031746031746033 0.011688311688311689 0.023809523809523808
2 0.4896103896103896 0.16031746031746033 0.00909090909090909 0.01904761904761905
2 0.4857142857142857 0.1492063492063492 0.00909090909090909 0.01746031746031746
2 0.4714285714285714 0.1365079365079365 0.005194805194805195 0.023809523809523808
2 0.4831168831168831 0.1349206349206349 0.005194805194805195 0.020634920634920634
2 0.4844155844155844 0.11428571428571428 0.00909090909090909 0.01904761904761905
2 0.5038961038961038 0.11428571428571428 0.007792207792207792 0.014285714285714285
2 0.4922077922077922 0.09841269841269841 0.005194805194805195 0.009523809523809525
3 0.5012987012987012 0.09047619047619047 0.01818181818181818 0.02857142857142857
1 0.4909090909090909 0.14285714285714285 0.011688311688311689 0.025396825396825397
1 0.4701298701298701 0.1634920634920635 0.016883116883116882 0.031746031746031744
1 0.4818181818181818 0.2222222222222222 0.02207792207792208 0.04126984126984127
2 0.5727272727272728 0.26031746031746034 0.00909090909090909 0.026984126984126985
1 0.487012987012987 0.2904761904761905 0.03506493506493506 0.06666666666666667
1 0.5363636363636364 0.2984126984126984 0.02987012987012987 0.06507936507936508
1 0.612987012987013 0.34444444444444444 0.032467532467532464 0.08253968253968254
1 0.5441558441558442 0.707936507936508 0.08311688311688312 0.19365079365079366
1 0.7805194805194805 0.7476190476190476 0.10909090909090909 0.2126984126984127