2 0.8155844155844156 0.9111111111111111 0.05194805194805195 0.17777777777777778
2 0.625974025974026 0.5380952380952381 0.02207792207792208 0.09365079365079365
2 0.6610389610389611 0.49682539682539684 0.02207792207792208 0.09047619047619047
2 0.6090909090909091 0.46825396825396826 0.016883116883116882 0.08412698412698413
1 0.5792207792207792 0.38095238095238093 0.046753246753246755 0.09047619047619047
2 0.6116883116883117 0.3476190476190476 0.02207792207792208 0.06507936507936508
3 0.5194805194805194 0.3952380952380952 0.04025974025974026 0.09841269841269841
2 0.5454545454545454 0.38412698412698415 0.015584415584415584 0.06507936507936508
1 0.5597402597402598 0.31746031746031744 0.033766233766233764 0.06825396825396825
2 0.577922077922078 0.29523809523809524 0.012987012987012988 0.044444444444444446
2 0.525974025974026 0.3253968253968254 0.014285714285714285 0.03650793650793651
2 0.4831168831168831 0.353968253968254 0.01818181818181818 0.05396825396825397
2 0.5532467532467532 0.26031746031746034 0.012987012987012988 0.046031746031746035
1 0.4961038961038961 0.273015873015873 0.025974025974025976 0.047619047619047616
2 0.5285714285714286 0.28095238095238095 0.016883116883116882 0.05714285714285714
2 0.5142857142857142 0.2507936507936508 0.00909090909090909 0.04285714285714286
2 0.5012987012987012 0.21904761904761905 0.006493506493506494 0.03333333333333333
1 0.474025974025974 0.19047619047619047 0.01818181818181818 0.04126984126984127
2 0.4922077922077922 0.2015873015873016 0.007792207792207792 0.03492063492063492
2 0.5038961038961038 0.18412698412698414 0.007792207792207792 0.03333333333333333
2 0.4987012987012987 0.16825396825396827 0.005194805194805195 0.02857142857142857
2 0.4935064935064935 0.1634920634920635 0.007792207792207792 0.02857142857142857
2 0.4844155844155844 0.16666666666666666 0.007792207792207792 0.03333333333333333
2 0.4597402597402597 0.1619047619047619 0.005194805194805195 0.023809523809523808
2 0.5155844155844156 0.16984126984126985 0.006493506493506494 0.026984126984126985
1 0.5272727272727272 0.2015873015873016 0.02077922077922078 0.04126984126984127
2 0.522077922077922 0.173015873015873 0.003896103896103896 0.01904761904761905
2 0.509090909090909 0.15396825396825398 0.003896103896103896 0.020634920634920634
2 0.5051948051948052 0.1380952380952381 0.003896103896103896 0.01746031746031746
1 0.4909090909090909 0.13333333333333333 0.007792207792207792 0.01904761904761905
2 0.5012987012987012 0.13015873015873017 0.006493506493506494 0.01746031746031746
1 0.4857142857142857 0.11428571428571428 0.01038961038961039 0.01904761904761905
2 0.4922077922077922 0.11746031746031746 0.003896103896103896 0.014285714285714285
2 0.4987012987012987 0.12222222222222222 0.003896103896103896 0.012698412698412698
2 0.5038961038961038 0.12063492063492064 0.003896103896103896 0.012698412698412698
2 0.5012987012987012 0.11428571428571428 0.003896103896103896 0.014285714285714285
2 0.5025974025974026 0.1126984126984127 0.005194805194805195 0.007936507936507936
2 0.4818181818181818 0.1365079365079365 0.003896103896103896 0.01746031746031746
1 0.4714285714285714 0.11587301587301588 0.007792207792207792 0.01746031746031746
2 0.4831168831168831 0.11746031746031746 0.003896103896103896 0.020634920634920634
2 0.474025974025974 0.10476190476190476 0.0025974025974025974 0.004761904761904762
2 0.5064935064935064 0.10317460317460317 0.003896103896103896 0.014285714285714285
1 0.4974025974025974 0.09682539682539683 0.014285714285714285 0.015873015873015872
1 0.4857142857142857 0.10158730158730159 0.006493506493506494 0.012698412698412698