3 0.6 0.9174603174603174 0.12987012987012986 0.1634920634920635
0 0.4987012987012987 0.21746031746031746 0.05454545454545454 0.13015873015873017
2 0.8792207792207792 0.9587301587301588 0.1012987012987013 0.08253968253968254
2 0.7818181818181819 0.8126984126984127 0.08181818181818182 0.16666666666666666
2 0.6909090909090909 0.5317460317460317 0.06363636363636363 0.10793650793650794
2 0.577922077922078 0.29365079365079366 0.033766233766233764 0.1126984126984127
2 0.522077922077922 0.20793650793650795 0.01818181818181818 0.03015873015873016
1 0.474025974025974 0.12857142857142856 0.012987012987012988 0.04285714285714286
2 0.4948051948051948 0.12698412698412698 0.011688311688311689 0.023809523809523808
2 0.4896103896103896 0.1126984126984127 0.011688311688311689 0.01904761904761905
2 0.5064935064935064 0.13968253968253969 0.012987012987012988 0.031746031746031744