2 0.935064935064935 0.953968253968254 0.05194805194805195 0.09047619047619047
2 0.8519480519480519 0.9444444444444444 0.025974025974025976 0.09206349206349207
2 0.8831168831168831 0.9253968253968254 0.048051948051948054 0.14603174603174604
2 0.8597402597402597 0.7888888888888889 0.04935064935064935 0.13333333333333333
1 0.7831168831168831 0.9222222222222223 0.12857142857142856 0.15396825396825398
2 0.8324675324675325 0.8285714285714286 0.045454545454545456 0.1349206349206349
2 0.8012987012987013 0.8523809523809524 0.04155844155844156 0.11587301587301588
2 0.7818181818181819 0.7952380952380952 0.032467532467532464 0.11428571428571428
2 0.7558441558441559 0.7476190476190476 0.033766233766233764 0.13015873015873017
2 0.6506493506493507 0.8444444444444444 0.04285714285714286 0.14761904761904762
2 0.6922077922077922 0.9111111111111111 0.02987012987012987 0.05396825396825397
2 0.7844155844155845 0.6666666666666666 0.033766233766233764 0.1111111111111111
2 0.7675324675324675 0.680952380952381 0.032467532467532464 0.11904761904761904
1 0.6857142857142857 0.7396825396825397 0.1038961038961039 0.2111111111111111
2 0.7259740259740259 0.6936507936507936 0.02987012987012987 0.12380952380952381
2 0.7012987012987013 0.6333333333333333 0.024675324675324677 0.10634920634920635
2 0.7246753246753247 0.5698412698412698 0.02857142857142857 0.09206349206349207
2 0.6818181818181818 0.5984126984126984 0.024675324675324677 0.08888888888888889
2 0.6779220779220779 0.5396825396825397 0.01948051948051948 0.06507936507936508
2 0.7012987012987013 0.5095238095238095 0.024675324675324677 0.08412698412698413
2 0.6857142857142857 0.46984126984126984 0.02727272727272727 0.0761904761904762
2 0.6545454545454545 0.5190476190476191 0.025974025974025976 0.06349206349206349
2 0.6207792207792208 0.7253968253968254 0.032467532467532464 0.14126984126984127
2 0.5818181818181818 0.5714285714285714 0.032467532467532464 0.10158730158730159
2 0.6116883116883117 0.42698412698412697 0.016883116883116882 0.07142857142857142
2 0.6 0.4031746031746032 0.01818181818181818 0.06349206349206349
1 0.5727272727272728 0.4031746031746032 0.045454545454545456 0.1
2 0.5883116883116883 0.36984126984126986 0.01038961038961039 0.031746031746031744
2 0.6 0.3523809523809524 0.014285714285714285 0.04285714285714286
2 0.535064935064935 0.4380952380952381 0.02207792207792208 0.06825396825396825
2 0.4844155844155844 0.43333333333333335 0.02077922077922078 0.07777777777777778
2 0.4922077922077922 0.40793650793650793 0.015584415584415584 0.049206349206349205
2 0.5181818181818182 0.40634920634920635 0.012987012987012988 0.026984126984126985
2 0.5402597402597402 0.37777777777777777 0.012987012987012988 0.05714285714285714
2 0.5285714285714286 0.3523809523809524 0.01948051948051948 0.06031746031746032
2 0.4779220779220779 0.34444444444444444 0.015584415584415584 0.06031746031746032
2 0.5181818181818182 0.30952380952380953 0.01038961038961039 0.04285714285714286
2 0.5181818181818182 0.2873015873015873 0.011688311688311689 0.04126984126984127
2 0.5337662337662338 0.30634920634920637 0.012987012987012988 0.05238095238095238
2 0.5324675324675324 0.28253968253968254 0.011688311688311689 0.0380952380952381
2 0.5324675324675324 0.25873015873015875 0.012987012987012988 0.02857142857142857
2 0.5103896103896104 0.24761904761904763 0.012987012987012988 0.0380952380952381
2 0.5246753246753246 0.22857142857142856 0.01038961038961039 0.047619047619047616
2 0.5467532467532468 0.23809523809523808 0.011688311688311689 0.03650793650793651
2 0.551948051948052 0.26825396825396824 0.00909090909090909 0.03015873015873016
2 0.5571428571428572 0.25396825396825395 0.007792207792207792 0.03650793650793651
2 0.5597402597402598 0.29523809523809524 0.01038961038961039 0.0380952380952381
2 0.548051948051948 0.2920634920634921 0.01038961038961039 0.03333333333333333
2 0.587012987012987 0.32857142857142857 0.011688311688311689 0.05238095238095238
1 0.561038961038961 0.34285714285714286 0.04285714285714286 0.06666666666666667
2 0.5701298701298702 0.3111111111111111 0.01038961038961039 0.0380952380952381
2 0.577922077922078 0.3047619047619048 0.012987012987012988 0.046031746031746035
2 0.6168831168831169 0.33015873015873015 0.012987012987012988 0.031746031746031744
2 0.6090909090909091 0.3142857142857143 0.01038961038961039 0.03650793650793651
2 0.5935064935064935 0.2984126984126984 0.011688311688311689 0.03333333333333333
2 0.6 0.29365079365079366 0.011688311688311689 0.02857142857142857
2 0.5883116883116883 0.2761904761904762 0.01038961038961039 0.026984126984126985
2 0.5701298701298702 0.2714285714285714 0.01038961038961039 0.03492063492063492
2 0.5766233766233766 0.2492063492063492 0.011688311688311689 0.02857142857142857
2 0.5285714285714286 0.19682539682539682 0.01038961038961039 0.031746031746031744
2 0.538961038961039 0.2015873015873016 0.007792207792207792 0.03015873015873016
2 0.5441558441558442 0.20952380952380953 0.007792207792207792 0.020634920634920634
3 0.4831168831168831 0.2365079365079365 0.05064935064935065 0.10634920634920635
2 0.5064935064935064 0.20476190476190476 0.007792207792207792 0.02857142857142857
2 0.512987012987013 0.18888888888888888 0.007792207792207792 0.026984126984126985
2 0.5051948051948052 0.16825396825396827 0.01038961038961039 0.025396825396825397
2 0.5051948051948052 0.1365079365079365 0.007792207792207792 0.012698412698412698
2 0.4792207792207792 0.13968253968253969 0.007792207792207792 0.025396825396825397
2 0.4792207792207792 0.1126984126984127 0.007792207792207792 0.01746031746031746
2 0.4948051948051948 0.10952380952380952 0.007792207792207792 0.025396825396825397
2 0.5064935064935064 0.10634920634920635 0.007792207792207792 0.01746031746031746
2 0.4896103896103896 0.12698412698412698 0.005194805194805195 0.015873015873015872
1 0.4922077922077922 0.3111111111111111 0.03116883116883117 0.05396825396825397
1 0.5051948051948052 0.36666666666666664 0.03636363636363636 0.07936507936507936
1 0.6220779220779221 0.38412698412698415 0.04935064935064935 0.08095238095238096
1 0.512987012987013 0.48095238095238096 0.04935064935064935 0.11746031746031746
1 0.5727272727272728 0.4603174603174603 0.04285714285714286 0.09682539682539683
1 0.6467532467532467 0.4666666666666667 0.05714285714285714 0.10158730158730159
1 0.6064935064935065 0.5190476190476191 0.05584415584415584 0.12857142857142856
1 0.5272727272727272 0.5714285714285714 0.05974025974025974 0.15555555555555556
1 0.5636363636363636 0.692063492063492 0.07662337662337662 0.2253968253968254
1 0.6441558441558441 0.6047619047619047 0.07402597402597402 0.14603174603174604
1 0.5792207792207792 0.873015873015873 0.11428571428571428 0.25396825396825395