0 0.5818181818181818 0.38571428571428573 0.1012987012987013 0.21746031746031746
3 0.5623376623376624 0.7476190476190476 0.09090909090909091 0.3253968253968254
2 0.522077922077922 0.9492063492063492 0.046753246753246755 0.0873015873015873
2 0.638961038961039 0.9555555555555556 0.05194805194805195 0.08888888888888889
2 0.6558441558441559 0.8777777777777778 0.04155844155844156 0.13174603174603175
2 0.638961038961039 0.7873015873015873 0.045454545454545456 0.11904761904761904
2 0.6168831168831169 0.6936507936507936 0.03506493506493506 0.08888888888888889
2 0.6285714285714286 0.6507936507936508 0.03116883116883117 0.09047619047619047
2 0.6142857142857143 0.5952380952380952 0.024675324675324677 0.0761904761904762
2 0.6532467532467533 0.6079365079365079 0.01948051948051948 0.09206349206349207
2 0.6012987012987013 0.5428571428571428 0.025974025974025976 0.06507936507936508
2 0.6311688311688312 0.5523809523809524 0.033766233766233764 0.10793650793650794
1 0.6701298701298701 0.5285714285714286 0.07662337662337662 0.14603174603174604
2 0.6948051948051948 0.4492063492063492 0.016883116883116882 0.0761904761904762
2 0.7441558441558441 0.5857142857142857 0.02987012987012987 0.06507936507936508
2 0.7896103896103897 0.8222222222222222 0.033766233766233764 0.1349206349206349
2 0.8285714285714286 0.8587301587301587 0.033766233766233764 0.10793650793650794
2 0.8142857142857143 0.9698412698412698 0.033766233766233764 0.05555555555555555
2 0.9311688311688312 0.9746031746031746 0.046753246753246755 0.050793650793650794
1 0.6571428571428571 0.43333333333333335 0.04155844155844156 0.05396825396825397
2 0.6506493506493507 0.3888888888888889 0.015584415584415584 0.04126984126984127
2 0.6298701298701299 0.3603174603174603 0.016883116883116882 0.044444444444444446
2 0.6103896103896104 0.32222222222222224 0.02077922077922078 0.0380952380952381
2 0.5077922077922078 0.2714285714285714 0.02987012987012987 0.049206349206349205
1 0.4961038961038961 0.34285714285714286 0.03636363636363636 0.06349206349206349
2 0.4883116883116883 0.3333333333333333 0.02727272727272727 0.06666666666666667
2 0.5402597402597402 0.20952380952380953 0.01818181818181818 0.0380952380952381
2 0.4701298701298701 0.17936507936507937 0.006493506493506494 0.022222222222222223
1 0.5155844155844156 0.1746031746031746 0.02207792207792208 0.03492063492063492
2 0.5051948051948052 0.15079365079365079 0.015584415584415584 0.03492063492063492
2 0.5051948051948052 0.12380952380952381 0.007792207792207792 0.01746031746031746
1 0.4896103896103896 0.10793650793650794 0.011688311688311689 0.026984126984126985
2 0.4987012987012987 0.1111111111111111 0.007792207792207792 0.022222222222222223
2 0.5051948051948052 0.10158730158730159 0.007792207792207792 0.012698412698412698
0 0.5025974025974026 0.08888888888888889 0.01818181818181818 0.01904761904761905
1 0.4597402597402597 0.1349206349206349 0.01948051948051948 0.03015873015873016
1 0.474025974025974 0.1619047619047619 0.01948051948051948 0.03650793650793651
1 0.5116883116883116 0.39206349206349206 0.045454545454545456 0.07301587301587302
1 0.5142857142857142 0.4603174603174603 0.06233766233766234 0.10317460317460317
1 0.5324675324675324 0.5380952380952381 0.048051948051948054 0.09047619047619047
1 0.6987012987012987 0.7682539682539683 0.10519480519480519 0.2253968253968254
1 0.7376623376623377 0.9412698412698413 0.08831168831168831 0.11746031746031746
1 0.7571428571428571 0.6873015873015873 0.07662337662337662 0.1365079365079365