2 0.9727272727272728 0.7365079365079366 0.03506493506493506 0.12063492063492064
2 0.9545454545454546 0.9492063492063492 0.05454545454545454 0.10158730158730159
2 0.8974025974025974 0.9349206349206349 0.05194805194805195 0.12857142857142856
2 0.8285714285714286 0.9365079365079365 0.05714285714285714 0.12698412698412698
2 0.7792207792207793 0.8682539682539683 0.04025974025974026 0.16507936507936508
2 0.7376623376623377 0.7666666666666667 0.04025974025974026 0.16031746031746033
2 0.8233766233766234 0.8523809523809524 0.046753246753246755 0.1253968253968254
2 0.8207792207792208 0.7952380952380952 0.04155844155844156 0.12063492063492064
2 0.7844155844155845 0.8047619047619048 0.03116883116883117 0.1253968253968254
2 0.6935064935064935 0.6666666666666666 0.02987012987012987 0.12222222222222222
2 0.7220779220779221 0.7095238095238096 0.032467532467532464 0.10952380952380952
2 0.7831168831168831 0.7158730158730159 0.03766233766233766 0.12698412698412698
2 0.7571428571428571 0.746031746031746 0.032467532467532464 0.14126984126984127
2 0.7571428571428571 0.6793650793650794 0.033766233766233764 0.11587301587301588
2 0.7285714285714285 0.6714285714285714 0.03506493506493506 0.09365079365079365
2 0.8363636363636363 0.473015873015873 0.033766233766233764 0.08571428571428572
2 0.6441558441558441 0.707936507936508 0.03896103896103896 0.13174603174603175
2 0.612987012987013 0.7603174603174603 0.03766233766233766 0.1253968253968254
2 0.5896103896103896 0.7 0.03636363636363636 0.10952380952380952
2 0.5805194805194805 0.6396825396825396 0.033766233766233764 0.10952380952380952
2 0.577922077922078 0.5936507936507937 0.032467532467532464 0.1111111111111111
2 0.5558441558441558 0.6238095238095238 0.032467532467532464 0.10952380952380952
2 0.5012987012987012 0.6047619047619047 0.02857142857142857 0.10476190476190476
2 0.5454545454545454 0.5761904761904761 0.02987012987012987 0.1
2 0.5 0.45555555555555555 0.02857142857142857 0.09206349206349207
2 0.6337662337662338 0.4936507936507937 0.025974025974025976 0.08095238095238096
2 0.638961038961039 0.4634920634920635 0.023376623376623377 0.0746031746031746
2 0.5532467532467532 0.39365079365079364 0.02077922077922078 0.05714285714285714
2 0.5636363636363636 0.4873015873015873 0.02727272727272727 0.08888888888888889
2 0.6077922077922078 0.44761904761904764 0.02207792207792208 0.046031746031746035
2 0.5818181818181818 0.4301587301587302 0.02077922077922078 0.06507936507936508
2 0.538961038961039 0.42698412698412697 0.01948051948051948 0.047619047619047616
2 0.5428571428571428 0.45555555555555555 0.02077922077922078 0.05873015873015873
2 0.638961038961039 0.3746031746031746 0.01948051948051948 0.06190476190476191
2 0.5636363636363636 0.32857142857142857 0.015584415584415584 0.05714285714285714
2 0.5688311688311688 0.3523809523809524 0.01948051948051948 0.049206349206349205
2 0.574025974025974 0.35714285714285715 0.012987012987012988 0.03015873015873016
2 0.6012987012987013 0.36984126984126986 0.01818181818181818 0.05238095238095238
2 0.6038961038961039 0.3142857142857143 0.014285714285714285 0.03650793650793651
2 0.6116883116883117 0.33650793650793653 0.016883116883116882 0.06031746031746032
2 0.6233766233766234 0.346031746031746 0.016883116883116882 0.046031746031746035
2 0.5857142857142857 0.3333333333333333 0.01038961038961039 0.04126984126984127
2 0.5844155844155844 0.37142857142857144 0.011688311688311689 0.03015873015873016
2 0.574025974025974 0.38571428571428573 0.012987012987012988 0.049206349206349205
2 0.4623376623376623 0.26666666666666666 0.012987012987012988 0.046031746031746035
2 0.4805194805194805 0.2873015873015873 0.015584415584415584 0.02857142857142857
2 0.5194805194805194 0.3396825396825397 0.012987012987012988 0.05238095238095238
2 0.5116883116883116 0.3126984126984127 0.011688311688311689 0.044444444444444446
2 0.5025974025974026 0.27936507936507937 0.012987012987012988 0.0380952380952381
2 0.4974025974025974 0.26666666666666666 0.01038961038961039 0.03492063492063492
2 0.4883116883116883 0.21904761904761905 0.014285714285714285 0.031746031746031744
2 0.4948051948051948 0.24444444444444444 0.015584415584415584 0.04285714285714286
2 0.45584415584415583 0.13968253968253969 0.00909090909090909 0.026984126984126985
2 0.4701298701298701 0.12380952380952381 0.007792207792207792 0.011111111111111112
2 0.4909090909090909 0.11587301587301588 0.003896103896103896 0.015873015873015872
2 0.4987012987012987 0.11746031746031746 0.005194805194805195 0.012698412698412698
2 0.5064935064935064 0.11904761904761904 0.005194805194805195 0.020634920634920634
2 0.4987012987012987 0.13333333333333333 0.00909090909090909 0.015873015873015872
2 0.5064935064935064 0.1365079365079365 0.007792207792207792 0.01746031746031746
2 0.4987012987012987 0.14761904761904762 0.007792207792207792 0.011111111111111112
2 0.4805194805194805 0.1619047619047619 0.007792207792207792 0.014285714285714285
2 0.4831168831168831 0.1746031746031746 0.007792207792207792 0.01904761904761905
2 0.4922077922077922 0.17142857142857143 0.007792207792207792 0.009523809523809525
2 0.5155844155844156 0.1634920634920635 0.007792207792207792 0.012698412698412698
2 0.5181818181818182 0.18888888888888888 0.007792207792207792 0.01746031746031746
2 0.5272727272727272 0.18571428571428572 0.006493506493506494 0.015873015873015872
2 0.5207792207792208 0.20793650793650795 0.01038961038961039 0.026984126984126985
2 0.538961038961039 0.18571428571428572 0.00909090909090909 0.01746031746031746
2 0.548051948051948 0.20634920634920634 0.007792207792207792 0.022222222222222223
2 0.5558441558441558 0.22380952380952382 0.00909090909090909 0.020634920634920634
2 0.5662337662337662 0.2396825396825397 0.007792207792207792 0.022222222222222223
2 0.5532467532467532 0.24761904761904763 0.00909090909090909 0.020634920634920634
2 0.5402597402597402 0.2571428571428571 0.011688311688311689 0.022222222222222223
2 0.5493506493506494 0.2698412698412698 0.01038961038961039 0.031746031746031744
2 0.5753246753246753 0.2492063492063492 0.011688311688311689 0.022222222222222223
2 0.5662337662337662 0.43174603174603177 0.01948051948051948 0.046031746031746035
2 0.5792207792207792 0.319047619047619 0.01038961038961039 0.031746031746031744
2 0.5896103896103896 0.4126984126984127 0.016883116883116882 0.05555555555555555
2 0.551948051948052 0.2984126984126984 0.012987012987012988 0.026984126984126985
2 0.525974025974026 0.23015873015873015 0.00909090909090909 0.023809523809523808
2 0.5064935064935064 0.1873015873015873 0.012987012987012988 0.009523809523809525
1 0.5922077922077922 0.873015873015873 0.11428571428571428 0.25396825396825395
1 0.6922077922077922 0.8301587301587302 0.11948051948051948 0.2619047619047619
1 0.5337662337662338 0.692063492063492 0.07012987012987013 0.18095238095238095
1 0.6376623376623377 0.6142857142857143 0.09090909090909091 0.16031746031746033
1 0.5285714285714286 0.5095238095238095 0.05844155844155844 0.13015873015873017
1 0.6090909090909091 0.5174603174603175 0.06753246753246753 0.13174603174603175
1 0.5064935064935064 0.4031746031746032 0.046753246753246755 0.08888888888888889
1 0.5454545454545454 0.3682539682539683 0.04415584415584416 0.08253968253968254
1 0.6285714285714286 0.4 0.04415584415584416 0.08253968253968254
1 0.538961038961039 0.3238095238095238 0.03636363636363636 0.046031746031746035
1 0.4961038961038961 0.35555555555555557 0.048051948051948054 0.08412698412698413
1 0.4896103896103896 0.3238095238095238 0.03506493506493506 0.05714285714285714
1 0.5363636363636364 0.2904761904761905 0.032467532467532464 0.046031746031746035
1 0.5233766233766234 0.2698412698412698 0.03766233766233766 0.044444444444444446
1 0.4831168831168831 0.273015873015873 0.03506493506493506 0.047619047619047616
1 0.4779220779220779 0.23809523809523808 0.03116883116883117 0.03015873015873016
1 0.5155844155844156 0.24444444444444444 0.025974025974025976 0.0380952380952381
1 0.5402597402597402 0.2396825396825397 0.024675324675324677 0.03968253968253968
1 0.5064935064935064 0.22857142857142856 0.02727272727272727 0.03333333333333333
1 0.4753246753246753 0.2222222222222222 0.02987012987012987 0.026984126984126985
1 0.4727272727272727 0.2111111111111111 0.025974025974025976 0.02857142857142857
1 0.5064935064935064 0.20634920634920634 0.02857142857142857 0.03015873015873016
1 0.4896103896103896 0.19682539682539682 0.024675324675324677 0.03650793650793651
1 0.5051948051948052 0.1761904761904762 0.014285714285714285 0.015873015873015872
1 0.509090909090909 0.15396825396825398 0.016883116883116882 0.022222222222222223
1 0.4909090909090909 0.15714285714285714 0.015584415584415584 0.012698412698412698
1 0.4857142857142857 0.12222222222222222 0.011688311688311689 0.012698412698412698
1 0.4844155844155844 0.13333333333333333 0.012987012987012988 0.014285714285714285
1 0.4857142857142857 0.14603174603174604 0.01818181818181818 0.015873015873015872
1 0.4662337662337662 0.1365079365079365 0.014285714285714285 0.014285714285714285
1 0.4662337662337662 0.14761904761904762 0.01818181818181818 0.012698412698412698
1 0.4649350649350649 0.16031746031746033 0.016883116883116882 0.012698412698412698
3 0.6961038961038961 0.5317460317460317 0.1025974025974026 0.19682539682539682
2 0.6038961038961039 0.4 0.012987012987012988 0.05396825396825397
1 0.5714285714285714 0.2920634920634921 0.03766233766233766 0.06666666666666667
1 0.5857142857142857 0.2857142857142857 0.02207792207792208 0.04285714285714286
3 0.4675324675324675 0.19047619047619047 0.02727272727272727 0.05396825396825397
1 0.535064935064935 0.20634920634920634 0.01818181818181818 0.025396825396825397