2 0.9831168831168832 0.9507936507936507 0.032467532467532464 0.09206349206349207
2 0.9311688311688312 0.9492063492063492 0.04025974025974026 0.10158730158730159
2 0.8974025974025974 0.9650793650793651 0.03766233766233766 0.06984126984126984
2 0.8220779220779221 0.9507936507936507 0.04285714285714286 0.09682539682539683
2 0.8779220779220779 0.8746031746031746 0.04285714285714286 0.10793650793650794
2 0.8389610389610389 0.8777777777777778 0.03896103896103896 0.09047619047619047
2 0.825974025974026 0.7904761904761904 0.03506493506493506 0.1253968253968254
2 0.7831168831168831 0.8682539682539683 0.04935064935064935 0.11904761904761904
2 0.7935064935064935 0.7968253968253968 0.03506493506493506 0.1
2 0.7792207792207793 0.7396825396825397 0.033766233766233764 0.07936507936507936
2 0.7532467532467533 0.7682539682539683 0.03766233766233766 0.08571428571428572
2 0.7181818181818181 0.7476190476190476 0.02857142857142857 0.10158730158730159
2 0.6805194805194805 0.7793650793650794 0.04025974025974026 0.10952380952380952
2 0.6415584415584416 0.7523809523809524 0.03116883116883117 0.09841269841269841
2 0.6597402597402597 0.8746031746031746 0.03506493506493506 0.10952380952380952
2 0.6792207792207792 0.9634920634920635 0.02987012987012987 0.07301587301587302
2 0.7025974025974026 0.9698412698412698 0.02077922077922078 0.06031746031746032
2 0.6168831168831169 0.7142857142857143 0.023376623376623377 0.12380952380952381
2 0.6077922077922078 0.6333333333333333 0.02987012987012987 0.08253968253968254
2 0.7272727272727273 0.5603174603174603 0.02857142857142857 0.0746031746031746
2 0.7077922077922078 0.5349206349206349 0.025974025974025976 0.06349206349206349
2 0.7064935064935065 0.5968253968253968 0.016883116883116882 0.05555555555555555
2 0.5935064935064935 0.580952380952381 0.032467532467532464 0.06666666666666667
2 0.5922077922077922 0.5396825396825397 0.02857142857142857 0.05873015873015873
2 0.7038961038961039 0.5063492063492063 0.02857142857142857 0.08095238095238096
2 0.6818181818181818 0.49047619047619045 0.01818181818181818 0.03492063492063492
2 0.5857142857142857 0.5079365079365079 0.023376623376623377 0.050793650793650794
2 0.5792207792207792 0.49206349206349204 0.02727272727272727 0.06190476190476191
2 0.5662337662337662 0.4603174603174603 0.02077922077922078 0.04285714285714286
2 0.561038961038961 0.44285714285714284 0.02207792207792208 0.06031746031746032
2 0.551948051948052 0.4111111111111111 0.024675324675324677 0.05396825396825397
2 0.5298701298701298 0.3333333333333333 0.01818181818181818 0.04285714285714286
2 0.5298701298701298 0.3682539682539683 0.024675324675324677 0.049206349206349205
2 0.6493506493506493 0.38095238095238093 0.023376623376623377 0.047619047619047616
2 0.5909090909090909 0.35873015873015873 0.02207792207792208 0.03492063492063492
2 0.5818181818181818 0.326984126984127 0.011688311688311689 0.04126984126984127
2 0.577922077922078 0.3111111111111111 0.011688311688311689 0.03492063492063492
2 0.5974025974025974 0.2873015873015873 0.014285714285714285 0.03650793650793651
2 0.5857142857142857 0.28888888888888886 0.015584415584415584 0.0380952380952381
2 0.5844155844155844 0.2650793650793651 0.012987012987012988 0.03333333333333333
2 0.5753246753246753 0.3 0.01038961038961039 0.031746031746031744
2 0.5727272727272728 0.28253968253968254 0.016883116883116882 0.031746031746031744
2 0.5636363636363636 0.2698412698412698 0.014285714285714285 0.03650793650793651
2 0.5805194805194805 0.2492063492063492 0.015584415584415584 0.03968253968253968
2 0.5506493506493506 0.25873015873015875 0.011688311688311689 0.025396825396825397
2 0.5675324675324676 0.23809523809523808 0.012987012987012988 0.02857142857142857
2 0.5558441558441558 0.23333333333333334 0.012987012987012988 0.02857142857142857
2 0.548051948051948 0.24285714285714285 0.01038961038961039 0.03333333333333333
2 0.548051948051948 0.20952380952380953 0.011688311688311689 0.026984126984126985
2 0.5077922077922078 0.22857142857142856 0.012987012987012988 0.02857142857142857
2 0.4974025974025974 0.22857142857142856 0.011688311688311689 0.020634920634920634
2 0.4883116883116883 0.20793650793650795 0.007792207792207792 0.01746031746031746
2 0.4831168831168831 0.19682539682539682 0.00909090909090909 0.014285714285714285
2 0.5298701298701298 0.16666666666666666 0.01038961038961039 0.023809523809523808
2 0.5454545454545454 0.18888888888888888 0.00909090909090909 0.012698412698412698
2 0.5376623376623376 0.20634920634920634 0.00909090909090909 0.012698412698412698
2 0.4883116883116883 0.19047619047619047 0.005194805194805195 0.015873015873015872
2 0.4831168831168831 0.18412698412698414 0.006493506493506494 0.012698412698412698
2 0.4792207792207792 0.1761904761904762 0.005194805194805195 0.011111111111111112
2 0.4779220779220779 0.18888888888888888 0.006493506493506494 0.012698412698412698
2 0.4922077922077922 0.18253968253968253 0.005194805194805195 0.012698412698412698
2 0.4857142857142857 0.1619047619047619 0.005194805194805195 0.009523809523809525
2 0.4831168831168831 0.16984126984126985 0.006493506493506494 0.014285714285714285
2 0.5194805194805194 0.15079365079365079 0.01038961038961039 0.01904761904761905
2 0.5103896103896104 0.14603174603174604 0.00909090909090909 0.020634920634920634
2 0.5038961038961038 0.14603174603174604 0.007792207792207792 0.01904761904761905
2 0.4961038961038961 0.14603174603174604 0.01038961038961039 0.01904761904761905
2 0.4948051948051948 0.1619047619047619 0.006493506493506494 0.014285714285714285
2 0.5 0.17142857142857143 0.006493506493506494 0.015873015873015872
2 0.4753246753246753 0.15079365079365079 0.005194805194805195 0.011111111111111112
2 0.4779220779220779 0.13333333333333333 0.006493506493506494 0.014285714285714285
2 0.4753246753246753 0.11587301587301588 0.003896103896103896 0.011111111111111112
2 0.5077922077922078 0.19682539682539682 0.007792207792207792 0.01746031746031746
2 0.5298701298701298 0.1873015873015873 0.00909090909090909 0.011111111111111112
3 0.4857142857142857 0.1 0.011688311688311689 0.020634920634920634
1 0.4844155844155844 0.11587301587301588 0.01038961038961039 0.01746031746031746
1 0.4883116883116883 0.13015873015873017 0.011688311688311689 0.012698412698412698
1 0.4935064935064935 0.13968253968253969 0.00909090909090909 0.015873015873015872
1 0.4844155844155844 0.14444444444444443 0.00909090909090909 0.015873015873015872
1 0.487012987012987 0.15555555555555556 0.01038961038961039 0.012698412698412698
1 0.5077922077922078 0.16666666666666666 0.01038961038961039 0.01904761904761905
1 0.5142857142857142 0.1746031746031746 0.014285714285714285 0.020634920634920634
1 0.5051948051948052 0.18412698412698414 0.01948051948051948 0.022222222222222223
1 0.5246753246753246 0.19682539682539682 0.012987012987012988 0.022222222222222223
1 0.4987012987012987 0.20317460317460317 0.016883116883116882 0.026984126984126985
1 0.4714285714285714 0.10793650793650794 0.00909090909090909 0.007936507936507936
1 0.4688311688311688 0.11746031746031746 0.00909090909090909 0.012698412698412698
1 0.4649350649350649 0.1253968253968254 0.011688311688311689 0.011111111111111112
1 0.4662337662337662 0.14285714285714285 0.01948051948051948 0.022222222222222223
1 0.4636363636363636 0.15873015873015872 0.016883116883116882 0.020634920634920634
1 0.4727272727272727 0.16507936507936508 0.011688311688311689 0.015873015873015872
1 0.4662337662337662 0.1761904761904762 0.016883116883116882 0.015873015873015872
1 0.4662337662337662 0.18412698412698414 0.01818181818181818 0.01904761904761905
1 0.4649350649350649 0.20476190476190476 0.02077922077922078 0.031746031746031744
1 0.474025974025974 0.21904761904761905 0.02077922077922078 0.03015873015873016
1 0.4792207792207792 0.23492063492063492 0.01948051948051948 0.022222222222222223
1 0.4857142857142857 0.24761904761904763 0.02077922077922078 0.01904761904761905
3 0.4974025974025974 0.30158730158730157 0.04025974025974026 0.12222222222222222
1 0.5 0.3888888888888889 0.03896103896103896 0.08412698412698413
1 0.5181818181818182 0.43333333333333335 0.03766233766233766 0.09523809523809523
1 0.535064935064935 0.5111111111111111 0.06233766233766234 0.1365079365079365
1 0.5545454545454546 0.6047619047619047 0.07142857142857142 0.15873015873015872
1 0.5584415584415584 0.7412698412698413 0.08441558441558442 0.21904761904761905
1 0.612987012987013 0.8904761904761904 0.13376623376623376 0.21904761904761905
1 0.7363636363636363 0.8968253968253969 0.12207792207792208 0.20634920634920634
1 0.7493506493506493 0.680952380952381 0.08701298701298701 0.15079365079365079
3 0.6597402597402597 0.573015873015873 0.1025974025974026 0.2857142857142857
1 0.6181818181818182 0.473015873015873 0.04285714285714286 0.0746031746031746
1 0.5922077922077922 0.4174603174603175 0.04155844155844156 0.07777777777777778
1 0.6415584415584416 0.4126984126984127 0.046753246753246755 0.0761904761904762
1 0.6090909090909091 0.33015873015873015 0.03636363636363636 0.03650793650793651
1 0.6168831168831169 0.36507936507936506 0.03896103896103896 0.05714285714285714
1 0.5623376623376624 0.3619047619047619 0.033766233766233764 0.06190476190476191
1 0.5584415584415584 0.3142857142857143 0.02857142857142857 0.04285714285714286
1 0.5493506493506494 0.28888888888888886 0.01818181818181818 0.022222222222222223
1 0.5246753246753246 0.26666666666666666 0.02987012987012987 0.05396825396825397
1 0.522077922077922 0.22698412698412698 0.02077922077922078 0.03015873015873016
1 0.4987012987012987 0.19523809523809524 0.01818181818181818 0.026984126984126985
2 0.9454545454545454 0.7603174603174603 0.02857142857142857 0.12857142857142856
2 0.9636363636363636 0.7222222222222222 0.02987012987012987 0.1492063492063492