1 0.548051948051948 0.753968253968254 0.10909090909090909 0.28888888888888886
0 0.6857142857142857 0.8825396825396825 0.12337662337662338 0.23492063492063492
1 0.6155844155844156 0.3904761904761905 0.045454545454545456 0.08412698412698413
2 0.6103896103896104 0.46825396825396826 0.025974025974025976 0.08888888888888889
2 0.5623376623376624 0.31746031746031744 0.024675324675324677 0.05396825396825397
2 0.5597402597402598 0.2761904761904762 0.014285714285714285 0.050793650793650794
2 0.509090909090909 0.2222222222222222 0.011688311688311689 0.03492063492063492
2 0.5376623376623376 0.2111111111111111 0.01038961038961039 0.03968253968253968
2 0.5051948051948052 0.19682539682539682 0.00909090909090909 0.026984126984126985
2 0.5 0.1746031746031746 0.00909090909090909 0.025396825396825397
1 0.4753246753246753 0.19523809523809524 0.023376623376623377 0.047619047619047616
1 0.4948051948051948 0.15873015873015872 0.015584415584415584 0.025396825396825397
2 0.4987012987012987 0.1253968253968254 0.006493506493506494 0.020634920634920634
1 0.4948051948051948 0.10317460317460317 0.00909090909090909 0.01746031746031746
2 0.5064935064935064 0.10317460317460317 0.003896103896103896 0.014285714285714285
2 0.5 0.09206349206349207 0.003896103896103896 0.012698412698412698
2 0.5077922077922078 0.09682539682539683 0.0025974025974025974 0.011111111111111112