1 0.6909090909090909 0.8873015873015873 0.11558441558441558 0.21428571428571427
1 0.5688311688311688 0.8047619047619048 0.07012987012987013 0.1873015873015873
1 0.6428571428571429 0.6984126984126984 0.06623376623376623 0.1492063492063492
1 0.5402597402597402 0.6301587301587301 0.048051948051948054 0.14444444444444443
1 0.5168831168831168 0.4714285714285714 0.048051948051948054 0.10952380952380952
1 0.5844155844155844 0.4142857142857143 0.04285714285714286 0.10158730158730159
1 0.5 0.3380952380952381 0.03896103896103896 0.06825396825396825
1 0.5597402597402598 0.3238095238095238 0.033766233766233764 0.05396825396825397
1 0.474025974025974 0.1984126984126984 0.025974025974025976 0.05714285714285714
0 0.4948051948051948 0.1126984126984127 0.01818181818181818 0.047619047619047616
2 0.4675324675324675 0.13015873015873017 0.011688311688311689 0.01904761904761905
2 0.4844155844155844 0.12698412698412698 0.014285714285714285 0.02857142857142857
2 0.5207792207792208 0.1746031746031746 0.01038961038961039 0.02857142857142857
2 0.5428571428571428 0.21904761904761905 0.01038961038961039 0.03650793650793651
2 0.6233766233766234 0.3634920634920635 0.02207792207792208 0.08253968253968254
2 0.5896103896103896 0.4984126984126984 0.016883116883116882 0.09841269841269841
2 0.5207792207792208 0.5444444444444444 0.01818181818181818 0.06349206349206349
2 0.687012987012987 0.5031746031746032 0.023376623376623377 0.07936507936507936
2 0.5818181818181818 0.6206349206349207 0.02727272727272727 0.10476190476190476
2 0.6896103896103896 0.653968253968254 0.04025974025974026 0.09523809523809523
2 0.6246753246753247 0.953968253968254 0.033766233766233764 0.09047619047619047
2 0.7194805194805195 0.7603174603174603 0.02987012987012987 0.1126984126984127
2 0.7467532467532467 0.7206349206349206 0.02727272727272727 0.07936507936507936
2 0.7714285714285715 0.8269841269841269 0.04415584415584416 0.1619047619047619
2 0.8103896103896104 0.9174603174603174 0.033766233766233764 0.11428571428571428
2 0.7922077922077922 0.9873015873015873 0.05584415584415584 0.025396825396825397
2 0.8792207792207792 0.9698412698412698 0.02987012987012987 0.06031746031746032
2 0.9402597402597402 0.9587301587301588 0.03506493506493506 0.08253968253968254
2 0.8857142857142857 0.9253968253968254 0.046753246753246755 0.08888888888888889
2 0.8727272727272727 0.8365079365079365 0.04155844155844156 0.07777777777777778
2 0.8350649350649351 0.8507936507936508 0.04025974025974026 0.09206349206349207
2 0.8311688311688312 0.7476190476190476 0.04155844155844156 0.10793650793650794