2 0.538961038961039 0.9412698412698413 0.05194805194805195 0.11746031746031746
2 0.5142857142857142 0.7841269841269841 0.04025974025974026 0.12857142857142856
2 0.5532467532467532 0.6873015873015873 0.03116883116883117 0.11904761904761904
2 0.509090909090909 0.6253968253968254 0.033766233766233764 0.09841269841269841
2 0.7 0.8698412698412699 0.05454545454545454 0.16825396825396827
2 0.7662337662337663 0.8666666666666667 0.046753246753246755 0.15555555555555556
2 0.7597402597402597 0.6857142857142857 0.03766233766233766 0.13174603174603175
2 0.7038961038961039 0.6841269841269841 0.024675324675324677 0.11428571428571428
2 0.7233766233766233 0.626984126984127 0.02987012987012987 0.10476190476190476
2 0.6818181818181818 0.6047619047619047 0.02077922077922078 0.1
2 0.6597402597402597 0.6047619047619047 0.024675324675324677 0.09523809523809523
2 0.6506493506493507 0.5349206349206349 0.024675324675324677 0.08412698412698413
2 0.7103896103896103 0.5396825396825397 0.023376623376623377 0.08412698412698413
2 0.6805194805194805 0.5365079365079365 0.01948051948051948 0.06507936507936508
2 0.6805194805194805 0.5 0.01818181818181818 0.049206349206349205
2 0.6909090909090909 0.49047619047619045 0.01818181818181818 0.0746031746031746
2 0.6610389610389611 0.44603174603174606 0.02207792207792208 0.08095238095238096
2 0.6285714285714286 0.4031746031746032 0.016883116883116882 0.047619047619047616
2 0.5974025974025974 0.4 0.014285714285714285 0.049206349206349205
2 0.5753246753246753 0.3984126984126984 0.023376623376623377 0.050793650793650794
2 0.509090909090909 0.3984126984126984 0.023376623376623377 0.047619047619047616
2 0.4987012987012987 0.47619047619047616 0.01948051948051948 0.06349206349206349
2 0.509090909090909 0.4365079365079365 0.01948051948051948 0.049206349206349205
2 0.5116883116883116 0.31587301587301586 0.014285714285714285 0.046031746031746035
2 0.6272727272727273 0.37142857142857144 0.016883116883116882 0.044444444444444446
2 0.6051948051948052 0.37142857142857144 0.01948051948051948 0.049206349206349205
2 0.5662337662337662 0.3523809523809524 0.016883116883116882 0.05238095238095238
2 0.6025974025974026 0.33015873015873015 0.016883116883116882 0.050793650793650794
2 0.5805194805194805 0.31587301587301586 0.01038961038961039 0.044444444444444446
2 0.5662337662337662 0.2920634920634921 0.011688311688311689 0.044444444444444446
2 0.5688311688311688 0.2634920634920635 0.011688311688311689 0.0380952380952381
2 0.5753246753246753 0.28888888888888886 0.015584415584415584 0.0380952380952381
2 0.5909090909090909 0.31587301587301586 0.011688311688311689 0.0380952380952381
2 0.5545454545454546 0.2571428571428571 0.011688311688311689 0.03333333333333333
2 0.5506493506493506 0.21428571428571427 0.011688311688311689 0.03015873015873016
2 0.4636363636363636 0.2365079365079365 0.01038961038961039 0.04126984126984127
2 0.4727272727272727 0.22063492063492063 0.01038961038961039 0.026984126984126985
2 0.5 0.22380952380952382 0.015584415584415584 0.02857142857142857
2 0.4935064935064935 0.20317460317460317 0.005194805194805195 0.01746031746031746
2 0.487012987012987 0.2 0.006493506493506494 0.015873015873015872
2 0.4779220779220779 0.2 0.006493506493506494 0.01746031746031746
2 0.4896103896103896 0.18412698412698414 0.006493506493506494 0.014285714285714285
2 0.4831168831168831 0.18253968253968253 0.005194805194805195 0.015873015873015872
2 0.4792207792207792 0.16666666666666666 0.005194805194805195 0.014285714285714285
2 0.4727272727272727 0.1634920634920635 0.00909090909090909 0.012698412698412698
2 0.4662337662337662 0.16031746031746033 0.005194805194805195 0.009523809523809525
2 0.487012987012987 0.1634920634920635 0.006493506493506494 0.014285714285714285
2 0.5077922077922078 0.16984126984126985 0.005194805194805195 0.01746031746031746
2 0.5194805194805194 0.16666666666666666 0.005194805194805195 0.007936507936507936
2 0.5207792207792208 0.15714285714285714 0.0025974025974025974 0.006349206349206349
2 0.522077922077922 0.14603174603174604 0.006493506493506494 0.014285714285714285
2 0.5155844155844156 0.13968253968253969 0.006493506493506494 0.011111111111111112
2 0.5103896103896104 0.13015873015873017 0.005194805194805195 0.009523809523809525
2 0.5025974025974026 0.1349206349206349 0.003896103896103896 0.009523809523809525
2 0.509090909090909 0.13968253968253969 0.003896103896103896 0.007936507936507936
2 0.512987012987013 0.15079365079365079 0.003896103896103896 0.009523809523809525
2 0.5194805194805194 0.15873015873015872 0.003896103896103896 0.011111111111111112
2 0.512987012987013 0.1634920634920635 0.003896103896103896 0.009523809523809525
2 0.5064935064935064 0.15555555555555556 0.005194805194805195 0.012698412698412698
2 0.5 0.1619047619047619 0.006493506493506494 0.007936507936507936
2 0.4987012987012987 0.1523809523809524 0.007792207792207792 0.007936507936507936
2 0.4974025974025974 0.14603174603174604 0.005194805194805195 0.007936507936507936
2 0.4961038961038961 0.1380952380952381 0.005194805194805195 0.007936507936507936
2 0.4883116883116883 0.15396825396825398 0.003896103896103896 0.006349206349206349
2 0.487012987012987 0.16031746031746033 0.006493506493506494 0.007936507936507936
2 0.4844155844155844 0.173015873015873 0.003896103896103896 0.007936507936507936
2 0.4805194805194805 0.15396825396825398 0.005194805194805195 0.009523809523809525
2 0.474025974025974 0.15396825396825398 0.005194805194805195 0.007936507936507936
2 0.4753246753246753 0.14603174603174604 0.003896103896103896 0.007936507936507936
2 0.4714285714285714 0.1365079365079365 0.005194805194805195 0.007936507936507936
3 0.4779220779220779 0.10317460317460317 0.02857142857142857 0.02857142857142857
1 0.5025974025974026 0.10317460317460317 0.007792207792207792 0.014285714285714285
1 0.4948051948051948 0.10793650793650794 0.007792207792207792 0.01746031746031746
1 0.4909090909090909 0.11587301587301588 0.01038961038961039 0.01746031746031746
1 0.4909090909090909 0.12222222222222222 0.011688311688311689 0.014285714285714285
1 0.4857142857142857 0.12857142857142856 0.011688311688311689 0.009523809523809525
1 0.4883116883116883 0.14285714285714285 0.012987012987012988 0.01904761904761905
1 0.5012987012987012 0.12222222222222222 0.014285714285714285 0.01746031746031746
1 0.4649350649350649 0.1746031746031746 0.016883116883116882 0.023809523809523808
1 0.4675324675324675 0.2 0.01948051948051948 0.03333333333333333
1 0.4987012987012987 0.18253968253968253 0.011688311688311689 0.025396825396825397
3 0.509090909090909 0.20952380952380953 0.025974025974025976 0.05396825396825397
3 0.5168831168831168 0.17777777777777778 0.01038961038961039 0.01746031746031746
1 0.525974025974026 0.2 0.02207792207792208 0.01904761904761905
1 0.5376623376623376 0.21904761904761905 0.024675324675324677 0.03968253968253968
1 0.4831168831168831 0.273015873015873 0.032467532467532464 0.044444444444444446
1 0.5311688311688312 0.26825396825396824 0.032467532467532464 0.05396825396825397
1 0.4896103896103896 0.3253968253968254 0.04155844155844156 0.0761904761904762
1 0.535064935064935 0.326984126984127 0.03766233766233766 0.07936507936507936
1 0.5571428571428572 0.4492063492063492 0.053246753246753244 0.0873015873015873
1 0.6168831168831169 0.45555555555555555 0.05454545454545454 0.10317460317460317
1 0.5428571428571428 0.5380952380952381 0.06103896103896104 0.11746031746031746
1 0.6285714285714286 0.6492063492063492 0.08311688311688312 0.18095238095238095
1 0.638961038961039 0.9365079365079365 0.1025974025974026 0.12698412698412698
1 0.7961038961038961 0.9603174603174603 0.11298701298701298 0.07777777777777778
1 0.8597402597402597 0.8650793650793651 0.13116883116883116 0.25873015873015875