2 0.7909090909090909 0.9714285714285714 0.032467532467532464 0.05555555555555555
2 0.8246753246753247 0.9603174603174603 0.03896103896103896 0.07936507936507936
2 0.8662337662337662 0.9571428571428572 0.03896103896103896 0.08412698412698413
2 0.9064935064935065 0.9619047619047619 0.03766233766233766 0.0761904761904762
2 0.925974025974026 0.9428571428571428 0.03116883116883117 0.08412698412698413
2 0.9636363636363636 0.9714285714285714 0.03766233766233766 0.05555555555555555
2 0.9467532467532468 0.8809523809523809 0.03506493506493506 0.09365079365079365
2 0.8857142857142857 0.8682539682539683 0.03766233766233766 0.11587301587301588
2 0.8545454545454545 0.8634920634920635 0.03116883116883117 0.09047619047619047
2 0.8220779220779221 0.8777777777777778 0.03506493506493506 0.09047619047619047
2 0.7597402597402597 0.9222222222222223 0.04155844155844156 0.10952380952380952
2 0.7844155844155845 0.8793650793650793 0.04025974025974026 0.12857142857142856
2 0.7207792207792207 0.8238095238095238 0.02857142857142857 0.1
2 0.7038961038961039 0.7682539682539683 0.032467532467532464 0.08888888888888889
2 0.7545454545454545 0.7888888888888889 0.02077922077922078 0.10793650793650794
2 0.7922077922077922 0.7873015873015873 0.023376623376623377 0.09206349206349207
2 0.8298701298701299 0.7984126984126985 0.025974025974025976 0.09523809523809523
2 0.8467532467532467 0.7761904761904762 0.01948051948051948 0.09523809523809523
2 0.8324675324675325 0.7333333333333333 0.014285714285714285 0.06984126984126984
2 0.8038961038961039 0.734920634920635 0.02987012987012987 0.05714285714285714
2 0.8 0.6968253968253968 0.02727272727272727 0.07142857142857142
2 0.7558441558441559 0.7222222222222222 0.024675324675324677 0.05714285714285714
2 0.7649350649350649 0.7031746031746032 0.024675324675324677 0.09682539682539683
2 0.7623376623376623 0.6571428571428571 0.02857142857142857 0.06666666666666667
2 0.7363636363636363 0.6761904761904762 0.014285714285714285 0.08571428571428572
2 0.7155844155844155 0.6904761904761905 0.02077922077922078 0.1
2 0.6896103896103896 0.6682539682539682 0.01948051948051948 0.08888888888888889
2 0.6324675324675325 0.7904761904761904 0.025974025974025976 0.10952380952380952
2 0.5974025974025974 0.7968253968253968 0.03636363636363636 0.12063492063492064
2 0.5883116883116883 0.707936507936508 0.025974025974025976 0.09047619047619047
2 0.5493506493506494 0.7523809523809524 0.025974025974025976 0.03650793650793651
2 0.577922077922078 0.6476190476190476 0.025974025974025976 0.07777777777777778
2 0.5727272727272728 0.5952380952380952 0.014285714285714285 0.06507936507936508
2 0.5714285714285714 0.5523809523809524 0.03636363636363636 0.0873015873015873
2 0.6376623376623377 0.5349206349206349 0.01818181818181818 0.07936507936507936
2 0.7454545454545455 0.6031746031746031 0.024675324675324677 0.06984126984126984
2 0.7259740259740259 0.580952380952381 0.02207792207792208 0.0873015873015873
2 0.712987012987013 0.5238095238095238 0.01818181818181818 0.05714285714285714
2 0.6987012987012987 0.48412698412698413 0.01818181818181818 0.047619047619047616
2 0.674025974025974 0.48412698412698413 0.012987012987012988 0.02857142857142857
2 0.6727272727272727 0.45714285714285713 0.016883116883116882 0.03492063492063492
2 0.6480519480519481 0.4777777777777778 0.01948051948051948 0.05714285714285714
2 0.6610389610389611 0.4507936507936508 0.02077922077922078 0.06825396825396825
2 0.612987012987013 0.49047619047619045 0.014285714285714285 0.047619047619047616
2 0.5818181818181818 0.48412698412698413 0.01038961038961039 0.0380952380952381
2 0.5896103896103896 0.46825396825396826 0.014285714285714285 0.050793650793650794
2 0.5688311688311688 0.4793650793650794 0.01818181818181818 0.05396825396825397
2 0.561038961038961 0.45714285714285713 0.01948051948051948 0.06666666666666667
2 0.5675324675324676 0.4301587301587302 0.02077922077922078 0.049206349206349205
2 0.5532467532467532 0.40793650793650793 0.007792207792207792 0.031746031746031744
2 0.5428571428571428 0.4031746031746032 0.007792207792207792 0.03333333333333333
2 0.5311688311688312 0.3952380952380952 0.014285714285714285 0.04126984126984127
2 0.5272727272727272 0.3634920634920635 0.012987012987012988 0.04285714285714286
2 0.6337662337662338 0.4301587301587302 0.012987012987012988 0.050793650793650794
2 0.6480519480519481 0.4174603174603175 0.015584415584415584 0.06031746031746032
2 0.6480519480519481 0.3873015873015873 0.00909090909090909 0.044444444444444446
2 0.638961038961039 0.36984126984126986 0.014285714285714285 0.046031746031746035
2 0.6220779220779221 0.3888888888888889 0.01818181818181818 0.03650793650793651
2 0.625974025974026 0.3619047619047619 0.01818181818181818 0.049206349206349205
2 0.5987012987012987 0.36984126984126986 0.011688311688311689 0.020634920634920634
2 0.6103896103896104 0.36666666666666664 0.011688311688311689 0.025396825396825397
2 0.6025974025974026 0.3476190476190476 0.007792207792207792 0.02857142857142857
2 0.6142857142857143 0.3380952380952381 0.014285714285714285 0.020634920634920634
2 0.612987012987013 0.319047619047619 0.01038961038961039 0.0380952380952381
2 0.5922077922077922 0.3333333333333333 0.01818181818181818 0.03015873015873016
2 0.6038961038961039 0.30158730158730157 0.01038961038961039 0.026984126984126985
2 0.5909090909090909 0.30158730158730157 0.007792207792207792 0.020634920634920634
2 0.5818181818181818 0.30793650793650795 0.007792207792207792 0.023809523809523808
2 0.5857142857142857 0.28888888888888886 0.00909090909090909 0.011111111111111112
2 0.5883116883116883 0.2761904761904762 0.011688311688311689 0.020634920634920634
2 0.5948051948051948 0.28095238095238095 0.007792207792207792 0.01746031746031746
2 0.5506493506493506 0.3047619047619048 0.00909090909090909 0.03333333333333333
2 0.5584415584415584 0.29365079365079366 0.01038961038961039 0.0380952380952381
2 0.574025974025974 0.28253968253968254 0.012987012987012988 0.02857142857142857
2 0.5441558441558442 0.2873015873015873 0.01038961038961039 0.023809523809523808
2 0.5441558441558442 0.26666666666666666 0.00909090909090909 0.01746031746031746
2 0.5051948051948052 0.3142857142857143 0.011688311688311689 0.03650793650793651
2 0.4714285714285714 0.2873015873015873 0.00909090909090909 0.046031746031746035
2 0.4883116883116883 0.2873015873015873 0.007792207792207792 0.01746031746031746
2 0.4974025974025974 0.2857142857142857 0.00909090909090909 0.03333333333333333
2 0.5012987012987012 0.2571428571428571 0.00909090909090909 0.026984126984126985
2 0.4909090909090909 0.2396825396825397 0.007792207792207792 0.03015873015873016
2 0.4961038961038961 0.24603174603174602 0.006493506493506494 0.023809523809523808
2 0.5285714285714286 0.2619047619047619 0.00909090909090909 0.031746031746031744
2 0.535064935064935 0.24126984126984127 0.007792207792207792 0.02857142857142857
2 0.5558441558441558 0.2619047619047619 0.00909090909090909 0.01904761904761905
2 0.5714285714285714 0.25873015873015875 0.01038961038961039 0.026984126984126985
2 0.561038961038961 0.24285714285714285 0.00909090909090909 0.020634920634920634
2 0.5493506493506494 0.2253968253968254 0.01038961038961039 0.020634920634920634
2 0.5571428571428572 0.23333333333333334 0.01038961038961039 0.01904761904761905
2 0.5714285714285714 0.23809523809523808 0.005194805194805195 0.020634920634920634
2 0.45324675324675323 0.2 0.006493506493506494 0.03333333333333333
2 0.4792207792207792 0.21428571428571427 0.003896103896103896 0.022222222222222223
2 0.4883116883116883 0.20952380952380953 0.01038961038961039 0.023809523809523808
2 0.4974025974025974 0.20634920634920634 0.006493506493506494 0.020634920634920634
2 0.4974025974025974 0.19047619047619047 0.006493506493506494 0.012698412698412698
2 0.4857142857142857 0.19047619047619047 0.007792207792207792 0.01746031746031746
2 0.4896103896103896 0.17777777777777778 0.006493506493506494 0.01746031746031746
2 0.5272727272727272 0.23015873015873015 0.00909090909090909 0.023809523809523808
2 0.5376623376623376 0.20793650793650795 0.00909090909090909 0.022222222222222223
2 0.5454545454545454 0.20476190476190476 0.005194805194805195 0.014285714285714285
2 0.5506493506493506 0.20793650793650795 0.006493506493506494 0.015873015873015872
2 0.5311688311688312 0.18412698412698414 0.01038961038961039 0.01746031746031746
2 0.5272727272727272 0.19365079365079366 0.007792207792207792 0.01746031746031746
2 0.522077922077922 0.1746031746031746 0.005194805194805195 0.012698412698412698
2 0.5168831168831168 0.15714285714285714 0.006493506493506494 0.01746031746031746
2 0.5103896103896104 0.1365079365079365 0.006493506493506494 0.014285714285714285
2 0.4753246753246753 0.15396825396825398 0.006493506493506494 0.01904761904761905
2 0.4935064935064935 0.09523809523809523 0.003896103896103896 0.014285714285714285
2 0.5038961038961038 0.12222222222222222 0.003896103896103896 0.011111111111111112
2 0.5077922077922078 0.12380952380952381 0.005194805194805195 0.011111111111111112
2 0.5025974025974026 0.10158730158730159 0.003896103896103896 0.012698412698412698
1 0.6896103896103896 0.9 0.11818181818181818 0.2
1 0.5545454545454546 0.8761904761904762 0.1012987012987013 0.24761904761904763
1 0.6415584415584416 0.6730158730158731 0.08441558441558442 0.18412698412698414
1 0.5285714285714286 0.6682539682539682 0.07662337662337662 0.16825396825396827
1 0.6857142857142857 0.5761904761904761 0.07142857142857142 0.16507936507936508
1 0.5974025974025974 0.5444444444444444 0.05064935064935065 0.12063492063492064
1 0.5233766233766234 0.5365079365079365 0.05584415584415584 0.12857142857142856
1 0.5337662337662338 0.4714285714285714 0.05454545454545454 0.12857142857142856
1 0.6025974025974026 0.42857142857142855 0.048051948051948054 0.10476190476190476
1 0.5662337662337662 0.3825396825396825 0.04415584415584416 0.08888888888888889
1 0.5701298701298702 0.33650793650793653 0.032467532467532464 0.06190476190476191
1 0.5 0.4238095238095238 0.04025974025974026 0.10634920634920635
1 0.4987012987012987 0.35555555555555557 0.033766233766233764 0.05555555555555555
1 0.5285714285714286 0.3111111111111111 0.02987012987012987 0.05555555555555555
1 0.4909090909090909 0.32222222222222224 0.033766233766233764 0.05555555555555555
1 0.5168831168831168 0.2714285714285714 0.02077922077922078 0.03492063492063492
1 0.5155844155844156 0.24603174603174602 0.02077922077922078 0.03492063492063492
1 0.5103896103896104 0.22063492063492063 0.024675324675324677 0.031746031746031744
1 0.4792207792207792 0.2523809523809524 0.023376623376623377 0.044444444444444446
1 0.4714285714285714 0.2253968253968254 0.01948051948051948 0.020634920634920634
1 0.4636363636363636 0.20317460317460317 0.02207792207792208 0.03015873015873016
1 0.5181818181818182 0.20634920634920634 0.02077922077922078 0.020634920634920634
1 0.5181818181818182 0.1873015873015873 0.02207792207792208 0.023809523809523808
1 0.5103896103896104 0.16984126984126985 0.016883116883116882 0.020634920634920634
1 0.4727272727272727 0.18412698412698414 0.01948051948051948 0.020634920634920634
1 0.4675324675324675 0.16825396825396827 0.016883116883116882 0.012698412698412698
1 0.4636363636363636 0.15396825396825398 0.014285714285714285 0.01904761904761905
1 0.4623376623376623 0.14444444444444443 0.011688311688311689 0.009523809523809525
1 0.4974025974025974 0.15555555555555556 0.012987012987012988 0.015873015873015872
1 0.487012987012987 0.1492063492063492 0.016883116883116882 0.020634920634920634
1 0.4831168831168831 0.1365079365079365 0.016883116883116882 0.011111111111111112
1 0.4831168831168831 0.12698412698412698 0.01038961038961039 0.009523809523809525
1 0.4818181818181818 0.12222222222222222 0.00909090909090909 0.007936507936507936
1 0.4818181818181818 0.11428571428571428 0.006493506493506494 0.006349206349206349
1 0.461038961038961 0.12222222222222222 0.00909090909090909 0.012698412698412698
1 0.4675324675324675 0.11428571428571428 0.01038961038961039 0.009523809523809525
1 0.4675324675324675 0.10793650793650794 0.006493506493506494 0.006349206349206349
1 0.4727272727272727 0.10634920634920635 0.005194805194805195 0.014285714285714285
1 0.4779220779220779 0.10476190476190476 0.003896103896103896 0.009523809523809525
1 0.5012987012987012 0.1380952380952381 0.00909090909090909 0.012698412698412698
1 0.4974025974025974 0.13015873015873017 0.01038961038961039 0.0031746031746031746
1 0.4974025974025974 0.1253968253968254 0.012987012987012988 0.006349206349206349
1 0.4948051948051948 0.11904761904761904 0.00909090909090909 0.007936507936507936
1 0.4974025974025974 0.1126984126984127 0.01038961038961039 0.011111111111111112
3 0.4623376623376623 0.13333333333333333 0.016883116883116882 0.01746031746031746
3 0.4883116883116883 0.1 0.014285714285714285 0.023809523809523808