2 0.9493506493506494 0.9809523809523809 0.023376623376623377 0.03650793650793651
2 0.874025974025974 0.9444444444444444 0.03506493506493506 0.10476190476190476
2 0.9051948051948052 0.9253968253968254 0.032467532467532464 0.11587301587301588
2 0.825974025974026 0.9142857142857143 0.033766233766233764 0.1523809523809524
2 0.8519480519480519 0.7587301587301587 0.03116883116883117 0.12222222222222222
2 0.8441558441558441 0.8698412698412699 0.025974025974025976 0.11746031746031746
2 0.7922077922077922 0.8301587301587302 0.025974025974025976 0.11904761904761904
2 0.6571428571428571 0.8984126984126984 0.03896103896103896 0.15555555555555556
2 0.6350649350649351 0.8158730158730159 0.02987012987012987 0.14126984126984127
2 0.6272727272727273 0.7253968253968254 0.024675324675324677 0.07142857142857142
2 0.625974025974026 0.6460317460317461 0.02727272727272727 0.09365079365079365
3 0.5571428571428572 0.7412698412698413 0.09610389610389611 0.4253968253968254
2 0.5961038961038961 0.5619047619047619 0.02727272727272727 0.0746031746031746
3 0.7142857142857143 0.7492063492063492 0.14155844155844155 0.35714285714285715
2 0.687012987012987 0.5523809523809524 0.023376623376623377 0.06507936507936508
1 0.6441558441558441 0.5476190476190477 0.06753246753246753 0.12857142857142856
2 0.6649350649350649 0.5063492063492063 0.01818181818181818 0.05396825396825397
2 0.712987012987013 0.5507936507936508 0.01818181818181818 0.06349206349206349
2 0.7025974025974026 0.5079365079365079 0.02207792207792208 0.06349206349206349
2 0.6909090909090909 0.4873015873015873 0.016883116883116882 0.05714285714285714
2 0.6805194805194805 0.4603174603174603 0.01818181818181818 0.06666666666666667
2 0.6012987012987013 0.49682539682539684 0.01818181818181818 0.0761904761904762
3 0.5285714285714286 0.4380952380952381 0.09350649350649351 0.22857142857142856
2 0.574025974025974 0.473015873015873 0.014285714285714285 0.07936507936507936
2 0.6285714285714286 0.45555555555555555 0.04935064935064935 0.06031746031746032
2 0.6610389610389611 0.42857142857142855 0.01948051948051948 0.06031746031746032
1 0.6220779220779221 0.3968253968253968 0.048051948051948054 0.06825396825396825
2 0.6506493506493507 0.40476190476190477 0.016883116883116882 0.05714285714285714
2 0.6402597402597403 0.36666666666666664 0.015584415584415584 0.04285714285714286
1 0.5766233766233766 0.4031746031746032 0.03896103896103896 0.0873015873015873
1 0.5662337662337662 0.353968253968254 0.03506493506493506 0.05873015873015873
1 0.5896103896103896 0.3349206349206349 0.03636363636363636 0.0746031746031746
2 0.5987012987012987 0.3603174603174603 0.014285714285714285 0.050793650793650794
3 0.5051948051948052 0.3111111111111111 0.045454545454545456 0.08095238095238096
2 0.5051948051948052 0.24444444444444444 0.01038961038961039 0.03492063492063492
2 0.522077922077922 0.24761904761904763 0.012987012987012988 0.0380952380952381
1 0.5467532467532468 0.32063492063492066 0.02207792207792208 0.05238095238095238
2 0.5571428571428572 0.26666666666666666 0.025974025974025976 0.050793650793650794
1 0.5571428571428572 0.2619047619047619 0.024675324675324677 0.04285714285714286
2 0.5545454545454546 0.23492063492063492 0.006493506493506494 0.011111111111111112
2 0.5246753246753246 0.2968253968253968 0.011688311688311689 0.044444444444444446
2 0.474025974025974 0.33015873015873015 0.016883116883116882 0.05238095238095238
2 0.4753246753246753 0.29523809523809524 0.007792207792207792 0.0380952380952381
2 0.5428571428571428 0.28888888888888886 0.00909090909090909 0.01904761904761905
2 0.561038961038961 0.30952380952380953 0.01038961038961039 0.044444444444444446
1 0.587012987012987 0.28888888888888886 0.03896103896103896 0.06666666666666667
2 0.5753246753246753 0.25396825396825395 0.007792207792207792 0.031746031746031744
2 0.5844155844155844 0.25873015873015875 0.00909090909090909 0.015873015873015872
2 0.5012987012987012 0.13174603174603175 0.00909090909090909 0.01746031746031746
2 0.509090909090909 0.10634920634920635 0.00909090909090909 0.01904761904761905
1 0.4779220779220779 0.2396825396825397 0.02857142857142857 0.05396825396825397
1 0.7779220779220779 0.6714285714285714 0.1038961038961039 0.19682539682539682
1 0.7350649350649351 0.9412698412698413 0.09480519480519481 0.11746031746031746