2 0.6805194805194805 0.9634920634920635 0.04415584415584416 0.07301587301587302
2 0.5714285714285714 0.9317460317460318 0.03506493506493506 0.1365079365079365
2 0.5194805194805194 0.7126984126984127 0.03116883116883117 0.12380952380952381
2 0.5948051948051948 0.7825396825396825 0.03766233766233766 0.1523809523809524
2 0.6480519480519481 0.7857142857142857 0.025974025974025976 0.14126984126984127
2 0.7714285714285715 0.819047619047619 0.04935064935064935 0.16666666666666666
2 0.8324675324675325 0.7873015873015873 0.04025974025974026 0.13333333333333333
2 0.9896103896103896 0.8587301587301587 0.01948051948051948 0.1349206349206349
2 0.6181818181818182 0.6444444444444445 0.02857142857142857 0.11428571428571428
2 0.5597402597402598 0.6841269841269841 0.033766233766233764 0.12222222222222222
2 0.538961038961039 0.3952380952380952 0.02077922077922078 0.06031746031746032
2 0.6168831168831169 0.45714285714285713 0.015584415584415584 0.08095238095238096
2 0.6402597402597403 0.4523809523809524 0.014285714285714285 0.014285714285714285
2 0.6012987012987013 0.4253968253968254 0.01818181818181818 0.06349206349206349
2 0.5675324675324676 0.38095238095238093 0.011688311688311689 0.03333333333333333
2 0.587012987012987 0.3873015873015873 0.016883116883116882 0.04285714285714286
2 0.5792207792207792 0.36666666666666664 0.012987012987012988 0.0380952380952381
2 0.5597402597402598 0.3603174603174603 0.012987012987012988 0.049206349206349205
2 0.5558441558441558 0.33015873015873015 0.012987012987012988 0.049206349206349205
2 0.5792207792207792 0.3238095238095238 0.015584415584415584 0.050793650793650794
2 0.6077922077922078 0.33174603174603173 0.015584415584415584 0.044444444444444446
2 0.6220779220779221 0.3396825396825397 0.014285714285714285 0.02857142857142857
2 0.4792207792207792 0.319047619047619 0.016883116883116882 0.047619047619047616
2 0.561038961038961 0.2968253968253968 0.014285714285714285 0.02857142857142857
2 0.5818181818181818 0.2777777777777778 0.00909090909090909 0.026984126984126985
2 0.5896103896103896 0.2968253968253968 0.01038961038961039 0.044444444444444446
2 0.574025974025974 0.2841269841269841 0.012987012987012988 0.02857142857142857
2 0.5584415584415584 0.26031746031746034 0.01818181818181818 0.04126984126984127
2 0.5714285714285714 0.25873015873015875 0.00909090909090909 0.026984126984126985
2 0.5623376623376624 0.23492063492063492 0.01038961038961039 0.015873015873015872
2 0.4636363636363636 0.43492063492063493 0.007792207792207792 0.04285714285714286
2 0.4844155844155844 0.25396825396825395 0.012987012987012988 0.01904761904761905
2 0.4974025974025974 0.2492063492063492 0.007792207792207792 0.022222222222222223
2 0.4805194805194805 0.20793650793650795 0.01038961038961039 0.012698412698412698
2 0.4857142857142857 0.2222222222222222 0.012987012987012988 0.023809523809523808
2 0.4974025974025974 0.2253968253968254 0.00909090909090909 0.025396825396825397
2 0.5012987012987012 0.23492063492063492 0.00909090909090909 0.01746031746031746
2 0.5441558441558442 0.22380952380952382 0.00909090909090909 0.02857142857142857
2 0.5493506493506494 0.2396825396825397 0.01038961038961039 0.0380952380952381
2 0.5402597402597402 0.20317460317460317 0.011688311688311689 0.01904761904761905
2 0.509090909090909 0.2126984126984127 0.011688311688311689 0.04126984126984127
2 0.5168831168831168 0.19682539682539682 0.0025974025974025974 0.01746031746031746
2 0.5246753246753246 0.18253968253968253 0.01038961038961039 0.012698412698412698
2 0.509090909090909 0.18253968253968253 0.005194805194805195 0.011111111111111112
2 0.4831168831168831 0.19365079365079366 0.007792207792207792 0.007936507936507936
2 0.4922077922077922 0.18412698412698414 0.006493506493506494 0.015873015873015872
2 0.4935064935064935 0.19682539682539682 0.01038961038961039 0.01746031746031746
2 0.5012987012987012 0.18095238095238095 0.00909090909090909 0.014285714285714285
2 0.4779220779220779 0.17936507936507937 0.007792207792207792 0.023809523809523808
2 0.4857142857142857 0.1761904761904762 0.005194805194805195 0.01904761904761905
2 0.4922077922077922 0.17142857142857143 0.006493506493506494 0.025396825396825397
2 0.5 0.16666666666666666 0.005194805194805195 0.011111111111111112
2 0.5103896103896104 0.1619047619047619 0.003896103896103896 0.014285714285714285
2 0.5181818181818182 0.1619047619047619 0.007792207792207792 0.020634920634920634
2 0.4974025974025974 0.15555555555555556 0.006493506493506494 0.006349206349206349
2 0.4896103896103896 0.12698412698412698 0.00909090909090909 0.01904761904761905
2 0.4753246753246753 0.12380952380952381 0.006493506493506494 0.015873015873015872
2 0.4805194805194805 0.12222222222222222 0.005194805194805195 0.014285714285714285
2 0.4753246753246753 0.14761904761904762 0.006493506493506494 0.01746031746031746
2 0.4974025974025974 0.10952380952380952 0.003896103896103896 0.007936507936507936
1 0.5181818181818182 0.4746031746031746 0.05064935064935065 0.12063492063492064
1 0.577922077922078 0.46190476190476193 0.053246753246753244 0.10952380952380952
1 0.6545454545454545 0.5285714285714286 0.07402597402597402 0.14444444444444443
1 0.6246753246753247 0.39206349206349206 0.046753246753246755 0.09365079365079365
1 0.4961038961038961 0.3746031746031746 0.03636363636363636 0.0761904761904762
1 0.812987012987013 0.9857142857142858 0.14025974025974025 0.026984126984126985
1 0.4701298701298701 0.22857142857142856 0.023376623376623377 0.046031746031746035
1 0.5285714285714286 0.20476190476190476 0.02207792207792208 0.03333333333333333
1 0.4649350649350649 0.18095238095238095 0.01948051948051948 0.0380952380952381
1 0.4675324675324675 0.15555555555555556 0.015584415584415584 0.020634920634920634
1 0.487012987012987 0.1492063492063492 0.016883116883116882 0.026984126984126985
1 0.5064935064935064 0.14444444444444443 0.012987012987012988 0.023809523809523808
1 0.4649350649350649 0.14126984126984127 0.011688311688311689 0.012698412698412698
1 0.4675324675324675 0.12857142857142856 0.011688311688311689 0.014285714285714285
1 0.4896103896103896 0.10317460317460317 0.006493506493506494 0.012698412698412698
1 0.5 0.09841269841269841 0.005194805194805195 0.007936507936507936
1 0.5064935064935064 0.10158730158730159 0.005194805194805195 0.012698412698412698
1 0.5207792207792208 0.25396825396825395 0.01818181818181818 0.03015873015873016
3 0.5324675324675324 0.2904761904761905 0.03506493506493506 0.06666666666666667
1 0.4896103896103896 0.28888888888888886 0.03116883116883117 0.06031746031746032
1 0.5038961038961038 0.12380952380952381 0.01038961038961039 0.014285714285714285
1 0.5077922077922078 0.11428571428571428 0.007792207792207792 0.012698412698412698
2 0.5363636363636364 0.2253968253968254 0.005194805194805195 0.012698412698412698
2 0.5363636363636364 0.24126984126984127 0.01038961038961039 0.01746031746031746
2 0.538961038961039 0.17777777777777778 0.00909090909090909 0.015873015873015872
2 0.5298701298701298 0.1619047619047619 0.006493506493506494 0.015873015873015872