3 0.5714285714285714 0.7619047619047619 0.12337662337662338 0.3825396825396825
3 0.5883116883116883 0.3761904761904762 0.08571428571428572 0.18888888888888888
3 0.4701298701298701 0.19682539682539682 0.02987012987012987 0.05873015873015873
3 0.5064935064935064 0.1984126984126984 0.025974025974025976 0.050793650793650794
3 0.5636363636363636 0.33650793650793653 0.07142857142857142 0.11746031746031746
1 0.6116883116883117 0.9682539682539683 0.08961038961038961 0.06349206349206349
1 0.712987012987013 0.638095238095238 0.07142857142857142 0.14444444444444443
1 0.6350649350649351 0.6126984126984127 0.07012987012987013 0.15079365079365079
1 0.525974025974026 0.5650793650793651 0.06103896103896104 0.1126984126984127
1 0.6090909090909091 0.5126984126984127 0.05974025974025974 0.09523809523809523
1 0.6766233766233766 0.5031746031746032 0.06233766233766234 0.12857142857142856
1 0.5051948051948052 0.3761904761904762 0.05194805194805195 0.08253968253968254
1 0.5441558441558442 0.2761904761904762 0.024675324675324677 0.04126984126984127
1 0.5194805194805194 0.2571428571428571 0.02727272727272727 0.05238095238095238
1 0.4805194805194805 0.24761904761904763 0.02207792207792208 0.03333333333333333
1 0.5181818181818182 0.23333333333333334 0.02077922077922078 0.031746031746031744
1 0.5428571428571428 0.23174603174603176 0.02207792207792208 0.03015873015873016
1 0.4701298701298701 0.11904761904761904 0.015584415584415584 0.01904761904761905
2 0.6857142857142857 0.9650793650793651 0.03766233766233766 0.06666666666666667
2 0.7428571428571429 0.9746031746031746 0.02077922077922078 0.050793650793650794
2 0.7636363636363637 0.9492063492063492 0.03896103896103896 0.10158730158730159
2 0.8220779220779221 0.9603174603174603 0.05584415584415584 0.07936507936507936
2 0.8857142857142857 0.9523809523809523 0.03636363636363636 0.09365079365079365
2 0.974025974025974 0.9523809523809523 0.05194805194805195 0.09523809523809523
2 0.9103896103896104 0.9253968253968254 0.06493506493506493 0.1492063492063492
2 0.8298701298701299 0.8968253968253969 0.048051948051948054 0.09682539682539683
2 0.8454545454545455 0.734920634920635 0.05844155844155844 0.11904761904761904
2 0.7103896103896103 0.8777777777777778 0.05064935064935065 0.16031746031746033
2 0.6584415584415585 0.8285714285714286 0.03896103896103896 0.1365079365079365
2 0.7246753246753247 0.8111111111111111 0.03116883116883117 0.15079365079365079
2 0.7805194805194805 0.8507936507936508 0.048051948051948054 0.11746031746031746
2 0.8285714285714286 0.8301587301587302 0.033766233766233764 0.1492063492063492
2 0.8428571428571429 0.819047619047619 0.03896103896103896 0.1253968253968254
2 0.8038961038961039 0.7174603174603175 0.03636363636363636 0.10634920634920635
2 0.7935064935064935 0.746031746031746 0.04415584415584416 0.09523809523809523
2 0.7636363636363637 0.7492063492063492 0.05454545454545454 0.11746031746031746
2 0.7220779220779221 0.719047619047619 0.048051948051948054 0.09523809523809523
2 0.7792207792207793 0.7984126984126985 0.053246753246753244 0.10634920634920635
2 0.638961038961039 0.7412698412698413 0.048051948051948054 0.1380952380952381
2 0.7480519480519481 0.6095238095238096 0.04025974025974026 0.0873015873015873
2 0.7350649350649351 0.5571428571428572 0.02987012987012987 0.0761904761904762
2 0.7064935064935065 0.5095238095238095 0.02857142857142857 0.08095238095238096
2 0.6935064935064935 0.4650793650793651 0.02987012987012987 0.05396825396825397
2 0.6454545454545455 0.473015873015873 0.02727272727272727 0.07142857142857142
2 0.687012987012987 0.4301587301587302 0.032467532467532464 0.0380952380952381
2 0.6532467532467533 0.4507936507936508 0.012987012987012988 0.03333333333333333
2 0.6636363636363637 0.44761904761904764 0.011688311688311689 0.031746031746031744
2 0.6350649350649351 0.4126984126984127 0.01948051948051948 0.025396825396825397
2 0.6311688311688312 0.44603174603174606 0.012987012987012988 0.049206349206349205
2 0.6649350649350649 0.41904761904761906 0.02727272727272727 0.0380952380952381
2 0.6545454545454545 0.4365079365079365 0.02077922077922078 0.03492063492063492
2 0.6506493506493507 0.3904761904761905 0.014285714285714285 0.049206349206349205
2 0.6662337662337663 0.40634920634920635 0.016883116883116882 0.05555555555555555
2 0.6337662337662338 0.3904761904761905 0.01818181818181818 0.03333333333333333
2 0.6428571428571429 0.3619047619047619 0.02077922077922078 0.02857142857142857
2 0.6285714285714286 0.36507936507936506 0.015584415584415584 0.0380952380952381
2 0.6298701298701299 0.33650793650793653 0.023376623376623377 0.031746031746031744
2 0.6181818181818182 0.3111111111111111 0.01818181818181818 0.03015873015873016
2 0.4831168831168831 0.3412698412698413 0.02077922077922078 0.044444444444444446
2 0.6038961038961039 0.27936507936507937 0.01948051948051948 0.04285714285714286
2 0.4753246753246753 0.30952380952380953 0.01038961038961039 0.03333333333333333
2 0.4779220779220779 0.33015873015873015 0.012987012987012988 0.049206349206349205
2 0.4922077922077922 0.30952380952380953 0.016883116883116882 0.03650793650793651
2 0.5038961038961038 0.3111111111111111 0.01038961038961039 0.04126984126984127
2 0.5207792207792208 0.319047619047619 0.01948051948051948 0.044444444444444446
2 0.4844155844155844 0.2777777777777778 0.023376623376623377 0.03650793650793651
2 0.587012987012987 0.28253968253968254 0.015584415584415584 0.03333333333333333
2 0.577922077922078 0.27936507936507937 0.011688311688311689 0.03492063492063492
2 0.5675324675324676 0.273015873015873 0.01038961038961039 0.026984126984126985
2 0.5584415584415584 0.2714285714285714 0.014285714285714285 0.031746031746031744
2 0.5974025974025974 0.2634920634920635 0.016883116883116882 0.026984126984126985
2 0.5844155844155844 0.26031746031746034 0.014285714285714285 0.022222222222222223
2 0.574025974025974 0.26031746031746034 0.014285714285714285 0.02857142857142857
2 0.5571428571428572 0.2523809523809524 0.015584415584415584 0.020634920634920634
2 0.5662337662337662 0.2492063492063492 0.011688311688311689 0.02857142857142857
2 0.5753246753246753 0.24126984126984127 0.014285714285714285 0.01904761904761905
2 0.5597402597402598 0.2365079365079365 0.00909090909090909 0.022222222222222223
2 0.4987012987012987 0.24285714285714285 0.015584415584415584 0.03650793650793651
2 0.5623376623376624 0.22380952380952382 0.014285714285714285 0.01904761904761905
2 0.5558441558441558 0.20476190476190476 0.01948051948051948 0.023809523809523808
2 0.5454545454545454 0.2126984126984127 0.025974025974025976 0.022222222222222223
2 0.5415584415584416 0.20317460317460317 0.02207792207792208 0.01904761904761905
2 0.5415584415584416 0.19206349206349208 0.02207792207792208 0.01746031746031746
2 0.525974025974026 0.18095238095238095 0.02077922077922078 0.02857142857142857
2 0.4896103896103896 0.18253968253968253 0.016883116883116882 0.03015873015873016
2 0.5025974025974026 0.16507936507936508 0.012987012987012988 0.023809523809523808
2 0.512987012987013 0.15396825396825398 0.00909090909090909 0.020634920634920634
2 0.487012987012987 0.16031746031746033 0.011688311688311689 0.020634920634920634
2 0.4766233766233766 0.16031746031746033 0.01038961038961039 0.01904761904761905
2 0.4662337662337662 0.16031746031746033 0.011688311688311689 0.020634920634920634
2 0.5103896103896104 0.14126984126984127 0.014285714285714285 0.020634920634920634
2 0.5 0.14285714285714285 0.012987012987012988 0.020634920634920634
2 0.4935064935064935 0.14761904761904762 0.014285714285714285 0.01746031746031746
2 0.474025974025974 0.14444444444444443 0.015584415584415584 0.015873015873015872
2 0.4688311688311688 0.13333333333333333 0.011688311688311689 0.012698412698412698
2 0.5064935064935064 0.12698412698412698 0.011688311688311689 0.012698412698412698
2 0.5012987012987012 0.11587301587301588 0.01038961038961039 0.014285714285714285
2 0.4922077922077922 0.10793650793650794 0.011688311688311689 0.014285714285714285
2 0.5038961038961038 0.10158730158730159 0.005194805194805195 0.011111111111111112
2 0.4896103896103896 0.09365079365079365 0.005194805194805195 0.009523809523809525
2 0.4948051948051948 0.09841269841269841 0.0025974025974025974 0.012698412698412698
2 0.5012987012987012 0.09206349206349207 0.003896103896103896 0.007936507936507936
2 0.5077922077922078 0.09206349206349207 0.005194805194805195 0.011111111111111112