2 0.6805194805194805 0.9079365079365079 0.05064935064935065 0.14444444444444443
2 0.5571428571428572 0.6190476190476191 0.03636363636363636 0.11904761904761904
2 0.6363636363636364 0.5603174603174603 0.024675324675324677 0.10634920634920635
2 0.6792207792207792 0.49047619047619045 0.01948051948051948 0.09206349206349207
2 0.5961038961038961 0.35079365079365077 0.016883116883116882 0.06666666666666667
2 0.5415584415584416 0.29365079365079366 0.01038961038961039 0.05555555555555555
2 0.5402597402597402 0.21746031746031746 0.01038961038961039 0.03650793650793651
2 0.5 0.17936507936507937 0.00909090909090909 0.03968253968253968
2 0.5077922077922078 0.15555555555555556 0.00909090909090909 0.022222222222222223
2 0.474025974025974 0.14126984126984127 0.00909090909090909 0.022222222222222223
2 0.4961038961038961 0.12857142857142856 0.006493506493506494 0.022222222222222223
2 0.5038961038961038 0.12857142857142856 0.005194805194805195 0.01904761904761905
1 0.5012987012987012 0.10158730158730159 0.00909090909090909 0.012698412698412698
2 0.5077922077922078 0.10793650793650794 0.003896103896103896 0.014285714285714285
2 0.5116883116883116 0.10158730158730159 0.0025974025974025974 0.015873015873015872