1 0.6038961038961039 0.9666666666666667 0.08571428571428572 0.06507936507936508
1 0.7467532467532467 0.9841269841269841 0.08701298701298701 0.031746031746031744
1 0.8519480519480519 0.8920634920634921 0.12337662337662338 0.21428571428571427
1 0.7155844155844155 0.8587301587301587 0.11038961038961038 0.2492063492063492
1 0.5714285714285714 0.8666666666666667 0.09090909090909091 0.24285714285714285
1 0.6558441558441559 0.6698412698412698 0.07662337662337662 0.18253968253968253
1 0.5402597402597402 0.6761904761904762 0.05844155844155844 0.1746031746031746
1 0.548051948051948 0.553968253968254 0.06103896103896104 0.12063492063492064
2 0.5818181818181818 0.4857142857142857 0.024675324675324677 0.06031746031746032
1 0.6142857142857143 0.48095238095238096 0.048051948051948054 0.12698412698412698
1 0.6779220779220779 0.4873015873015873 0.07012987012987013 0.16507936507936508
1 0.512987012987013 0.4603174603174603 0.03636363636363636 0.12857142857142856
1 0.5181818181818182 0.39206349206349206 0.04155844155844156 0.07142857142857142
2 0.5545454545454546 0.4587301587301587 0.024675324675324677 0.0746031746031746
2 0.5545454545454546 0.4380952380952381 0.01948051948051948 0.06031746031746032
1 0.5844155844155844 0.4111111111111111 0.033766233766233764 0.09047619047619047
1 0.6181818181818182 0.3492063492063492 0.06233766233766234 0.09206349206349207
1 0.6220779220779221 0.373015873015873 0.03116883116883117 0.06825396825396825
1 0.5662337662337662 0.346031746031746 0.04415584415584416 0.0746031746031746
1 0.5012987012987012 0.3603174603174603 0.033766233766233764 0.05873015873015873
1 0.5376623376623376 0.32063492063492066 0.023376623376623377 0.05873015873015873
1 0.4922077922077922 0.32063492063492066 0.02987012987012987 0.05555555555555555
1 0.4831168831168831 0.29523809523809524 0.02857142857142857 0.05555555555555555
1 0.574025974025974 0.2968253968253968 0.033766233766233764 0.044444444444444446
1 0.5298701298701298 0.2904761904761905 0.033766233766233764 0.04285714285714286
1 0.5246753246753246 0.2650793650793651 0.025974025974025976 0.05396825396825397
1 0.4935064935064935 0.2714285714285714 0.02857142857142857 0.05238095238095238
1 0.4727272727272727 0.2571428571428571 0.02207792207792208 0.05555555555555555
2 0.525974025974026 0.2253968253968254 0.007792207792207792 0.014285714285714285
1 0.5298701298701298 0.21428571428571427 0.016883116883116882 0.03650793650793651
1 0.5012987012987012 0.21428571428571427 0.02857142857142857 0.03968253968253968
1 0.4701298701298701 0.20793650793650795 0.025974025974025976 0.047619047619047616
1 0.4792207792207792 0.21746031746031746 0.01948051948051948 0.03015873015873016
1 0.4909090909090909 0.18412698412698414 0.01818181818181818 0.03492063492063492
1 0.512987012987013 0.17777777777777778 0.015584415584415584 0.03015873015873016
1 0.4857142857142857 0.16507936507936508 0.02077922077922078 0.03015873015873016
1 0.5025974025974026 0.16666666666666666 0.01038961038961039 0.01904761904761905
1 0.5064935064935064 0.15714285714285714 0.016883116883116882 0.01904761904761905
1 0.5025974025974026 0.1492063492063492 0.011688311688311689 0.015873015873015872
1 0.4675324675324675 0.18253968253968253 0.01818181818181818 0.02857142857142857
1 0.4623376623376623 0.16825396825396827 0.014285714285714285 0.025396825396825397
1 0.461038961038961 0.15396825396825398 0.01038961038961039 0.01904761904761905
1 0.4623376623376623 0.14285714285714285 0.014285714285714285 0.023809523809523808
1 0.4597402597402597 0.13015873015873017 0.00909090909090909 0.01746031746031746
3 0.4675324675324675 0.10952380952380952 0.016883116883116882 0.03333333333333333
1 0.4623376623376623 0.12222222222222222 0.00909090909090909 0.015873015873015872
1 0.4805194805194805 0.14603174603174604 0.012987012987012988 0.01746031746031746
1 0.4779220779220779 0.13333333333333333 0.01038961038961039 0.020634920634920634
1 0.487012987012987 0.11904761904761904 0.012987012987012988 0.015873015873015872
1 0.4857142857142857 0.1126984126984127 0.007792207792207792 0.014285714285714285
1 0.487012987012987 0.10793650793650794 0.007792207792207792 0.014285714285714285
1 0.4792207792207792 0.09841269841269841 0.005194805194805195 0.012698412698412698
1 0.4857142857142857 0.09523809523809523 0.006493506493506494 0.012698412698412698
1 0.4909090909090909 0.10634920634920635 0.00909090909090909 0.01746031746031746
1 0.4974025974025974 0.1111111111111111 0.00909090909090909 0.012698412698412698
1 0.4948051948051948 0.09841269841269841 0.006493506493506494 0.009523809523809525
1 0.4922077922077922 0.09206349206349207 0.005194805194805195 0.009523809523809525
1 0.4987012987012987 0.09365079365079365 0.005194805194805195 0.006349206349206349
1 0.4961038961038961 0.08888888888888889 0.003896103896103896 0.009523809523809525
1 0.5 0.0873015873015873 0.0025974025974025974 0.007936507936507936
1 0.5038961038961038 0.08571428571428572 0.003896103896103896 0.007936507936507936
1 0.4909090909090909 0.13015873015873017 0.012987012987012988 0.014285714285714285
1 0.4974025974025974 0.1380952380952381 0.01038961038961039 0.015873015873015872
2 0.5025974025974026 0.26031746031746034 0.011688311688311689 0.0380952380952381
1 0.5116883116883116 0.2365079365079365 0.01948051948051948 0.026984126984126985
3 0.5558441558441558 0.19365079365079366 0.025974025974025976 0.04126984126984127
1 0.5493506493506494 0.24444444444444444 0.023376623376623377 0.0380952380952381
2 0.538961038961039 0.22857142857142856 0.006493506493506494 0.022222222222222223
0 0.5493506493506494 0.2222222222222222 0.023376623376623377 0.026984126984126985
2 0.5025974025974026 0.12857142857142856 0.005194805194805195 0.007936507936507936
2 0.5038961038961038 0.11904761904761904 0.003896103896103896 0.007936507936507936
2 0.5051948051948052 0.11428571428571428 0.0025974025974025974 0.007936507936507936
2 0.5051948051948052 0.10476190476190476 0.003896103896103896 0.009523809523809525
2 0.5077922077922078 0.09682539682539683 0.005194805194805195 0.007936507936507936
2 0.509090909090909 0.11428571428571428 0.0025974025974025974 0.007936507936507936
2 0.5103896103896104 0.10634920634920635 0.006493506493506494 0.007936507936507936
2 0.5064935064935064 0.12222222222222222 0.005194805194805195 0.011111111111111112
2 0.5064935064935064 0.14285714285714285 0.006493506493506494 0.007936507936507936
2 0.5116883116883116 0.14603174603174604 0.005194805194805195 0.007936507936507936
2 0.5103896103896104 0.13968253968253969 0.005194805194805195 0.006349206349206349
2 0.5103896103896104 0.13333333333333333 0.005194805194805195 0.006349206349206349
2 0.5038961038961038 0.1349206349206349 0.005194805194805195 0.004761904761904762
2 0.5155844155844156 0.1634920634920635 0.003896103896103896 0.007936507936507936
2 0.5142857142857142 0.15396825396825398 0.003896103896103896 0.009523809523809525
2 0.5155844155844156 0.14603174603174604 0.005194805194805195 0.011111111111111112
2 0.5207792207792208 0.18095238095238095 0.006493506493506494 0.009523809523809525
2 0.5194805194805194 0.1746031746031746 0.003896103896103896 0.009523809523809525
2 0.5194805194805194 0.16825396825396827 0.0025974025974025974 0.006349206349206349
2 0.5207792207792208 0.1619047619047619 0.005194805194805195 0.004761904761904762
2 0.5194805194805194 0.15396825396825398 0.006493506493506494 0.011111111111111112
2 0.522077922077922 0.1746031746031746 0.0012987012987012987 0.004761904761904762
2 0.5246753246753246 0.18888888888888888 0.0025974025974025974 0.007936507936507936
2 0.5246753246753246 0.173015873015873 0.003896103896103896 0.006349206349206349
2 0.5233766233766234 0.16666666666666666 0.005194805194805195 0.007936507936507936
2 0.525974025974026 0.1619047619047619 0.003896103896103896 0.011111111111111112
2 0.525974025974026 0.18253968253968253 0.0025974025974025974 0.007936507936507936
2 0.525974025974026 0.1761904761904762 0.0025974025974025974 0.006349206349206349
2 0.5272727272727272 0.16984126984126985 0.0025974025974025974 0.006349206349206349
2 0.5272727272727272 0.18888888888888888 0.003896103896103896 0.006349206349206349
2 0.5298701298701298 0.18253968253968253 0.003896103896103896 0.007936507936507936
2 0.5285714285714286 0.1761904761904762 0.006493506493506494 0.007936507936507936
2 0.5324675324675324 0.19047619047619047 0.003896103896103896 0.007936507936507936
2 0.5337662337662338 0.18412698412698414 0.003896103896103896 0.009523809523809525
2 0.5311688311688312 0.16984126984126985 0.003896103896103896 0.007936507936507936
2 0.5337662337662338 0.1746031746031746 0.0025974025974025974 0.009523809523809525
2 0.5376623376623376 0.19682539682539682 0.005194805194805195 0.007936507936507936
2 0.535064935064935 0.19047619047619047 0.003896103896103896 0.007936507936507936
2 0.5324675324675324 0.19047619047619047 0.005194805194805195 0.009523809523809525
2 0.5376623376623376 0.1873015873015873 0.003896103896103896 0.007936507936507936
2 0.538961038961039 0.20476190476190476 0.005194805194805195 0.009523809523809525
2 0.5415584415584416 0.2 0.003896103896103896 0.009523809523809525
2 0.5415584415584416 0.19047619047619047 0.005194805194805195 0.009523809523809525
2 0.5467532467532468 0.22380952380952382 0.005194805194805195 0.012698412698412698
2 0.5467532467532468 0.20634920634920634 0.005194805194805195 0.007936507936507936
2 0.5467532467532468 0.2 0.006493506493506494 0.009523809523809525
2 0.5324675324675324 0.24285714285714285 0.006493506493506494 0.023809523809523808
2 0.5532467532467532 0.22698412698412698 0.006493506493506494 0.011111111111111112
2 0.5545454545454546 0.2920634920634921 0.01038961038961039 0.03492063492063492
2 0.5545454545454546 0.29523809523809524 0.011688311688311689 0.03333333333333333
2 0.5506493506493506 0.2761904761904762 0.00909090909090909 0.03333333333333333
2 0.5506493506493506 0.25873015873015875 0.007792207792207792 0.02857142857142857
2 0.5584415584415584 0.2650793650793651 0.01038961038961039 0.025396825396825397
2 0.564935064935065 0.2571428571428571 0.007792207792207792 0.025396825396825397
2 0.5623376623376624 0.23015873015873015 0.006493506493506494 0.009523809523809525
2 0.5701298701298702 0.26031746031746034 0.00909090909090909 0.01746031746031746
2 0.5675324675324676 0.24603174603174602 0.005194805194805195 0.014285714285714285
2 0.5688311688311688 0.23333333333333334 0.003896103896103896 0.012698412698412698
2 0.5636363636363636 0.2396825396825397 0.003896103896103896 0.009523809523809525
2 0.5727272727272728 0.24761904761904763 0.006493506493506494 0.01746031746031746
2 0.5766233766233766 0.2650793650793651 0.005194805194805195 0.015873015873015872
2 0.5766233766233766 0.25873015873015875 0.007792207792207792 0.015873015873015872
2 0.5844155844155844 0.2761904761904762 0.005194805194805195 0.01746031746031746
2 0.5831168831168831 0.2634920634920635 0.006493506493506494 0.01746031746031746
2 0.5753246753246753 0.3142857142857143 0.012987012987012988 0.025396825396825397
2 0.5909090909090909 0.2904761904761905 0.007792207792207792 0.011111111111111112
2 0.5909090909090909 0.2761904761904762 0.005194805194805195 0.014285714285714285
2 0.5948051948051948 0.28095238095238095 0.00909090909090909 0.01746031746031746
2 0.5974025974025974 0.30158730158730157 0.003896103896103896 0.022222222222222223
2 0.6051948051948052 0.30317460317460315 0.00909090909090909 0.020634920634920634
2 0.6038961038961039 0.2904761904761905 0.007792207792207792 0.014285714285714285
2 0.5805194805194805 0.3333333333333333 0.011688311688311689 0.022222222222222223
2 0.4896103896103896 0.23333333333333334 0.00909090909090909 0.020634920634920634
2 0.4584415584415584 0.24761904761904763 0.012987012987012988 0.05238095238095238
2 0.5909090909090909 0.6079365079365079 0.03766233766233766 0.09365079365079365
2 0.587012987012987 0.5492063492063493 0.023376623376623377 0.06031746031746032
2 0.587012987012987 0.6761904761904762 0.03116883116883117 0.08412698412698413
2 0.5961038961038961 0.7063492063492064 0.02207792207792208 0.05714285714285714
2 0.4922077922077922 0.5698412698412698 0.01818181818181818 0.08888888888888889
2 0.5051948051948052 0.5873015873015873 0.02207792207792208 0.06984126984126984
2 0.6168831168831169 0.553968253968254 0.023376623376623377 0.08253968253968254
2 0.6428571428571429 0.5412698412698412 0.023376623376623377 0.05396825396825397
2 0.6584415584415585 0.5301587301587302 0.02077922077922078 0.05873015873015873
2 0.6727272727272727 0.6 0.02987012987012987 0.09523809523809523
2 0.6896103896103896 0.5507936507936508 0.03116883116883117 0.08095238095238096
2 0.6974025974025974 0.6142857142857143 0.02077922077922078 0.07301587301587302
2 0.7116883116883117 0.6682539682539682 0.024675324675324677 0.09682539682539683
2 0.7246753246753247 0.6206349206349207 0.02207792207792208 0.09841269841269841
2 0.7441558441558441 0.6857142857142857 0.032467532467532464 0.10476190476190476
2 0.7649350649350649 0.6555555555555556 0.03636363636363636 0.09523809523809523
2 0.7532467532467533 0.7825396825396825 0.04415584415584416 0.12698412698412698
2 0.7766233766233767 0.7238095238095238 0.04285714285714286 0.10634920634920635
2 0.787012987012987 0.707936507936508 0.02857142857142857 0.10952380952380952
2 0.7766233766233767 0.7968253968253968 0.02207792207792208 0.1111111111111111
2 0.8181818181818182 0.7476190476190476 0.03506493506493506 0.10793650793650794
2 0.8792207792207792 0.8253968253968254 0.04285714285714286 0.09365079365079365
2 0.9077922077922078 0.9126984126984127 0.048051948051948054 0.12380952380952381
2 0.9363636363636364 0.9571428571428572 0.04285714285714286 0.08571428571428572