0 0.5 0.31746031746031744 0.06493506493506493 0.19047619047619047
3 0.538961038961039 0.5984126984126984 0.06233766233766234 0.23174603174603176
1 0.5792207792207792 0.8761904761904762 0.08441558441558442 0.23809523809523808
1 0.6896103896103896 0.8365079365079365 0.07402597402597402 0.2777777777777778
1 0.7545454545454545 0.7015873015873015 0.05974025974025974 0.173015873015873
1 0.6337662337662338 0.6190476190476191 0.05064935064935065 0.1253968253968254
1 0.7038961038961039 0.5761904761904761 0.04155844155844156 0.10158730158730159
1 0.674025974025974 0.4650793650793651 0.03766233766233766 0.09206349206349207
3 0.6077922077922078 0.44761904761904764 0.07532467532467532 0.19365079365079366
1 0.5545454545454546 0.38095238095238093 0.033766233766233764 0.09047619047619047
1 0.564935064935065 0.30793650793650795 0.02857142857142857 0.05555555555555555
1 0.5272727272727272 0.23015873015873015 0.02077922077922078 0.0380952380952381
1 0.4883116883116883 0.14126984126984127 0.012987012987012988 0.03015873015873016
2 0.7363636363636363 0.5206349206349207 0.025974025974025976 0.09206349206349207
2 0.8987012987012987 0.9476190476190476 0.025974025974025976 0.08412698412698413
2 0.8909090909090909 0.9809523809523809 0.03116883116883117 0.0380952380952381
2 0.8389610389610389 0.9476190476190476 0.04155844155844156 0.10476190476190476
2 0.8480519480519481 0.8857142857142857 0.03116883116883117 0.12698412698412698
2 0.8012987012987013 0.8873015873015873 0.03766233766233766 0.14603174603174604
2 0.625974025974026 0.7523809523809524 0.02857142857142857 0.12222222222222222
2 0.5805194805194805 0.7126984126984127 0.025974025974025976 0.08571428571428572
2 0.6038961038961039 0.6825396825396826 0.025974025974025976 0.10476190476190476
2 0.5831168831168831 0.5857142857142857 0.01818181818181818 0.10793650793650794
2 0.4987012987012987 0.4634920634920635 0.025974025974025976 0.08253968253968254
2 0.5922077922077922 0.30158730158730157 0.012987012987012988 0.03968253968253968
2 0.5467532467532468 0.2222222222222222 0.01038961038961039 0.04126984126984127
2 0.5272727272727272 0.1984126984126984 0.00909090909090909 0.03333333333333333
2 0.4727272727272727 0.14444444444444443 0.007792207792207792 0.02857142857142857
2 0.4896103896103896 0.1111111111111111 0.006493506493506494 0.01904761904761905
2 0.5012987012987012 0.10793650793650794 0.005194805194805195 0.01746031746031746
2 0.509090909090909 0.14444444444444443 0.006493506493506494 0.025396825396825397