2 0.548051948051948 0.9587301587301588 0.046753246753246755 0.08253968253968254
2 0.7909090909090909 0.953968253968254 0.05454545454545454 0.09206349206349207
2 0.8402597402597403 0.9238095238095239 0.06753246753246753 0.1523809523809524
2 0.9272727272727272 0.9873015873015873 0.03506493506493506 0.023809523809523808
2 0.7896103896103897 0.7555555555555555 0.048051948051948054 0.14761904761904762
2 0.7376623376623377 0.626984126984127 0.05064935064935065 0.12857142857142856
2 0.5844155844155844 0.5253968253968254 0.03896103896103896 0.09206349206349207
2 0.551948051948052 0.5698412698412698 0.02987012987012987 0.09523809523809523
2 0.5038961038961038 0.5650793650793651 0.04025974025974026 0.10317460317460317
2 0.5818181818181818 0.7253968253968254 0.03636363636363636 0.13174603174603175
2 0.5493506493506494 0.8238095238095238 0.053246753246753244 0.16984126984126985
2 0.5155844155844156 0.6444444444444445 0.03116883116883117 0.10952380952380952
2 0.6467532467532467 0.44126984126984126 0.023376623376623377 0.08888888888888889
2 0.6220779220779221 0.38571428571428573 0.03116883116883117 0.0761904761904762
2 0.5896103896103896 0.3126984126984127 0.015584415584415584 0.050793650793650794
2 0.5025974025974026 0.1365079365079365 0.006493506493506494 0.01904761904761905
1 0.4714285714285714 0.13333333333333333 0.016883116883116882 0.026984126984126985
2 0.4831168831168831 0.1111111111111111 0.005194805194805195 0.015873015873015872
2 0.4896103896103896 0.11587301587301588 0.003896103896103896 0.015873015873015872
2 0.4961038961038961 0.11587301587301588 0.005194805194805195 0.01904761904761905
2 0.4922077922077922 0.10634920634920635 0.005194805194805195 0.014285714285714285
2 0.5025974025974026 0.10317460317460317 0.003896103896103896 0.012698412698412698
1 0.5077922077922078 0.28095238095238095 0.03636363636363636 0.06349206349206349
1 0.5454545454545454 0.2714285714285714 0.03506493506493506 0.06190476190476191
1 0.6454545454545455 0.5777777777777777 0.07922077922077922 0.14285714285714285
3 0.6831168831168831 0.8444444444444444 0.17402597402597403 0.30952380952380953