2 0.6558441558441559 0.9666666666666667 0.03766233766233766 0.06507936507936508
2 0.6805194805194805 0.9476190476190476 0.048051948051948054 0.10476190476190476
2 0.8766233766233766 0.42857142857142855 0.025974025974025976 0.06349206349206349
2 0.8389610389610389 0.4126984126984127 0.033766233766233764 0.07142857142857142
2 0.8519480519480519 0.3825396825396825 0.01948051948051948 0.06507936507936508
2 0.7779220779220779 0.5412698412698412 0.03116883116883117 0.1
2 0.9168831168831169 0.946031746031746 0.048051948051948054 0.10793650793650794
2 0.9792207792207792 0.9015873015873016 0.04155844155844156 0.18095238095238095
2 0.987012987012987 0.9587301587301588 0.02077922077922078 0.08253968253968254
2 0.9376623376623376 0.9333333333333333 0.03636363636363636 0.13333333333333333
1 0.861038961038961 0.9253968253968254 0.12207792207792208 0.1492063492063492
2 0.8792207792207792 0.8634920634920635 0.03636363636363636 0.10476190476190476
2 0.9324675324675324 0.8015873015873016 0.04155844155844156 0.1523809523809524
2 0.9792207792207792 0.8285714285714286 0.04025974025974026 0.1349206349206349
2 0.9545454545454546 0.7777777777777778 0.02857142857142857 0.12380952380952381
2 0.974025974025974 0.7412698412698413 0.023376623376623377 0.1111111111111111
2 0.9766233766233766 0.6746031746031746 0.03116883116883117 0.10952380952380952
2 0.9974025974025974 0.7095238095238096 0.005194805194805195 0.07936507936507936
2 0.9584415584415584 0.6349206349206349 0.025974025974025976 0.09206349206349207
2 0.9857142857142858 0.6063492063492063 0.023376623376623377 0.08412698412698413
2 0.9506493506493506 0.5777777777777777 0.011688311688311689 0.07777777777777778
2 0.9766233766233766 0.5507936507936508 0.03116883116883117 0.08571428571428572
2 0.7896103896103897 0.8746031746031746 0.04155844155844156 0.15396825396825398
2 0.7727272727272727 0.7904761904761904 0.02857142857142857 0.10952380952380952
2 0.825974025974026 0.8317460317460318 0.02857142857142857 0.08412698412698413
2 0.8402597402597403 0.8142857142857143 0.02727272727272727 0.10476190476190476
2 0.8363636363636363 0.7619047619047619 0.04025974025974026 0.10476190476190476
2 0.8389610389610389 0.7253968253968254 0.046753246753246755 0.10952380952380952
2 0.8012987012987013 0.7952380952380952 0.02857142857142857 0.11428571428571428
2 0.7961038961038961 0.7380952380952381 0.03896103896103896 0.09523809523809523
2 0.8012987012987013 0.6984126984126984 0.033766233766233764 0.08253968253968254
3 0.6961038961038961 0.7238095238095238 0.14675324675324675 0.4158730158730159
2 0.7623376623376623 0.6857142857142857 0.02077922077922078 0.09841269841269841
2 0.7714285714285715 0.6571428571428571 0.02207792207792208 0.09365079365079365
2 0.7467532467532467 0.6111111111111112 0.03116883116883117 0.06984126984126984
2 0.7389610389610389 0.5698412698412698 0.023376623376623377 0.07142857142857142
2 0.7480519480519481 0.5444444444444444 0.02727272727272727 0.0873015873015873
2 0.7428571428571429 0.5079365079365079 0.02727272727272727 0.08253968253968254
1 0.687012987012987 0.5095238095238095 0.07402597402597402 0.09841269841269841
2 0.7207792207792207 0.4936507936507937 0.01948051948051948 0.08253968253968254
1 0.6246753246753247 0.6015873015873016 0.06623376623376623 0.14126984126984127
2 0.638961038961039 0.5079365079365079 0.01948051948051948 0.049206349206349205
2 0.6415584415584416 0.4873015873015873 0.02077922077922078 0.05555555555555555
3 0.535064935064935 0.5095238095238095 0.07662337662337662 0.2571428571428571
2 0.561038961038961 0.4365079365079365 0.01948051948051948 0.0761904761904762
1 0.5662337662337662 0.39206349206349206 0.05194805194805195 0.06825396825396825
2 0.5545454545454546 0.4031746031746032 0.014285714285714285 0.047619047619047616
2 0.4818181818181818 0.40476190476190477 0.016883116883116882 0.07936507936507936
2 0.6792207792207792 0.4492063492063492 0.02207792207792208 0.03650793650793651
2 0.6467532467532467 0.44603174603174606 0.012987012987012988 0.0380952380952381
2 0.6571428571428571 0.45396825396825397 0.007792207792207792 0.02857142857142857
2 0.6779220779220779 0.4380952380952381 0.01818181818181818 0.04126984126984127
2 0.6610389610389611 0.4253968253968254 0.01818181818181818 0.05873015873015873
1 0.6155844155844156 0.39206349206349206 0.04415584415584416 0.08095238095238096
2 0.6493506493506493 0.4095238095238095 0.01818181818181818 0.05396825396825397
2 0.6402597402597403 0.3904761904761905 0.015584415584415584 0.05873015873015873
1 0.6051948051948052 0.44603174603174606 0.05454545454545454 0.10317460317460317
2 0.6350649350649351 0.3619047619047619 0.011688311688311689 0.03968253968253968
2 0.5896103896103896 0.33174603174603173 0.011688311688311689 0.044444444444444446
2 0.6012987012987013 0.3380952380952381 0.012987012987012988 0.025396825396825397
2 0.6155844155844156 0.3333333333333333 0.014285714285714285 0.04285714285714286
2 0.6233766233766234 0.34285714285714286 0.011688311688311689 0.04126984126984127
2 0.5831168831168831 0.3492063492063492 0.014285714285714285 0.05555555555555555
1 0.5766233766233766 0.30634920634920637 0.032467532467532464 0.06349206349206349
2 0.5974025974025974 0.32222222222222224 0.00909090909090909 0.03015873015873016
1 0.5025974025974026 0.3603174603174603 0.04285714285714286 0.06666666666666667
1 0.5025974025974026 0.33015873015873015 0.033766233766233764 0.05714285714285714
2 0.522077922077922 0.32063492063492066 0.00909090909090909 0.05555555555555555
2 0.5142857142857142 0.30317460317460315 0.011688311688311689 0.044444444444444446
1 0.4896103896103896 0.30952380952380953 0.02987012987012987 0.06031746031746032
2 0.5064935064935064 0.27936507936507937 0.012987012987012988 0.0380952380952381
1 0.4857142857142857 0.273015873015873 0.03636363636363636 0.049206349206349205
2 0.5038961038961038 0.2698412698412698 0.00909090909090909 0.031746031746031744
3 0.4792207792207792 0.24761904761904763 0.03766233766233766 0.06507936507936508
2 0.4974025974025974 0.2571428571428571 0.007792207792207792 0.031746031746031744
2 0.587012987012987 0.2873015873015873 0.01038961038961039 0.03492063492063492
2 0.5987012987012987 0.3 0.012987012987012988 0.022222222222222223
3 0.551948051948052 0.319047619047619 0.05584415584415584 0.12380952380952381
1 0.5623376623376624 0.2650793650793651 0.023376623376623377 0.025396825396825397
2 0.5727272727272728 0.2634920634920635 0.012987012987012988 0.02857142857142857
2 0.5831168831168831 0.2714285714285714 0.00909090909090909 0.022222222222222223
2 0.5792207792207792 0.2571428571428571 0.00909090909090909 0.020634920634920634
1 0.5441558441558442 0.24126984126984127 0.02987012987012987 0.031746031746031744
2 0.561038961038961 0.2396825396825397 0.01038961038961039 0.031746031746031744
2 0.5571428571428572 0.22698412698412698 0.007792207792207792 0.025396825396825397
1 0.4636363636363636 0.21587301587301588 0.02077922077922078 0.0380952380952381
1 0.4649350649350649 0.19365079365079366 0.02077922077922078 0.023809523809523808
2 0.4805194805194805 0.2015873015873016 0.007792207792207792 0.020634920634920634
1 0.4948051948051948 0.20476190476190476 0.025974025974025976 0.03492063492063492
2 0.487012987012987 0.20952380952380953 0.00909090909090909 0.025396825396825397
2 0.4896103896103896 0.22698412698412698 0.005194805194805195 0.022222222222222223
1 0.5051948051948052 0.23492063492063492 0.024675324675324677 0.03015873015873016
2 0.5012987012987012 0.21428571428571427 0.005194805194805195 0.012698412698412698
1 0.5246753246753246 0.20476190476190476 0.02207792207792208 0.031746031746031744
2 0.5168831168831168 0.21428571428571427 0.007792207792207792 0.023809523809523808
1 0.5194805194805194 0.24444444444444444 0.025974025974025976 0.031746031746031744
2 0.522077922077922 0.21904761904761905 0.003896103896103896 0.022222222222222223
2 0.5272727272727272 0.2222222222222222 0.006493506493506494 0.022222222222222223
2 0.45324675324675323 0.14444444444444443 0.006493506493506494 0.022222222222222223
1 0.538961038961039 0.2222222222222222 0.015584415584415584 0.022222222222222223
2 0.5454545454545454 0.21428571428571427 0.00909090909090909 0.01746031746031746
2 0.5454545454545454 0.22063492063492063 0.005194805194805195 0.009523809523809525
1 0.4623376623376623 0.14285714285714285 0.014285714285714285 0.01746031746031746
1 0.4649350649350649 0.1349206349206349 0.014285714285714285 0.01904761904761905
2 0.474025974025974 0.12380952380952381 0.007792207792207792 0.01904761904761905
2 0.5077922077922078 0.19523809523809524 0.00909090909090909 0.022222222222222223
1 0.4922077922077922 0.18253968253968253 0.01818181818181818 0.022222222222222223
2 0.5064935064935064 0.18253968253968253 0.007792207792207792 0.03015873015873016
1 0.4896103896103896 0.1634920634920635 0.01948051948051948 0.020634920634920634
1 0.4935064935064935 0.16984126984126985 0.015584415584415584 0.011111111111111112
2 0.5025974025974026 0.16666666666666666 0.00909090909090909 0.020634920634920634
3 0.4883116883116883 0.13968253968253969 0.01948051948051948 0.044444444444444446
2 0.5 0.1523809523809524 0.006493506493506494 0.020634920634920634
2 0.5 0.13968253968253969 0.005194805194805195 0.01746031746031746
2 0.5064935064935064 0.15555555555555556 0.006493506493506494 0.020634920634920634
1 0.5181818181818182 0.18412698412698414 0.016883116883116882 0.01746031746031746
2 0.512987012987013 0.16666666666666666 0.005194805194805195 0.01904761904761905
2 0.5181818181818182 0.16825396825396827 0.006493506493506494 0.015873015873015872
1 0.5285714285714286 0.1761904761904762 0.015584415584415584 0.015873015873015872
2 0.5233766233766234 0.17777777777777778 0.00909090909090909 0.009523809523809525
2 0.5233766233766234 0.1634920634920635 0.005194805194805195 0.007936507936507936
2 0.535064935064935 0.19365079365079366 0.007792207792207792 0.022222222222222223
2 0.5415584415584416 0.19682539682539682 0.005194805194805195 0.01746031746031746
1 0.4649350649350649 0.11904761904761904 0.011688311688311689 0.012698412698412698
1 0.4675324675324675 0.10952380952380952 0.01038961038961039 0.007936507936507936
2 0.4779220779220779 0.1111111111111111 0.005194805194805195 0.006349206349206349
1 0.487012987012987 0.1126984126984127 0.01038961038961039 0.012698412698412698
1 0.5012987012987012 0.11904761904761904 0.012987012987012988 0.012698412698412698
2 0.4935064935064935 0.10952380952380952 0.0025974025974025974 0.009523809523809525
1 0.5051948051948052 0.13333333333333333 0.012987012987012988 0.015873015873015872
2 0.4987012987012987 0.10793650793650794 0.007792207792207792 0.007936507936507936
2 0.509090909090909 0.1111111111111111 0.003896103896103896 0.014285714285714285
1 0.7597402597402597 0.9809523809523809 0.08051948051948052 0.0380952380952381
1 0.5974025974025974 0.5047619047619047 0.06233766233766234 0.10476190476190476
1 0.509090909090909 0.43333333333333335 0.053246753246753244 0.10952380952380952
1 0.5246753246753246 0.26825396825396824 0.03116883116883117 0.05396825396825397
1 0.44675324675324674 0.5444444444444444 0.0025974025974025974 0.0031746031746031746
1 0.5168831168831168 0.15396825396825398 0.01038961038961039 0.009523809523809525
1 0.5077922077922078 0.14444444444444443 0.00909090909090909 0.012698412698412698
1 0.4623376623376623 0.17936507936507937 0.02077922077922078 0.026984126984126985
1 0.4662337662337662 0.1619047619047619 0.01818181818181818 0.026984126984126985
1 0.4623376623376623 0.1634920634920635 0.015584415584415584 0.014285714285714285
1 0.4766233766233766 0.10158730158730159 0.007792207792207792 0.007936507936507936
1 0.4896103896103896 0.10476190476190476 0.00909090909090909 0.007936507936507936
1 0.4831168831168831 0.09841269841269841 0.006493506493506494 0.006349206349206349
1 0.4948051948051948 0.09841269841269841 0.007792207792207792 0.006349206349206349
1 0.4896103896103896 0.09523809523809523 0.005194805194805195 0.004761904761904762
1 0.4987012987012987 0.09523809523809523 0.006493506493506494 0.006349206349206349
2 0.5038961038961038 0.10476190476190476 0.005194805194805195 0.011111111111111112
1 0.5038961038961038 0.09206349206349207 0.005194805194805195 0.004761904761904762
1 0.4987012987012987 0.08888888888888889 0.005194805194805195 0.0015873015873015873
3 0.564935064935065 0.6952380952380952 0.12077922077922078 0.38095238095238093
2 0.5142857142857142 0.14126984126984127 0.005194805194805195 0.014285714285714285