2 0.8155844155844156 0.9285714285714286 0.05194805194805195 0.14285714285714285
2 0.8636363636363636 0.8920634920634921 0.053246753246753244 0.17777777777777778
2 0.9207792207792208 0.9587301587301588 0.046753246753246755 0.08253968253968254
2 0.7467532467532467 0.7587301587301587 0.04025974025974026 0.1380952380952381
2 0.7766233766233767 0.6952380952380952 0.033766233766233764 0.1253968253968254
2 0.8103896103896104 0.773015873015873 0.04155844155844156 0.15079365079365079
2 0.7090909090909091 0.6285714285714286 0.03116883116883117 0.10793650793650794
2 0.6675324675324675 0.6047619047619047 0.02987012987012987 0.06666666666666667
2 0.6766233766233766 0.5650793650793651 0.03116883116883117 0.09523809523809523
2 0.6987012987012987 0.526984126984127 0.03896103896103896 0.0873015873015873
2 0.6363636363636364 0.4857142857142857 0.024675324675324677 0.07936507936507936
2 0.6103896103896104 0.44285714285714284 0.01818181818181818 0.05238095238095238
2 0.625974025974026 0.42698412698412697 0.014285714285714285 0.06666666666666667
2 0.5688311688311688 0.30317460317460315 0.012987012987012988 0.047619047619047616
2 0.5805194805194805 0.28095238095238095 0.014285714285714285 0.049206349206349205
2 0.5194805194805194 0.2126984126984127 0.00909090909090909 0.04126984126984127
2 0.5207792207792208 0.1746031746031746 0.011688311688311689 0.02857142857142857
2 0.4909090909090909 0.12857142857142856 0.006493506493506494 0.023809523809523808
2 0.5 0.1253968253968254 0.007792207792207792 0.025396825396825397
2 0.4792207792207792 0.1111111111111111 0.006493506493506494 0.015873015873015872
2 0.4844155844155844 0.10317460317460317 0.006493506493506494 0.014285714285714285
2 0.4987012987012987 0.10476190476190476 0.01038961038961039 0.022222222222222223
2 0.551948051948052 0.8031746031746032 0.06753246753246753 0.20476190476190476
1 0.6714285714285714 0.734920634920635 0.1025974025974026 0.22380952380952382
1 0.6103896103896104 0.5317460317460317 0.06103896103896104 0.14444444444444443
1 0.5311688311688312 0.46825396825396826 0.05194805194805195 0.1253968253968254
1 0.5142857142857142 0.3968253968253968 0.04415584415584416 0.10317460317460317
1 0.5753246753246753 0.39206349206349206 0.048051948051948054 0.10793650793650794
1 0.5025974025974026 0.33174603174603173 0.03766233766233766 0.07777777777777778
1 0.4909090909090909 0.2857142857142857 0.032467532467532464 0.06984126984126984
1 0.5298701298701298 0.2650793650793651 0.03116883116883117 0.06190476190476191