2 0.9012987012987013 0.9238095238095239 0.053246753246753244 0.1523809523809524
2 0.7597402597402597 0.946031746031746 0.04935064935064935 0.10793650793650794
2 0.8064935064935065 0.9301587301587302 0.05064935064935065 0.13968253968253969
2 0.7363636363636363 0.7857142857142857 0.03116883116883117 0.14761904761904762
2 0.7701298701298701 0.7857142857142857 0.03506493506493506 0.15714285714285714
2 0.8077922077922078 0.7825396825396825 0.03506493506493506 0.1492063492063492
2 0.7480519480519481 0.6634920634920635 0.03896103896103896 0.12063492063492064
2 0.7415584415584415 0.6 0.032467532467532464 0.09047619047619047
2 0.7181818181818181 0.6063492063492063 0.02727272727272727 0.08888888888888889
2 0.7168831168831169 0.6698412698412698 0.03896103896103896 0.10634920634920635
2 0.6805194805194805 0.9222222222222223 0.046753246753246755 0.15555555555555556
2 0.6220779220779221 0.8587301587301587 0.03636363636363636 0.15873015873015872
2 0.5831168831168831 0.7825396825396825 0.03896103896103896 0.10952380952380952
2 0.5883116883116883 0.7142857142857143 0.032467532467532464 0.1126984126984127
2 0.6428571428571429 0.7746031746031746 0.033766233766233764 0.13968253968253969
2 0.6766233766233766 0.734920634920635 0.03506493506493506 0.14126984126984127
2 0.6311688311688312 0.6968253968253968 0.03766233766233766 0.10317460317460317
2 0.6935064935064935 0.7047619047619048 0.02857142857142857 0.12380952380952381
2 0.674025974025974 0.6174603174603175 0.02857142857142857 0.10634920634920635
2 0.6662337662337663 0.5666666666666667 0.023376623376623377 0.08412698412698413
2 0.5545454545454546 0.5968253968253968 0.03116883116883117 0.1
2 0.6922077922077922 0.5555555555555556 0.02987012987012987 0.10158730158730159
2 0.6441558441558441 0.5015873015873016 0.012987012987012988 0.08412698412698413
2 0.6636363636363637 0.5047619047619047 0.01948051948051948 0.05714285714285714
2 0.6844155844155844 0.5 0.024675324675324677 0.05396825396825397
2 0.6831168831168831 0.4714285714285714 0.015584415584415584 0.05238095238095238
2 0.6207792207792208 0.48412698412698413 0.01818181818181818 0.08095238095238096
2 0.6363636363636364 0.4650793650793651 0.012987012987012988 0.05873015873015873
2 0.6558441558441559 0.4523809523809524 0.01948051948051948 0.06984126984126984
2 0.6493506493506493 0.41904761904761906 0.01948051948051948 0.05714285714285714
2 0.5597402597402598 0.4714285714285714 0.01948051948051948 0.08888888888888889
2 0.5857142857142857 0.4380952380952381 0.02077922077922078 0.0761904761904762
2 0.6077922077922078 0.4301587301587302 0.016883116883116882 0.07301587301587302
2 0.6142857142857143 0.4031746031746032 0.015584415584415584 0.06507936507936508
2 0.6311688311688312 0.4031746031746032 0.01818181818181818 0.06507936507936508
2 0.6285714285714286 0.36984126984126986 0.01818181818181818 0.05238095238095238
2 0.5909090909090909 0.373015873015873 0.01818181818181818 0.05873015873015873
2 0.5961038961038961 0.35873015873015873 0.015584415584415584 0.06507936507936508
2 0.6103896103896104 0.3476190476190476 0.014285714285714285 0.05714285714285714
2 0.5961038961038961 0.30793650793650795 0.012987012987012988 0.044444444444444446
2 0.5974025974025974 0.3126984126984127 0.016883116883116882 0.049206349206349205
2 0.5701298701298702 0.33650793650793653 0.015584415584415584 0.05714285714285714
1 0.5584415584415584 0.2984126984126984 0.03506493506493506 0.06190476190476191
2 0.5558441558441558 0.3142857142857143 0.012987012987012988 0.044444444444444446
2 0.587012987012987 0.2968253968253968 0.01038961038961039 0.0380952380952381
2 0.5948051948051948 0.29523809523809524 0.014285714285714285 0.025396825396825397
2 0.5701298701298702 0.2777777777777778 0.012987012987012988 0.04126984126984127
2 0.5831168831168831 0.2746031746031746 0.01038961038961039 0.04126984126984127
2 0.5727272727272728 0.25396825396825395 0.011688311688311689 0.03333333333333333
1 0.5012987012987012 0.3761904761904762 0.045454545454545456 0.08888888888888889
2 0.5168831168831168 0.3476190476190476 0.012987012987012988 0.06349206349206349
2 0.5298701298701298 0.33650793650793653 0.011688311688311689 0.050793650793650794
2 0.5077922077922078 0.2857142857142857 0.01038961038961039 0.046031746031746035
2 0.5246753246753246 0.2984126984126984 0.016883116883116882 0.046031746031746035
1 0.5181818181818182 0.2650793650793651 0.023376623376623377 0.046031746031746035
2 0.5311688311688312 0.23809523809523808 0.01038961038961039 0.03333333333333333
2 0.4597402597402597 0.20634920634920634 0.006493506493506494 0.031746031746031744
1 0.4727272727272727 0.22063492063492063 0.02077922077922078 0.03968253968253968
2 0.4727272727272727 0.19365079365079366 0.007792207792207792 0.03015873015873016
2 0.4844155844155844 0.2015873015873016 0.007792207792207792 0.025396825396825397
2 0.4896103896103896 0.20476190476190476 0.007792207792207792 0.031746031746031744
3 0.5064935064935064 0.19047619047619047 0.025974025974025976 0.05714285714285714
2 0.4961038961038961 0.20476190476190476 0.00909090909090909 0.02857142857142857
2 0.4584415584415584 0.18571428571428572 0.007792207792207792 0.023809523809523808
1 0.4623376623376623 0.16984126984126985 0.01038961038961039 0.01746031746031746
2 0.4727272727272727 0.16666666666666666 0.006493506493506494 0.01904761904761905
2 0.5233766233766234 0.1984126984126984 0.00909090909090909 0.02857142857142857
2 0.5194805194805194 0.16984126984126985 0.006493506493506494 0.022222222222222223
2 0.5077922077922078 0.6444444444444445 0.03116883116883117 0.12380952380952381
1 0.5753246753246753 0.9095238095238095 0.1025974025974026 0.18095238095238095
1 0.6064935064935065 0.5714285714285714 0.07142857142857142 0.16031746031746033
1 0.522077922077922 0.49523809523809526 0.053246753246753244 0.12698412698412698
1 0.5506493506493506 0.36666666666666664 0.04285714285714286 0.07777777777777778
1 0.487012987012987 0.30158730158730157 0.03766233766233766 0.06984126984126984
1 0.4844155844155844 0.2492063492063492 0.02857142857142857 0.05555555555555555
1 0.538961038961039 0.21746031746031746 0.02207792207792208 0.04126984126984127
1 0.5532467532467532 0.24126984126984127 0.02727272727272727 0.03650793650793651
1 0.4844155844155844 0.1746031746031746 0.014285714285714285 0.03015873015873016
1 0.4636363636363636 0.15555555555555556 0.014285714285714285 0.01904761904761905
1 0.4623376623376623 0.1349206349206349 0.00909090909090909 0.01904761904761905
1 0.4675324675324675 0.14126984126984127 0.011688311688311689 0.015873015873015872
1 0.461038961038961 0.12222222222222222 0.005194805194805195 0.014285714285714285
1 0.4701298701298701 0.12698412698412698 0.00909090909090909 0.015873015873015872
1 0.4688311688311688 0.11587301587301588 0.01038961038961039 0.011111111111111112