1 0.8818181818181818 0.9587301587301588 0.09220779220779221 0.08253968253968254
1 0.7467532467532467 0.9333333333333333 0.1025974025974026 0.13333333333333333
1 0.574025974025974 0.953968253968254 0.08831168831168831 0.09047619047619047
1 0.6779220779220779 0.7873015873015873 0.09480519480519481 0.20793650793650795
1 0.6441558441558441 0.5714285714285714 0.06103896103896104 0.1619047619047619
1 0.7558441558441559 0.6952380952380952 0.09350649350649351 0.2015873015873016
1 0.5454545454545454 0.6428571428571429 0.05714285714285714 0.19523809523809524
1 0.5324675324675324 0.5095238095238095 0.04025974025974026 0.15555555555555556
1 0.6623376623376623 0.4507936507936508 0.046753246753246755 0.11746031746031746
1 0.6 0.45555555555555555 0.04415584415584416 0.1111111111111111
1 0.5116883116883116 0.40793650793650793 0.04025974025974026 0.0761904761904762
1 0.5714285714285714 0.36507936507936506 0.04415584415584416 0.08571428571428572
1 0.6064935064935065 0.33174603174603173 0.032467532467532464 0.05714285714285714
1 0.4987012987012987 0.326984126984127 0.03116883116883117 0.07777777777777778
1 0.5467532467532468 0.30634920634920637 0.02987012987012987 0.06825396825396825
1 0.4818181818181818 0.2714285714285714 0.03506493506493506 0.06349206349206349
1 0.5194805194805194 0.24603174603174602 0.02857142857142857 0.05714285714285714
1 0.4649350649350649 0.18095238095238095 0.02077922077922078 0.047619047619047616
2 0.487012987012987 0.16984126984126985 0.00909090909090909 0.023809523809523808
2 0.4753246753246753 0.2015873015873016 0.007792207792207792 0.026984126984126985
2 0.4831168831168831 0.21746031746031746 0.007792207792207792 0.02857142857142857
2 0.4896103896103896 0.2 0.00909090909090909 0.026984126984126985
2 0.4935064935064935 0.1761904761904762 0.007792207792207792 0.025396825396825397
2 0.4935064935064935 0.15079365079365079 0.012987012987012988 0.023809523809523808
1 0.4961038961038961 0.14761904761904762 0.015584415584415584 0.03333333333333333
2 0.4688311688311688 0.12380952380952381 0.007792207792207792 0.023809523809523808
1 0.4831168831168831 0.1253968253968254 0.015584415584415584 0.02857142857142857
1 0.4909090909090909 0.10158730158730159 0.007792207792207792 0.031746031746031744
1 0.5051948051948052 0.09523809523809523 0.012987012987012988 0.023809523809523808
2 0.5025974025974026 0.12063492063492064 0.01038961038961039 0.01904761904761905
2 0.5025974025974026 0.16666666666666666 0.011688311688311689 0.023809523809523808
2 0.5064935064935064 0.15555555555555556 0.005194805194805195 0.023809523809523808
2 0.509090909090909 0.1380952380952381 0.006493506493506494 0.023809523809523808
2 0.5168831168831168 0.1984126984126984 0.01038961038961039 0.031746031746031744
2 0.5116883116883116 0.173015873015873 0.006493506493506494 0.03968253968253968
2 0.4714285714285714 0.15396825396825398 0.00909090909090909 0.020634920634920634
2 0.5311688311688312 0.20476190476190476 0.015584415584415584 0.0380952380952381
2 0.4961038961038961 0.24603174603174602 0.00909090909090909 0.03015873015873016
2 0.5415584415584416 0.2507936507936508 0.012987012987012988 0.031746031746031744
2 0.5467532467532468 0.2253968253968254 0.015584415584415584 0.03015873015873016
2 0.5467532467532468 0.21587301587301588 0.014285714285714285 0.03492063492063492
2 0.561038961038961 0.2365079365079365 0.007792207792207792 0.026984126984126985
2 0.5597402597402598 0.26825396825396824 0.012987012987012988 0.03015873015873016
2 0.574025974025974 0.2746031746031746 0.015584415584415584 0.049206349206349205
2 0.577922077922078 0.30634920634920637 0.015584415584415584 0.0380952380952381
2 0.577922077922078 0.2904761904761905 0.012987012987012988 0.03968253968253968
2 0.6402597402597403 0.4158730158730159 0.014285714285714285 0.03015873015873016
2 0.6402597402597403 0.39206349206349206 0.014285714285714285 0.03492063492063492
2 0.5571428571428572 0.4365079365079365 0.02857142857142857 0.06984126984126984
2 0.4922077922077922 0.573015873015873 0.02207792207792208 0.09523809523809523
2 0.5857142857142857 0.5523809523809524 0.02857142857142857 0.05873015873015873
2 0.7285714285714285 0.5698412698412698 0.025974025974025976 0.09682539682539683
2 0.587012987012987 0.6079365079365079 0.03636363636363636 0.09841269841269841
1 0.5701298701298702 0.8047619047619048 0.10519480519480519 0.26666666666666666
2 0.6090909090909091 0.6825396825396826 0.02727272727272727 0.13015873015873017
2 0.5376623376623376 0.373015873015873 0.02987012987012987 0.08888888888888889
2 0.4779220779220779 0.39206349206349206 0.03506493506493506 0.0746031746031746
2 0.5155844155844156 0.2968253968253968 0.011688311688311689 0.05873015873015873
2 0.8025974025974026 0.9095238095238095 0.03636363636363636 0.1380952380952381
2 0.9285714285714286 0.9571428571428572 0.04025974025974026 0.08412698412698413
2 0.9844155844155844 0.9555555555555556 0.02987012987012987 0.0873015873015873