1 0.6441558441558441 0.6730158730158731 0.06883116883116883 0.18571428571428572
1 0.5688311688311688 0.8920634920634921 0.10649350649350649 0.21587301587301588
1 0.6883116883116883 0.873015873015873 0.11948051948051948 0.25396825396825395
3 0.8779220779220779 0.9333333333333333 0.24415584415584415 0.13333333333333333
3 0.6051948051948052 0.4523809523809524 0.07402597402597402 0.24126984126984127
1 0.5272727272727272 0.5095238095238095 0.05974025974025974 0.15079365079365079
1 0.5584415584415584 0.4015873015873016 0.025974025974025976 0.0761904761904762
1 0.6337662337662338 0.3619047619047619 0.033766233766233764 0.09206349206349207
1 0.5428571428571428 0.3412698412698413 0.03636363636363636 0.08253968253968254
1 0.5337662337662338 0.2873015873015873 0.016883116883116882 0.044444444444444446
1 0.5883116883116883 0.29523809523809524 0.033766233766233764 0.06031746031746032
1 0.4805194805194805 0.26666666666666666 0.024675324675324677 0.04126984126984127
1 0.5207792207792208 0.2619047619047619 0.02987012987012987 0.05396825396825397
2 0.5558441558441558 0.28253968253968254 0.01038961038961039 0.044444444444444446
1 0.5688311688311688 0.25873015873015875 0.024675324675324677 0.03968253968253968
1 0.5506493506493506 0.23174603174603176 0.02077922077922078 0.03968253968253968
1 0.4883116883116883 0.33015873015873015 0.03766233766233766 0.0746031746031746
1 0.4701298701298701 0.2253968253968254 0.02727272727272727 0.04285714285714286
1 0.5103896103896104 0.2365079365079365 0.02077922077922078 0.047619047619047616
1 0.5038961038961038 0.2126984126984127 0.012987012987012988 0.020634920634920634
0 0.5285714285714286 0.1746031746031746 0.03116883116883117 0.07936507936507936
1 0.4779220779220779 0.2015873015873016 0.014285714285714285 0.031746031746031744
1 0.4974025974025974 0.18888888888888888 0.014285714285714285 0.026984126984126985
1 0.512987012987013 0.2 0.015584415584415584 0.02857142857142857
2 0.4584415584415584 0.19682539682539682 0.005194805194805195 0.026984126984126985
1 0.4714285714285714 0.1761904761904762 0.01818181818181818 0.026984126984126985
1 0.4623376623376623 0.1634920634920635 0.012987012987012988 0.023809523809523808
1 0.4662337662337662 0.14126984126984127 0.01038961038961039 0.020634920634920634
2 0.4805194805194805 0.16507936507936508 0.003896103896103896 0.02857142857142857
1 0.4883116883116883 0.1523809523809524 0.011688311688311689 0.023809523809523808
1 0.4636363636363636 0.12698412698412698 0.011688311688311689 0.015873015873015872
1 0.4844155844155844 0.14126984126984127 0.00909090909090909 0.01904761904761905
1 0.4649350649350649 0.11904761904761904 0.006493506493506494 0.012698412698412698
1 0.4675324675324675 0.1111111111111111 0.005194805194805195 0.014285714285714285
1 0.4792207792207792 0.11746031746031746 0.006493506493506494 0.01904761904761905
2 0.4909090909090909 0.13333333333333333 0.003896103896103896 0.01746031746031746
1 0.4909090909090909 0.12380952380952381 0.007792207792207792 0.014285714285714285
2 0.4961038961038961 0.1523809523809524 0.003896103896103896 0.023809523809523808
2 0.4961038961038961 0.13174603174603175 0.005194805194805195 0.014285714285714285
1 0.4987012987012987 0.11904761904761904 0.007792207792207792 0.012698412698412698
1 0.487012987012987 0.10952380952380952 0.006493506493506494 0.012698412698412698
1 0.4935064935064935 0.1111111111111111 0.007792207792207792 0.007936507936507936
1 0.4779220779220779 0.1 0.00909090909090909 0.011111111111111112
1 0.4857142857142857 0.09682539682539683 0.005194805194805195 0.011111111111111112
1 0.4935064935064935 0.1 0.006493506493506494 0.009523809523809525
1 0.5038961038961038 0.16031746031746033 0.01038961038961039 0.025396825396825397
2 0.8883116883116883 0.8555555555555555 0.04025974025974026 0.09365079365079365
2 0.9675324675324676 0.6460317460317461 0.024675324675324677 0.09682539682539683
2 0.9948051948051948 0.6619047619047619 0.01038961038961039 0.10476190476190476
2 0.8207792207792208 0.792063492063492 0.045454545454545456 0.13015873015873017
2 0.7727272727272727 0.7158730158730159 0.03506493506493506 0.11587301587301588
2 0.7363636363636363 0.7253968253968254 0.025974025974025976 0.12063492063492064
2 0.7298701298701299 0.6476190476190476 0.02857142857142857 0.07936507936507936
2 0.7584415584415585 0.6301587301587301 0.02077922077922078 0.09682539682539683
2 0.7155844155844155 0.6031746031746031 0.02077922077922078 0.08253968253968254
2 0.687012987012987 0.6095238095238096 0.02857142857142857 0.1
2 0.6948051948051948 0.5238095238095238 0.016883116883116882 0.08412698412698413
2 0.6636363636363637 0.5380952380952381 0.02207792207792208 0.09365079365079365
2 0.6857142857142857 0.46984126984126984 0.01948051948051948 0.07142857142857142
2 0.6532467532467533 0.48095238095238096 0.02077922077922078 0.08095238095238096
2 0.6623376623376623 0.4587301587301587 0.01818181818181818 0.07142857142857142
2 0.5805194805194805 0.3396825396825397 0.015584415584415584 0.02857142857142857
2 0.5935064935064935 0.3253968253968254 0.00909090909090909 0.047619047619047616
2 0.6103896103896104 0.32222222222222224 0.01038961038961039 0.031746031746031744
2 0.5675324675324676 0.31587301587301586 0.014285714285714285 0.05238095238095238
2 0.5337662337662338 0.25396825396825395 0.00909090909090909 0.03650793650793651
2 0.5428571428571428 0.26031746031746034 0.00909090909090909 0.0380952380952381
2 0.5298701298701298 0.2365079365079365 0.00909090909090909 0.03015873015873016
2 0.5285714285714286 0.21587301587301588 0.00909090909090909 0.026984126984126985
2 0.487012987012987 0.22857142857142856 0.007792207792207792 0.03968253968253968
2 0.4727272727272727 0.2984126984126984 0.007792207792207792 0.04285714285714286
2 0.509090909090909 0.3126984126984127 0.011688311688311689 0.050793650793650794
2 0.5181818181818182 0.3253968253968254 0.01038961038961039 0.04285714285714286
2 0.4948051948051948 0.4174603174603175 0.01818181818181818 0.06349206349206349
2 0.5285714285714286 0.4111111111111111 0.014285714285714285 0.06031746031746032
2 0.512987012987013 0.3968253968253968 0.016883116883116882 0.0761904761904762
2 0.5155844155844156 0.3603174603174603 0.012987012987012988 0.050793650793650794
2 0.5428571428571428 0.45396825396825397 0.012987012987012988 0.06984126984126984
2 0.45584415584415583 0.20952380952380953 0.007792207792207792 0.02857142857142857
2 0.45454545454545453 0.18888888888888888 0.005194805194805195 0.020634920634920634
2 0.4857142857142857 0.18412698412698414 0.005194805194805195 0.03015873015873016
2 0.487012987012987 0.16825396825396827 0.005194805194805195 0.023809523809523808
2 0.4987012987012987 0.10158730158730159 0.003896103896103896 0.014285714285714285
2 0.5038961038961038 0.1111111111111111 0.005194805194805195 0.015873015873015872
1 0.5025974025974026 0.1 0.005194805194805195 0.014285714285714285
2 0.4987012987012987 0.14126984126984127 0.003896103896103896 0.015873015873015872
2 0.5051948051948052 0.13174603174603175 0.005194805194805195 0.015873015873015872
2 0.5012987012987012 0.13174603174603175 0.0025974025974025974 0.012698412698412698
2 0.5051948051948052 0.14126984126984127 0.005194805194805195 0.015873015873015872
2 0.5077922077922078 0.13015873015873017 0.005194805194805195 0.015873015873015872
2 0.5064935064935064 0.12063492063492064 0.003896103896103896 0.01904761904761905
2 0.5103896103896104 0.14603174603174604 0.003896103896103896 0.01904761904761905
1 0.5077922077922078 0.09365079365079365 0.005194805194805195 0.011111111111111112
2 0.5103896103896104 0.1111111111111111 0.003896103896103896 0.01746031746031746
2 0.5103896103896104 0.10158730158730159 0.003896103896103896 0.011111111111111112