2 0.7922077922077922 0.7936507936507936 0.07662337662337662 0.12857142857142856
2 0.6324675324675325 0.46825396825396826 0.046753246753246755 0.08253968253968254
2 0.6532467532467533 0.4238095238095238 0.053246753246753244 0.06666666666666667
2 0.6194805194805195 0.3682539682539683 0.032467532467532464 0.06031746031746032
2 0.5155844155844156 0.2984126984126984 0.033766233766233764 0.06349206349206349
2 0.5597402597402598 0.26031746031746034 0.01948051948051948 0.047619047619047616
2 0.4883116883116883 0.22857142857142856 0.012987012987012988 0.03333333333333333
2 0.5441558441558442 0.21587301587301588 0.011688311688311689 0.03492063492063492
2 0.5337662337662338 0.1984126984126984 0.014285714285714285 0.031746031746031744
2 0.487012987012987 0.19682539682539682 0.01818181818181818 0.022222222222222223
2 0.5142857142857142 0.15873015873015872 0.007792207792207792 0.031746031746031744
2 0.4883116883116883 0.14761904761904762 0.01038961038961039 0.022222222222222223
3 0.4649350649350649 0.10952380952380952 0.015584415584415584 0.05714285714285714
2 0.4844155844155844 0.13174603174603175 0.006493506493506494 0.01904761904761905
2 0.5025974025974026 0.12222222222222222 0.007792207792207792 0.012698412698412698
2 0.5012987012987012 0.10793650793650794 0.00909090909090909 0.015873015873015872
1 0.4987012987012987 0.08888888888888889 0.00909090909090909 0.025396825396825397