1 0.5584415584415584 0.8555555555555555 0.06623376623376623 0.23333333333333334
1 0.6883116883116883 0.8698412698412699 0.08311688311688312 0.2222222222222222
1 0.8350649350649351 0.9206349206349206 0.07012987012987013 0.15873015873015872
1 0.5311688311688312 0.6619047619047619 0.04935064935064935 0.16984126984126985
1 0.638961038961039 0.6333333333333333 0.05194805194805195 0.16031746031746033
1 0.5207792207792208 0.5396825396825397 0.045454545454545456 0.10476190476190476
1 0.5116883116883116 0.4634920634920635 0.04155844155844156 0.08571428571428572
1 0.5987012987012987 0.5158730158730159 0.04415584415584416 0.08253968253968254
1 0.6623376623376623 0.5158730158730159 0.04155844155844156 0.10317460317460317
1 0.5896103896103896 0.4492063492063492 0.04285714285714286 0.08571428571428572
1 0.522077922077922 0.40793650793650793 0.02987012987012987 0.06507936507936508
1 0.4935064935064935 0.36507936507936506 0.02987012987012987 0.06507936507936508
1 0.574025974025974 0.3904761904761905 0.03116883116883117 0.06349206349206349
1 0.6025974025974026 0.3492063492063492 0.02857142857142857 0.06349206349206349
1 0.564935064935065 0.3396825396825397 0.02857142857142857 0.05873015873015873
1 0.4896103896103896 0.27936507936507937 0.01948051948051948 0.049206349206349205
1 0.5493506493506494 0.3126984126984127 0.01818181818181818 0.03492063492063492
1 0.548051948051948 0.2857142857142857 0.016883116883116882 0.0380952380952381
1 0.5207792207792208 0.2634920634920635 0.01948051948051948 0.04285714285714286
3 0.4935064935064935 0.1746031746031746 0.015584415584415584 0.049206349206349205
3 0.4649350649350649 0.17936507936507937 0.01818181818181818 0.03333333333333333
0 0.535064935064935 0.19682539682539682 0.016883116883116882 0.044444444444444446
1 0.4766233766233766 0.2634920634920635 0.011688311688311689 0.04285714285714286
1 0.474025974025974 0.24444444444444444 0.014285714285714285 0.04285714285714286
1 0.4675324675324675 0.22698412698412698 0.012987012987012988 0.03333333333333333
1 0.4623376623376623 0.20793650793650795 0.011688311688311689 0.023809523809523808
1 0.5012987012987012 0.2222222222222222 0.016883116883116882 0.031746031746031744
1 0.5233766233766234 0.24285714285714285 0.016883116883116882 0.03333333333333333
1 0.5454545454545454 0.23809523809523808 0.01818181818181818 0.03333333333333333
1 0.5168831168831168 0.18412698412698414 0.01038961038961039 0.03015873015873016
1 0.5103896103896104 0.16666666666666666 0.01038961038961039 0.023809523809523808
1 0.461038961038961 0.15555555555555556 0.007792207792207792 0.014285714285714285
3 0.4623376623376623 0.14285714285714285 0.011688311688311689 0.015873015873015872
1 0.4623376623376623 0.13333333333333333 0.00909090909090909 0.015873015873015872
1 0.4675324675324675 0.12222222222222222 0.007792207792207792 0.01904761904761905
1 0.474025974025974 0.10952380952380952 0.007792207792207792 0.015873015873015872
2 0.7844155844155845 0.9761904761904762 0.02857142857142857 0.046031746031746035
2 0.7545454545454545 0.9047619047619048 0.025974025974025976 0.14603174603174604
2 0.7324675324675325 0.8142857142857143 0.024675324675324677 0.11428571428571428
2 0.7701298701298701 0.8015873015873016 0.02207792207792208 0.12222222222222222
2 0.7909090909090909 0.7777777777777778 0.016883116883116882 0.1126984126984127
2 0.8064935064935065 0.807936507936508 0.011688311688311689 0.06984126984126984
2 0.8324675324675325 0.7888888888888889 0.024675324675324677 0.10634920634920635
2 0.8675324675324675 0.8539682539682539 0.024675324675324677 0.09682539682539683
2 0.9051948051948052 0.9317460317460318 0.048051948051948054 0.1365079365079365
2 0.9623376623376624 0.9873015873015873 0.02727272727272727 0.023809523809523808
2 0.9818181818181818 0.7984126984126985 0.02857142857142857 0.1523809523809524
2 0.9818181818181818 0.6761904761904762 0.024675324675324677 0.11428571428571428
2 0.8909090909090909 0.7873015873015873 0.04415584415584416 0.12063492063492064
2 0.8064935064935065 0.734920634920635 0.02727272727272727 0.09523809523809523
2 0.687012987012987 0.7396825396825397 0.02727272727272727 0.08253968253968254
2 0.6207792207792208 0.7666666666666667 0.02727272727272727 0.10952380952380952
2 0.5948051948051948 0.7111111111111111 0.02207792207792208 0.11746031746031746
2 0.5805194805194805 0.626984126984127 0.023376623376623377 0.11904761904761904
2 0.7233766233766233 0.7380952380952381 0.024675324675324677 0.10317460317460317
2 0.7467532467532467 0.7222222222222222 0.02207792207792208 0.10634920634920635
2 0.7662337662337663 0.7031746031746032 0.01948051948051948 0.09841269841269841
2 0.8038961038961039 0.6904761904761905 0.02207792207792208 0.10317460317460317
2 0.7025974025974026 0.6841269841269841 0.02077922077922078 0.11428571428571428
2 0.7194805194805195 0.6587301587301587 0.012987012987012988 0.09047619047619047
2 0.7363636363636363 0.6444444444444445 0.014285714285714285 0.09047619047619047
2 0.7675324675324675 0.6492063492063492 0.01948051948051948 0.09365079365079365
2 0.6857142857142857 0.6301587301587301 0.02077922077922078 0.09841269841269841
2 0.6961038961038961 0.5936507936507937 0.01948051948051948 0.08571428571428572
2 0.7116883116883117 0.5746031746031746 0.01818181818181818 0.08571428571428572
2 0.7467532467532467 0.6047619047619047 0.02207792207792208 0.06666666666666667
2 0.7376623376623377 0.5793650793650794 0.01818181818181818 0.0873015873015873
2 0.7103896103896103 0.5126984126984127 0.02207792207792208 0.08571428571428572
2 0.6896103896103896 0.5 0.012987012987012988 0.0873015873015873
2 0.6792207792207792 0.4587301587301587 0.014285714285714285 0.05873015873015873
2 0.6610389610389611 0.4603174603174603 0.01038961038961039 0.0380952380952381
2 0.6311688311688312 0.4603174603174603 0.015584415584415584 0.06984126984126984
2 0.6181818181818182 0.41904761904761906 0.012987012987012988 0.06666666666666667
2 0.6441558441558441 0.43333333333333335 0.014285714285714285 0.05714285714285714
2 0.6532467532467533 0.4111111111111111 0.011688311688311689 0.050793650793650794
2 0.6753246753246753 0.4253968253968254 0.014285714285714285 0.04126984126984127
2 0.6571428571428571 0.43333333333333335 0.015584415584415584 0.046031746031746035
2 0.638961038961039 0.4015873015873016 0.011688311688311689 0.05396825396825397
2 0.6350649350649351 0.3761904761904762 0.01038961038961039 0.046031746031746035
2 0.6311688311688312 0.3619047619047619 0.00909090909090909 0.05396825396825397
2 0.6246753246753247 0.3492063492063492 0.011688311688311689 0.05238095238095238
2 0.5441558441558442 0.3984126984126984 0.012987012987012988 0.06984126984126984
2 0.4857142857142857 0.42698412698412697 0.015584415584415584 0.07142857142857142
2 0.5142857142857142 0.35873015873015873 0.015584415584415584 0.05396825396825397
2 0.5272727272727272 0.37142857142857144 0.011688311688311689 0.05396825396825397
2 0.5441558441558442 0.3603174603174603 0.01038961038961039 0.04285714285714286
2 0.5376623376623376 0.353968253968254 0.00909090909090909 0.046031746031746035
2 0.5233766233766234 0.3380952380952381 0.00909090909090909 0.04126984126984127
2 0.535064935064935 0.3333333333333333 0.00909090909090909 0.03968253968253968
2 0.5246753246753246 0.32222222222222224 0.00909090909090909 0.03492063492063492
2 0.5246753246753246 0.30793650793650795 0.00909090909090909 0.03492063492063492
2 0.4714285714285714 0.31587301587301586 0.011688311688311689 0.049206349206349205
2 0.5012987012987012 0.3253968253968254 0.00909090909090909 0.03492063492063492
2 0.5103896103896104 0.3349206349206349 0.00909090909090909 0.04126984126984127
2 0.4779220779220779 0.3349206349206349 0.011688311688311689 0.04285714285714286
2 0.4857142857142857 0.30952380952380953 0.011688311688311689 0.04285714285714286
2 0.6142857142857143 0.326984126984127 0.00909090909090909 0.03492063492063492
2 0.6025974025974026 0.3111111111111111 0.00909090909090909 0.026984126984126985
2 0.6012987012987013 0.29523809523809524 0.007792207792207792 0.026984126984126985
2 0.5844155844155844 0.319047619047619 0.00909090909090909 0.0380952380952381
2 0.574025974025974 0.30158730158730157 0.01038961038961039 0.02857142857142857
2 0.5896103896103896 0.2841269841269841 0.012987012987012988 0.049206349206349205
2 0.5636363636363636 0.27936507936507937 0.007792207792207792 0.04285714285714286
2 0.574025974025974 0.2746031746031746 0.00909090909090909 0.03333333333333333
2 0.5038961038961038 0.26825396825396824 0.00909090909090909 0.046031746031746035
1 0.5025974025974026 0.15079365079365079 0.007792207792207792 0.01904761904761905
1 0.4792207792207792 0.1349206349206349 0.006493506493506494 0.012698412698412698
1 0.4948051948051948 0.12698412698412698 0.006493506493506494 0.011111111111111112
1 0.4792207792207792 0.12698412698412698 0.006493506493506494 0.007936507936507936
1 0.4805194805194805 0.11746031746031746 0.006493506493506494 0.011111111111111112
1 0.5051948051948052 0.10476190476190476 0.005194805194805195 0.012698412698412698
1 0.4948051948051948 0.1349206349206349 0.006493506493506494 0.011111111111111112
2 0.5805194805194805 0.26825396825396824 0.01038961038961039 0.044444444444444446
2 0.5727272727272728 0.2571428571428571 0.007792207792207792 0.0380952380952381
2 0.5636363636363636 0.25873015873015875 0.01038961038961039 0.025396825396825397
2 0.564935064935065 0.2396825396825397 0.01038961038961039 0.03015873015873016
2 0.4987012987012987 0.24603174603174602 0.00909090909090909 0.031746031746031744
2 0.4909090909090909 0.23015873015873015 0.00909090909090909 0.026984126984126985
2 0.4857142857142857 0.21746031746031746 0.007792207792207792 0.03015873015873016
2 0.525974025974026 0.2253968253968254 0.007792207792207792 0.01904761904761905
2 0.5181818181818182 0.22063492063492063 0.006493506493506494 0.023809523809523808
2 0.5168831168831168 0.2126984126984127 0.006493506493506494 0.025396825396825397
2 0.5077922077922078 0.20317460317460317 0.006493506493506494 0.014285714285714285
1 0.4844155844155844 0.14444444444444443 0.011688311688311689 0.020634920634920634
2 0.4727272727272727 0.16031746031746033 0.006493506493506494 0.011111111111111112
2 0.4727272727272727 0.15555555555555556 0.006493506493506494 0.011111111111111112
2 0.4753246753246753 0.15079365079365079 0.006493506493506494 0.009523809523809525
1 0.4922077922077922 0.12063492063492064 0.007792207792207792 0.015873015873015872
1 0.4805194805194805 0.10793650793650794 0.007792207792207792 0.012698412698412698
2 0.525974025974026 0.173015873015873 0.006493506493506494 0.01904761904761905
2 0.5194805194805194 0.16984126984126985 0.006493506493506494 0.014285714285714285
2 0.5207792207792208 0.1634920634920635 0.006493506493506494 0.011111111111111112
2 0.5272727272727272 0.1634920634920635 0.005194805194805195 0.015873015873015872
1 0.4948051948051948 0.10476190476190476 0.006493506493506494 0.014285714285714285
3 0.4935064935064935 0.08571428571428572 0.007792207792207792 0.014285714285714285
1 0.4844155844155844 0.09841269841269841 0.00909090909090909 0.011111111111111112
1 0.4987012987012987 0.09682539682539683 0.006493506493506494 0.011111111111111112
1 0.5064935064935064 0.09365079365079365 0.006493506493506494 0.011111111111111112
2 0.5545454545454546 0.22857142857142856 0.00909090909090909 0.03650793650793651
2 0.4701298701298701 0.14444444444444443 0.007792207792207792 0.022222222222222223
2 0.5207792207792208 0.15873015873015872 0.007792207792207792 0.020634920634920634
2 0.5194805194805194 0.14761904761904762 0.006493506493506494 0.01904761904761905
2 0.5155844155844156 0.14761904761904762 0.005194805194805195 0.01904761904761905
2 0.5116883116883116 0.14444444444444443 0.003896103896103896 0.01904761904761905
2 0.5077922077922078 0.14126984126984127 0.005194805194805195 0.01746031746031746
2 0.5025974025974026 0.1349206349206349 0.005194805194805195 0.01746031746031746
2 0.5038961038961038 0.12698412698412698 0.005194805194805195 0.01746031746031746
2 0.5077922077922078 0.13015873015873017 0.006493506493506494 0.01904761904761905
2 0.5012987012987012 0.11746031746031746 0.005194805194805195 0.015873015873015872