1 0.8714285714285714 0.9507936507936507 0.11168831168831168 0.09841269841269841
1 0.5623376623376624 0.8746031746031746 0.08571428571428572 0.2507936507936508
1 0.7701298701298701 0.8365079365079365 0.1025974025974026 0.20952380952380953
1 0.5467532467532468 0.6634920634920635 0.07012987012987013 0.14126984126984127
1 0.6571428571428571 0.6126984126984127 0.06623376623376623 0.1492063492063492
1 0.5818181818181818 0.3682539682539683 0.048051948051948054 0.09523809523809523
1 0.5935064935064935 0.3126984126984127 0.032467532467532464 0.049206349206349205
1 0.551948051948052 0.30952380952380953 0.032467532467532464 0.046031746031746035
1 0.5376623376623376 0.273015873015873 0.02987012987012987 0.03650793650793651
1 0.4805194805194805 0.2634920634920635 0.02987012987012987 0.04285714285714286
1 0.522077922077922 0.2571428571428571 0.02077922077922078 0.04126984126984127
1 0.4727272727272727 0.2365079365079365 0.023376623376623377 0.02857142857142857
1 0.5155844155844156 0.23809523809523808 0.024675324675324677 0.031746031746031744
1 0.4675324675324675 0.21746031746031746 0.02207792207792208 0.023809523809523808
1 0.5116883116883116 0.21587301587301588 0.02727272727272727 0.02857142857142857
1 0.4662337662337662 0.19682539682539682 0.01818181818181818 0.025396825396825397
1 0.5064935064935064 0.20634920634920634 0.01818181818181818 0.023809523809523808
1 0.4961038961038961 0.19682539682539682 0.015584415584415584 0.02857142857142857
1 0.4662337662337662 0.17936507936507937 0.01948051948051948 0.026984126984126985
1 0.4753246753246753 0.1349206349206349 0.011688311688311689 0.023809523809523808
1 0.4883116883116883 0.11904761904761904 0.012987012987012988 0.020634920634920634
3 0.5441558441558442 0.4746031746031746 0.06363636363636363 0.19682539682539682
3 0.6376623376623377 0.45714285714285713 0.07662337662337662 0.19523809523809524
3 0.5116883116883116 0.38095238095238093 0.05974025974025974 0.15079365079365079
3 0.561038961038961 0.24126984126984127 0.046753246753246755 0.09523809523809523
3 0.4922077922077922 0.30158730158730157 0.04285714285714286 0.09206349206349207
3 0.5428571428571428 0.2126984126984127 0.033766233766233764 0.06349206349206349
2 0.951948051948052 0.9809523809523809 0.032467532467532464 0.03650793650793651
2 0.7896103896103897 0.9650793650793651 0.04285714285714286 0.06984126984126984
2 0.7337662337662337 0.9603174603174603 0.045454545454545456 0.07936507936507936
2 0.6987012987012987 0.9841269841269841 0.03636363636363636 0.031746031746031744
2 0.6701298701298701 0.9365079365079365 0.04155844155844156 0.12698412698412698
2 0.9415584415584416 0.9047619047619048 0.05454545454545454 0.16825396825396827
2 0.9012987012987013 0.9158730158730158 0.04025974025974026 0.10793650793650794
2 0.8376623376623377 0.8444444444444444 0.03116883116883117 0.1
2 0.8662337662337662 0.8396825396825397 0.025974025974025976 0.1253968253968254
2 0.6610389610389611 0.9349206349206349 0.03766233766233766 0.13015873015873017
2 0.6285714285714286 0.8873015873015873 0.02987012987012987 0.17142857142857143
2 0.6935064935064935 0.8936507936507937 0.02857142857142857 0.15555555555555556
2 0.8337662337662337 0.765079365079365 0.03636363636363636 0.10317460317460317
2 0.8025974025974026 0.792063492063492 0.02727272727272727 0.12698412698412698
2 0.7935064935064935 0.7142857142857143 0.033766233766233764 0.1111111111111111
2 0.7519480519480519 0.707936507936508 0.03636363636363636 0.0761904761904762
2 0.7077922077922078 0.7317460317460317 0.03506493506493506 0.07936507936507936
2 0.7025974025974026 0.7952380952380952 0.045454545454545456 0.09206349206349207
2 0.6558441558441559 0.8142857142857143 0.03506493506493506 0.10793650793650794
2 0.6090909090909091 0.7714285714285715 0.025974025974025976 0.10317460317460317
2 0.638961038961039 0.7476190476190476 0.02857142857142857 0.13015873015873017
2 0.6428571428571429 0.6904761904761905 0.03636363636363636 0.08253968253968254
2 0.6064935064935065 0.7031746031746032 0.02857142857142857 0.09523809523809523
2 0.4974025974025974 0.773015873015873 0.04025974025974026 0.13174603174603175
2 0.612987012987013 0.6365079365079365 0.032467532467532464 0.09206349206349207
2 0.5896103896103896 0.6253968253968254 0.02077922077922078 0.09682539682539683
2 0.4987012987012987 0.6142857142857143 0.03116883116883117 0.10952380952380952
2 0.4935064935064935 0.553968253968254 0.02987012987012987 0.06349206349206349
2 0.487012987012987 0.4984126984126984 0.03506493506493506 0.06349206349206349
2 0.6064935064935065 0.5746031746031746 0.02987012987012987 0.05873015873015873
2 0.5935064935064935 0.5428571428571428 0.03116883116883117 0.06349206349206349
2 0.5805194805194805 0.5047619047619047 0.02207792207792208 0.05396825396825397
2 0.5753246753246753 0.48412698412698413 0.011688311688311689 0.07142857142857142
2 0.5727272727272728 0.4444444444444444 0.01818181818181818 0.031746031746031744
2 0.5025974025974026 0.4492063492063492 0.02987012987012987 0.06507936507936508
2 0.7610389610389611 0.6682539682539682 0.04025974025974026 0.12857142857142856
2 0.7155844155844155 0.665079365079365 0.014285714285714285 0.09206349206349207
2 0.7 0.6238095238095238 0.014285714285714285 0.1
2 0.7350649350649351 0.6 0.02077922077922078 0.0761904761904762
2 0.6896103896103896 0.5682539682539682 0.023376623376623377 0.09365079365079365
2 0.6896103896103896 0.4936507936507937 0.02987012987012987 0.0761904761904762
2 0.7116883116883117 0.5492063492063493 0.015584415584415584 0.0873015873015873
2 0.5467532467532468 0.3619047619047619 0.016883116883116882 0.03968253968253968
2 0.5402597402597402 0.326984126984127 0.023376623376623377 0.046031746031746035
2 0.522077922077922 0.30317460317460315 0.015584415584415584 0.03333333333333333
2 0.6207792207792208 0.3253968253968254 0.02207792207792208 0.047619047619047616
2 0.5948051948051948 0.28253968253968254 0.016883116883116882 0.023809523809523808
2 0.5896103896103896 0.2698412698412698 0.015584415584415584 0.023809523809523808
2 0.5831168831168831 0.25396825396825395 0.015584415584415584 0.026984126984126985
2 0.4935064935064935 0.22698412698412698 0.016883116883116882 0.03333333333333333
2 0.5181818181818182 0.18412698412698414 0.01038961038961039 0.01746031746031746
2 0.522077922077922 0.20793650793650795 0.012987012987012988 0.022222222222222223
2 0.4818181818181818 0.1873015873015873 0.01038961038961039 0.020634920634920634
2 0.4753246753246753 0.16507936507936508 0.005194805194805195 0.020634920634920634
2 0.5038961038961038 0.16666666666666666 0.005194805194805195 0.025396825396825397
2 0.5116883116883116 0.15396825396825398 0.011688311688311689 0.020634920634920634
2 0.5064935064935064 0.1365079365079365 0.007792207792207792 0.01746031746031746
2 0.4818181818181818 0.173015873015873 0.01038961038961039 0.014285714285714285
2 0.5103896103896104 0.10317460317460317 0.00909090909090909 0.015873015873015872
2 0.5038961038961038 0.09841269841269841 0.006493506493506494 0.011111111111111112
2 0.4974025974025974 0.09841269841269841 0.005194805194805195 0.009523809523809525
2 0.5012987012987012 0.10317460317460317 0.006493506493506494 0.011111111111111112
2 0.4896103896103896 0.10476190476190476 0.0025974025974025974 0.011111111111111112
2 0.4675324675324675 0.1253968253968254 0.005194805194805195 0.014285714285714285
2 0.4714285714285714 0.11587301587301588 0.006493506493506494 0.014285714285714285
2 0.4818181818181818 0.11428571428571428 0.007792207792207792 0.020634920634920634
2 0.5 0.11746031746031746 0.00909090909090909 0.012698412698412698
2 0.5 0.13333333333333333 0.01038961038961039 0.01904761904761905
2 0.4831168831168831 0.14603174603174604 0.003896103896103896 0.01904761904761905
2 0.4857142857142857 0.13015873015873017 0.006493506493506494 0.015873015873015872
2 0.5051948051948052 0.18571428571428572 0.01038961038961039 0.01746031746031746
2 0.4844155844155844 0.16507936507936508 0.00909090909090909 0.015873015873015872
2 0.487012987012987 0.15555555555555556 0.01038961038961039 0.015873015873015872
2 0.4896103896103896 0.14761904761904762 0.00909090909090909 0.011111111111111112
2 0.4922077922077922 0.14285714285714285 0.01038961038961039 0.011111111111111112
2 0.4961038961038961 0.1380952380952381 0.007792207792207792 0.009523809523809525
2 0.4974025974025974 0.13333333333333333 0.011688311688311689 0.007936507936507936
2 0.5272727272727272 0.18095238095238095 0.007792207792207792 0.015873015873015872
2 0.5363636363636364 0.18095238095238095 0.005194805194805195 0.014285714285714285
2 0.6441558441558441 0.3682539682539683 0.015584415584415584 0.03650793650793651