2 0.6896103896103896 0.9428571428571428 0.046753246753246755 0.11428571428571428
2 0.6766233766233766 0.8634920634920635 0.04285714285714286 0.12857142857142856
2 0.6363636363636364 0.6174603174603175 0.03506493506493506 0.12380952380952381
2 0.6779220779220779 0.6634920634920635 0.03506493506493506 0.1349206349206349
2 0.6961038961038961 0.5968253968253968 0.03506493506493506 0.1111111111111111
2 0.7064935064935065 0.7174603174603175 0.02857142857142857 0.1111111111111111
2 0.7402597402597403 0.7238095238095238 0.023376623376623377 0.05555555555555555
2 0.7324675324675325 0.6634920634920635 0.03116883116883117 0.10793650793650794
2 0.7415584415584415 0.6142857142857143 0.033766233766233764 0.12063492063492064
2 0.6766233766233766 0.49206349206349204 0.03506493506493506 0.09841269841269841
2 0.6220779220779221 0.373015873015873 0.024675324675324677 0.06984126984126984
2 0.5298701298701298 0.21746031746031746 0.012987012987012988 0.03015873015873016
2 0.5597402597402598 0.23333333333333334 0.011688311688311689 0.03968253968253968
2 0.5155844155844156 0.2 0.011688311688311689 0.02857142857142857
2 0.4961038961038961 0.2015873015873016 0.01038961038961039 0.02857142857142857
2 0.5337662337662338 0.19365079365079366 0.00909090909090909 0.02857142857142857
2 0.5233766233766234 0.173015873015873 0.007792207792207792 0.026984126984126985
2 0.5038961038961038 0.12857142857142856 0.006493506493506494 0.020634920634920634
2 0.4987012987012987 0.14444444444444443 0.006493506493506494 0.009523809523809525
2 0.4974025974025974 0.1111111111111111 0.005194805194805195 0.012698412698412698
1 0.6077922077922078 0.9015873015873016 0.12987012987012986 0.19523809523809524
1 0.7558441558441559 0.8698412698412699 0.11688311688311688 0.25873015873015875
1 0.5883116883116883 0.4174603174603175 0.05584415584415584 0.10158730158730159
1 0.5675324675324676 0.346031746031746 0.04025974025974026 0.06984126984126984
1 0.5792207792207792 0.2761904761904762 0.032467532467532464 0.05714285714285714
1 0.5532467532467532 0.2968253968253968 0.04155844155844156 0.06507936507936508
1 0.5363636363636364 0.25873015873015875 0.033766233766233764 0.05396825396825397
1 0.4961038961038961 0.16507936507936508 0.02077922077922078 0.03492063492063492
1 0.4909090909090909 0.10634920634920635 0.00909090909090909 0.01904761904761905
1 0.5051948051948052 0.1 0.00909090909090909 0.01746031746031746
1 0.5 0.09523809523809523 0.005194805194805195 0.014285714285714285
3 0.4792207792207792 0.1365079365079365 0.024675324675324677 0.05714285714285714
3 0.4805194805194805 0.20476190476190476 0.03506493506493506 0.07777777777777778
3 0.4935064935064935 0.2761904761904762 0.048051948051948054 0.12380952380952381
3 0.5311688311688312 0.4238095238095238 0.07012987012987013 0.20952380952380953