2 0.5844155844155844 0.9301587301587302 0.03896103896103896 0.1253968253968254
2 0.5272727272727272 0.9031746031746032 0.04025974025974026 0.14285714285714285
2 0.5142857142857142 0.8015873015873016 0.033766233766233764 0.1253968253968254
2 0.509090909090909 0.7333333333333333 0.02857142857142857 0.1253968253968254
2 0.5025974025974026 0.6793650793650794 0.024675324675324677 0.10793650793650794
2 0.4883116883116883 0.6047619047619047 0.023376623376623377 0.1111111111111111
1 0.5415584415584416 0.5920634920634921 0.04935064935064935 0.15873015873015872
1 0.6311688311688312 0.6587301587301587 0.05454545454545454 0.1380952380952381
1 0.6649350649350649 0.765079365079365 0.033766233766233764 0.13333333333333333
0 0.7519480519480519 0.8809523809523809 0.10909090909090909 0.2365079365079365
3 0.6298701298701299 0.3968253968253968 0.06233766233766234 0.14444444444444443
3 0.5857142857142857 0.326984126984127 0.04415584415584416 0.11746031746031746
3 0.5675324675324676 0.2746031746031746 0.02857142857142857 0.08095238095238096
3 0.5376623376623376 0.23174603174603176 0.03506493506493506 0.07936507936507936
3 0.5376623376623376 0.373015873015873 0.04285714285714286 0.10634920634920635
1 0.6506493506493507 0.5301587301587302 0.04415584415584416 0.10634920634920635
1 0.4883116883116883 0.3492063492063492 0.02727272727272727 0.07142857142857142
1 0.4753246753246753 0.25396825396825395 0.015584415584415584 0.03968253968253968
1 0.5 0.23015873015873015 0.02207792207792208 0.0380952380952381
1 0.4922077922077922 0.18571428571428572 0.012987012987012988 0.02857142857142857
1 0.4662337662337662 0.1253968253968254 0.006493506493506494 0.022222222222222223
3 0.5051948051948052 0.2746031746031746 0.02207792207792208 0.050793650793650794
3 0.5324675324675324 0.2984126984126984 0.023376623376623377 0.046031746031746035
1 0.5701298701298702 0.45714285714285713 0.04285714285714286 0.11587301587301588
1 0.512987012987013 0.4888888888888889 0.032467532467532464 0.09841269841269841
2 0.9142857142857143 0.8952380952380953 0.03766233766233766 0.12698412698412698
2 0.8558441558441559 0.7793650793650794 0.02727272727272727 0.13333333333333333
2 0.8376623376623377 0.8253968253968254 0.023376623376623377 0.09047619047619047
2 0.8675324675324675 0.9253968253968254 0.02727272727272727 0.10158730158730159
2 0.8051948051948052 0.780952380952381 0.024675324675324677 0.09047619047619047
2 0.7844155844155845 0.7222222222222222 0.02207792207792208 0.08095238095238096
2 0.7610389610389611 0.726984126984127 0.025974025974025976 0.06666666666666667
2 0.7194805194805195 0.7253968253968254 0.023376623376623377 0.047619047619047616
2 0.7792207792207793 0.653968253968254 0.02207792207792208 0.07777777777777778
2 0.7493506493506493 0.6619047619047619 0.02077922077922078 0.07777777777777778
2 0.7181818181818181 0.6841269841269841 0.02207792207792208 0.06666666666666667
2 0.6909090909090909 0.6587301587301587 0.01948051948051948 0.0746031746031746
2 0.7064935064935065 0.6174603174603175 0.02077922077922078 0.07142857142857142
2 0.7545454545454545 0.6015873015873016 0.02207792207792208 0.06031746031746032
2 0.7363636363636363 0.5682539682539682 0.02077922077922078 0.08412698412698413
2 0.8571428571428571 0.5317460317460317 0.033766233766233764 0.07936507936507936
2 0.6662337662337663 0.6174603174603175 0.024675324675324677 0.08571428571428572
2 0.6792207792207792 0.5857142857142857 0.01948051948051948 0.06984126984126984
2 0.7090909090909091 0.5777777777777777 0.015584415584415584 0.05873015873015873
2 0.6961038961038961 0.5444444444444444 0.014285714285714285 0.06507936507936508
2 0.6935064935064935 0.5047619047619047 0.016883116883116882 0.05873015873015873
2 0.6779220779220779 0.48253968253968255 0.016883116883116882 0.06666666666666667
2 0.6077922077922078 0.5571428571428572 0.02077922077922078 0.07301587301587302
2 0.4831168831168831 0.45396825396825397 0.01818181818181818 0.08253968253968254
2 0.5168831168831168 0.42698412698412697 0.01818181818181818 0.0380952380952381
2 0.509090909090909 0.319047619047619 0.014285714285714285 0.05714285714285714
1 0.4688311688311688 0.2111111111111111 0.016883116883116882 0.03333333333333333
1 0.4662337662337662 0.19047619047619047 0.012987012987012988 0.022222222222222223
1 0.4714285714285714 0.17936507936507937 0.012987012987012988 0.023809523809523808
1 0.4857142857142857 0.10634920634920635 0.01038961038961039 0.01904761904761905
1 0.4857142857142857 0.12222222222222222 0.006493506493506494 0.014285714285714285
1 0.509090909090909 0.1619047619047619 0.012987012987012988 0.025396825396825397
2 0.474025974025974 0.30952380952380953 0.011688311688311689 0.044444444444444446
2 0.4896103896103896 0.2984126984126984 0.011688311688311689 0.0380952380952381
2 0.4805194805194805 0.2761904761904762 0.01038961038961039 0.03968253968253968
2 0.4597402597402597 0.2396825396825397 0.00909090909090909 0.044444444444444446
1 0.5103896103896104 0.2015873015873016 0.012987012987012988 0.02857142857142857
2 0.4792207792207792 0.14603174603174604 0.00909090909090909 0.025396825396825397
2 0.4896103896103896 0.14761904761904762 0.00909090909090909 0.02857142857142857
2 0.45714285714285713 0.18888888888888888 0.007792207792207792 0.03333333333333333
2 0.4675324675324675 0.1634920634920635 0.006493506493506494 0.022222222222222223
2 0.4896103896103896 0.2619047619047619 0.00909090909090909 0.03650793650793651
2 0.4974025974025974 0.1634920634920635 0.007792207792207792 0.023809523809523808
2 0.4974025974025974 0.12222222222222222 0.006493506493506494 0.01904761904761905
2 0.5038961038961038 0.13015873015873017 0.006493506493506494 0.01904761904761905
2 0.5051948051948052 0.14285714285714285 0.007792207792207792 0.01904761904761905
2 0.548051948051948 0.9603174603174603 0.025974025974025976 0.07777777777777778