2 0.5207792207792208 0.8301587301587302 0.04025974025974026 0.12857142857142856
2 0.525974025974026 0.9238095238095239 0.046753246753246755 0.14126984126984127
2 0.577922077922078 0.9253968253968254 0.04415584415584416 0.11904761904761904
2 0.6220779220779221 0.719047619047619 0.04155844155844156 0.12063492063492064
2 0.8987012987012987 0.8888888888888888 0.06103896103896104 0.16666666666666666
2 0.9025974025974026 0.9682539682539683 0.045454545454545456 0.06190476190476191
2 0.8389610389610389 0.9857142857142858 0.02857142857142857 0.02857142857142857
2 0.8584415584415584 0.9634920634920635 0.04025974025974026 0.07142857142857142
2 0.8181818181818182 0.8365079365079365 0.04415584415584416 0.11904761904761904
2 0.8246753246753247 0.9174603174603174 0.03896103896103896 0.12698412698412698
2 0.8025974025974026 0.9380952380952381 0.04025974025974026 0.12222222222222222
2 0.7662337662337663 0.973015873015873 0.033766233766233764 0.05396825396825397
2 0.7324675324675325 0.9222222222222223 0.04415584415584416 0.15396825396825398
2 0.7688311688311689 0.8634920634920635 0.03636363636363636 0.15079365079365079
2 0.7766233766233767 0.8111111111111111 0.03766233766233766 0.11746031746031746
2 0.7545454545454545 0.626984126984127 0.02987012987012987 0.09523809523809523
2 0.7480519480519481 0.7587301587301587 0.03116883116883117 0.14126984126984127
2 0.7480519480519481 0.6904761904761905 0.03116883116883117 0.08412698412698413
2 0.7259740259740259 0.7984126984126985 0.033766233766233764 0.10158730158730159
1 0.6571428571428571 0.8857142857142857 0.11558441558441558 0.22698412698412698
2 0.6948051948051948 0.8238095238095238 0.03636363636363636 0.14126984126984127
2 0.6896103896103896 0.7571428571428571 0.03766233766233766 0.07777777777777778
2 0.7376623376623377 0.5158730158730159 0.03116883116883117 0.08888888888888889
2 0.6545454545454545 0.49047619047619045 0.02077922077922078 0.07936507936507936
1 0.6207792207792208 0.5444444444444444 0.06753246753246753 0.13174603174603175
2 0.6350649350649351 0.47619047619047616 0.02077922077922078 0.06349206349206349
1 0.6935064935064935 0.5396825396825397 0.07402597402597402 0.13015873015873017
2 0.6792207792207792 0.4666666666666667 0.01818181818181818 0.03333333333333333
2 0.6350649350649351 0.4253968253968254 0.02077922077922078 0.05873015873015873
2 0.6506493506493507 0.44126984126984126 0.01818181818181818 0.05555555555555555
2 0.6714285714285714 0.45714285714285713 0.012987012987012988 0.047619047619047616
1 0.6012987012987013 0.45555555555555555 0.05194805194805195 0.09523809523809523
2 0.6155844155844156 0.40634920634920635 0.01948051948051948 0.049206349206349205
2 0.6363636363636364 0.3746031746031746 0.02207792207792208 0.06349206349206349
1 0.5597402597402598 0.4111111111111111 0.05974025974025974 0.07936507936507936
2 0.5844155844155844 0.38412698412698415 0.02077922077922078 0.05714285714285714
1 0.6116883116883117 0.3746031746031746 0.04415584415584416 0.0761904761904762
2 0.5935064935064935 0.34444444444444444 0.012987012987012988 0.0380952380952381
2 0.6246753246753247 0.3396825396825397 0.01818181818181818 0.03650793650793651
1 0.5467532467532468 0.31587301587301586 0.03636363636363636 0.05555555555555555
2 0.5753246753246753 0.319047619047619 0.01948051948051948 0.05555555555555555
2 0.6025974025974026 0.3111111111111111 0.015584415584415584 0.047619047619047616
2 0.612987012987013 0.326984126984127 0.012987012987012988 0.026984126984126985
2 0.487012987012987 0.4444444444444444 0.023376623376623377 0.09365079365079365
2 0.4844155844155844 0.39365079365079364 0.023376623376623377 0.06507936507936508
2 0.4766233766233766 0.33650793650793653 0.01948051948051948 0.05238095238095238
2 0.4753246753246753 0.16825396825396827 0.014285714285714285 0.02857142857142857
2 0.4857142857142857 0.12380952380952381 0.006493506493506494 0.015873015873015872
2 0.4961038961038961 0.13333333333333333 0.011688311688311689 0.020634920634920634
2 0.4948051948051948 0.11587301587301588 0.01038961038961039 0.01746031746031746
2 0.5 0.10634920634920635 0.01038961038961039 0.020634920634920634
2 0.512987012987013 0.16507936507936508 0.012987012987012988 0.026984126984126985
2 0.522077922077922 0.20634920634920634 0.015584415584415584 0.031746031746031744
2 0.5636363636363636 0.2523809523809524 0.01818181818181818 0.05238095238095238
2 0.5805194805194805 0.28888888888888886 0.015584415584415584 0.0380952380952381
2 0.5909090909090909 0.2857142857142857 0.015584415584415584 0.050793650793650794
1 0.5727272727272728 0.9777777777777777 0.1 0.044444444444444446
1 0.5545454545454546 0.6952380952380952 0.08571428571428572 0.18888888888888888
1 0.5415584415584416 0.580952380952381 0.08181818181818182 0.1253968253968254
1 0.6818181818181818 0.6460317460317461 0.1012987012987013 0.1873015873015873
1 0.5441558441558442 0.35873015873015873 0.04155844155844156 0.06031746031746032
1 0.5311688311688312 0.2841269841269841 0.04025974025974026 0.0746031746031746
1 0.4844155844155844 0.2777777777777778 0.02857142857142857 0.05873015873015873
1 0.4987012987012987 0.35079365079365077 0.03636363636363636 0.06031746031746032
1 0.4987012987012987 0.30634920634920637 0.032467532467532464 0.049206349206349205
1 0.5246753246753246 0.4714285714285714 0.05714285714285714 0.11746031746031746
1 0.512987012987013 0.4 0.04415584415584416 0.05238095238095238