1 0.7233766233766233 0.8920634920634921 0.11038961038961038 0.21587301587301588
1 0.5844155844155844 0.9095238095238095 0.08701298701298701 0.18095238095238095
1 0.564935064935065 0.7111111111111111 0.08441558441558442 0.173015873015873
1 0.6558441558441559 0.7015873015873015 0.08441558441558442 0.19523809523809524
1 0.6896103896103896 0.5650793650793651 0.08571428571428572 0.16507936507936508
1 0.6181818181818182 0.5507936507936508 0.07272727272727272 0.10793650793650794
1 0.6012987012987013 0.4666666666666667 0.05454545454545454 0.1111111111111111
1 0.5818181818181818 0.3888888888888889 0.05194805194805195 0.06825396825396825
1 0.5584415584415584 0.3476190476190476 0.03896103896103896 0.05555555555555555
1 0.5441558441558442 0.3047619047619048 0.033766233766233764 0.05714285714285714
3 0.5077922077922078 0.31746031746031744 0.053246753246753244 0.08412698412698413
1 0.5194805194805194 0.2650793650793651 0.023376623376623377 0.04126984126984127
1 0.5311688311688312 0.25873015873015875 0.024675324675324677 0.03968253968253968
1 0.5285714285714286 0.23333333333333334 0.02727272727272727 0.03492063492063492
3 0.4935064935064935 0.25396825396825395 0.045454545454545456 0.07936507936507936
1 0.5077922077922078 0.21587301587301588 0.025974025974025976 0.03968253968253968
1 0.4753246753246753 0.23174603174603176 0.023376623376623377 0.04126984126984127
1 0.5337662337662338 0.2126984126984127 0.024675324675324677 0.03492063492063492
1 0.5038961038961038 0.18888888888888888 0.01948051948051948 0.023809523809523808
1 0.5077922077922078 0.173015873015873 0.01948051948051948 0.025396825396825397
2 0.4844155844155844 0.16666666666666666 0.00909090909090909 0.023809523809523808
1 0.4883116883116883 0.1634920634920635 0.015584415584415584 0.026984126984126985
1 0.4662337662337662 0.15396825396825398 0.016883116883116882 0.026984126984126985
0 0.6597402597402597 0.3968253968253968 0.11558441558441558 0.20793650793650795
3 0.525974025974026 0.48095238095238096 0.07922077922077922 0.19047619047619047
3 0.5168831168831168 0.36984126984126986 0.053246753246753244 0.10793650793650794
2 0.6584415584415585 0.9666666666666667 0.045454545454545456 0.06507936507936508
2 0.5116883116883116 0.819047619047619 0.04935064935064935 0.1111111111111111
2 0.6194805194805195 0.8158730158730159 0.03766233766233766 0.1111111111111111
2 0.8467532467532467 0.9396825396825397 0.04415584415584416 0.08888888888888889
2 0.8389610389610389 0.9793650793650793 0.06103896103896104 0.03968253968253968
2 0.7987012987012987 0.9253968253968254 0.04415584415584416 0.1126984126984127
2 0.9038961038961039 0.9761904761904762 0.04155844155844156 0.047619047619047616
2 0.9727272727272728 0.9746031746031746 0.048051948051948054 0.050793650793650794
2 0.948051948051948 0.9079365079365079 0.04155844155844156 0.08412698412698413
2 0.9090909090909091 0.9444444444444444 0.05584415584415584 0.08412698412698413
2 0.8766233766233766 0.861904761904762 0.03636363636363636 0.10476190476190476
2 0.8402597402597403 0.8476190476190476 0.03896103896103896 0.0873015873015873
2 0.7909090909090909 0.7793650793650794 0.032467532467532464 0.10158730158730159
2 0.7935064935064935 0.8269841269841269 0.02987012987012987 0.06825396825396825
2 0.7558441558441559 0.8206349206349206 0.02857142857142857 0.09841269841269841
2 0.8441558441558441 0.753968253968254 0.03896103896103896 0.09682539682539683
2 0.8181818181818182 0.7873015873015873 0.03636363636363636 0.08571428571428572
2 0.8168831168831169 0.6904761904761905 0.048051948051948054 0.0761904761904762
2 0.7987012987012987 0.7285714285714285 0.03896103896103896 0.06984126984126984
2 0.7714285714285715 0.7380952380952381 0.04155844155844156 0.08412698412698413
2 0.7415584415584415 0.7492063492063492 0.04285714285714286 0.08253968253968254
2 0.7597402597402597 0.6825396825396826 0.04025974025974026 0.05714285714285714
2 0.7272727272727273 0.6857142857142857 0.03896103896103896 0.06666666666666667
2 0.7493506493506493 0.6206349206349207 0.03766233766233766 0.0761904761904762
2 0.7038961038961039 0.6507936507936508 0.03116883116883117 0.08253968253968254
2 0.6064935064935065 0.6253968253968254 0.04285714285714286 0.06984126984126984
2 0.6519480519480519 0.5952380952380952 0.02987012987012987 0.07301587301587302
2 0.5688311688311688 0.6095238095238096 0.024675324675324677 0.06349206349206349
2 0.574025974025974 0.5142857142857142 0.03116883116883117 0.0873015873015873
2 0.5597402597402598 0.4634920634920635 0.02207792207792208 0.049206349206349205
2 0.551948051948052 0.40476190476190477 0.02077922077922078 0.046031746031746035
2 0.548051948051948 0.373015873015873 0.01948051948051948 0.044444444444444446
2 0.4792207792207792 0.4015873015873016 0.02727272727272727 0.05396825396825397
2 0.538961038961039 0.34285714285714286 0.014285714285714285 0.02857142857142857
2 0.4831168831168831 0.12222222222222222 0.005194805194805195 0.014285714285714285
2 0.4896103896103896 0.11428571428571428 0.005194805194805195 0.012698412698412698
2 0.4987012987012987 0.11587301587301588 0.003896103896103896 0.01746031746031746
2 0.4948051948051948 0.1111111111111111 0.0025974025974025974 0.015873015873015872
2 0.5038961038961038 0.10634920634920635 0.006493506493506494 0.014285714285714285
2 0.509090909090909 0.1 0.006493506493506494 0.01746031746031746
2 0.4922077922077922 0.10634920634920635 0.005194805194805195 0.012698412698412698
2 0.5 0.09682539682539683 0.003896103896103896 0.009523809523809525
2 0.5038961038961038 0.09206349206349207 0.003896103896103896 0.009523809523809525
2 0.5064935064935064 0.09523809523809523 0.003896103896103896 0.007936507936507936
2 0.5051948051948052 0.1253968253968254 0.007792207792207792 0.026984126984126985
2 0.4714285714285714 0.1126984126984127 0.003896103896103896 0.014285714285714285
2 0.4779220779220779 0.11587301587301588 0.0025974025974025974 0.01746031746031746
2 0.4779220779220779 0.11428571428571428 0.0025974025974025974 0.015873015873015872
2 0.4883116883116883 0.13015873015873017 0.005194805194805195 0.01904761904761905
2 0.5012987012987012 0.15396825396825398 0.007792207792207792 0.014285714285714285
2 0.5064935064935064 0.1492063492063492 0.006493506493506494 0.015873015873015872
2 0.512987012987013 0.14761904761904762 0.007792207792207792 0.01746031746031746
2 0.5142857142857142 0.13968253968253969 0.01038961038961039 0.014285714285714285
2 0.4779220779220779 0.19206349206349208 0.012987012987012988 0.026984126984126985
2 0.4636363636363636 0.19206349206349208 0.012987012987012988 0.02857142857142857
2 0.5116883116883116 0.16825396825396827 0.007792207792207792 0.01904761904761905
2 0.5233766233766234 0.173015873015873 0.006493506493506494 0.022222222222222223
2 0.5194805194805194 0.1619047619047619 0.00909090909090909 0.01746031746031746
2 0.5207792207792208 0.19206349206349208 0.00909090909090909 0.01746031746031746
2 0.4857142857142857 0.21428571428571427 0.006493506493506494 0.01746031746031746
2 0.5532467532467532 0.21587301587301588 0.014285714285714285 0.031746031746031744
2 0.5441558441558442 0.2396825396825397 0.011688311688311689 0.03333333333333333
2 0.5545454545454546 0.2507936507936508 0.011688311688311689 0.03650793650793651
2 0.574025974025974 0.2492063492063492 0.01038961038961039 0.0380952380952381
2 0.5922077922077922 0.2761904761904762 0.012987012987012988 0.023809523809523808
2 0.5701298701298702 0.273015873015873 0.011688311688311689 0.03650793650793651
2 0.5597402597402598 0.28888888888888886 0.011688311688311689 0.01904761904761905
2 0.5467532467532468 0.2634920634920635 0.011688311688311689 0.03015873015873016
2 0.5675324675324676 0.30952380952380953 0.01818181818181818 0.0380952380952381
2 0.5818181818181818 0.2904761904761905 0.012987012987012988 0.02857142857142857
2 0.5714285714285714 0.30158730158730157 0.016883116883116882 0.02857142857142857
2 0.6025974025974026 0.29523809523809524 0.016883116883116882 0.03015873015873016
2 0.5922077922077922 0.30317460317460315 0.015584415584415584 0.022222222222222223
2 0.5857142857142857 0.31746031746031744 0.01818181818181818 0.02857142857142857
2 0.5792207792207792 0.3412698412698413 0.01818181818181818 0.026984126984126985
2 0.5935064935064935 0.3349206349206349 0.006493506493506494 0.0380952380952381