2 0.8818181818181818 0.9301587301587302 0.05454545454545454 0.12698412698412698
2 0.8246753246753247 0.9333333333333333 0.04415584415584416 0.13333333333333333
2 0.8571428571428571 0.8269841269841269 0.02987012987012987 0.12063492063492064
2 0.8441558441558441 0.753968253968254 0.045454545454545456 0.09523809523809523
2 0.8103896103896104 0.8253968253968254 0.032467532467532464 0.09523809523809523
2 0.7688311688311689 0.8238095238095238 0.03896103896103896 0.1126984126984127
2 0.7935064935064935 0.7238095238095238 0.03116883116883117 0.10317460317460317
2 0.7714285714285715 0.746031746031746 0.032467532467532464 0.08095238095238096
2 0.7454545454545455 0.7238095238095238 0.04155844155844156 0.09682539682539683
2 0.7272727272727273 0.746031746031746 0.032467532467532464 0.07777777777777778
2 0.6844155844155844 0.7444444444444445 0.04155844155844156 0.12222222222222222
2 0.6207792207792208 0.734920634920635 0.033766233766233764 0.1253968253968254
2 0.6051948051948052 0.6777777777777778 0.032467532467532464 0.09523809523809523
2 0.6012987012987013 0.6301587301587301 0.02727272727272727 0.0873015873015873
2 0.5922077922077922 0.5777777777777777 0.02987012987012987 0.05714285714285714
2 0.7935064935064935 0.665079365079365 0.032467532467532464 0.07777777777777778
2 0.7532467532467533 0.6873015873015873 0.03506493506493506 0.08095238095238096
2 0.7701298701298701 0.6285714285714286 0.02987012987012987 0.08253968253968254
2 0.7532467532467533 0.6428571428571429 0.02857142857142857 0.07142857142857142
2 0.7155844155844155 0.638095238095238 0.03116883116883117 0.09841269841269841
2 0.7246753246753247 0.5968253968253968 0.02727272727272727 0.06984126984126984
2 0.7389610389610389 0.5793650793650794 0.02987012987012987 0.0746031746031746
2 0.6961038961038961 0.5936507936507937 0.02857142857142857 0.08571428571428572
2 0.7 0.5444444444444444 0.03506493506493506 0.050793650793650794
2 0.6935064935064935 0.5126984126984127 0.024675324675324677 0.05396825396825397
2 0.6961038961038961 0.4984126984126984 0.023376623376623377 0.06507936507936508
2 0.6662337662337663 0.5095238095238095 0.02207792207792208 0.06190476190476191
2 0.6493506493506493 0.5111111111111111 0.02077922077922078 0.049206349206349205
2 0.6558441558441559 0.4746031746031746 0.024675324675324677 0.05238095238095238
2 0.5727272727272728 0.5142857142857142 0.024675324675324677 0.06825396825396825
2 0.5688311688311688 0.4714285714285714 0.025974025974025976 0.047619047619047616
2 0.5662337662337662 0.4507936507936508 0.02077922077922078 0.05396825396825397
2 0.5623376623376624 0.42857142857142855 0.01818181818181818 0.05555555555555555
2 0.5662337662337662 0.40793650793650793 0.02207792207792208 0.044444444444444446
2 0.6402597402597403 0.43492063492063493 0.016883116883116882 0.05238095238095238
2 0.6688311688311688 0.4301587301587302 0.02077922077922078 0.046031746031746035
2 0.6571428571428571 0.4158730158730159 0.02077922077922078 0.05238095238095238
2 0.6506493506493507 0.38412698412698415 0.01948051948051948 0.04285714285714286
2 0.6337662337662338 0.4015873015873016 0.01818181818181818 0.04126984126984127
2 0.6168831168831169 0.37142857142857144 0.016883116883116882 0.04285714285714286
2 0.6363636363636364 0.35873015873015873 0.023376623376623377 0.04285714285714286
2 0.6207792207792208 0.33650793650793653 0.015584415584415584 0.03492063492063492
2 0.6090909090909091 0.33174603174603173 0.015584415584415584 0.03968253968253968
2 0.5948051948051948 0.33174603174603173 0.023376623376623377 0.02857142857142857
2 0.5012987012987012 0.665079365079365 0.02727272727272727 0.09682539682539683
2 0.4935064935064935 0.5984126984126984 0.033766233766233764 0.08253968253968254
2 0.4961038961038961 0.5603174603174603 0.02727272727272727 0.06031746031746032
2 0.4896103896103896 0.5285714285714286 0.024675324675324677 0.06984126984126984
2 0.4883116883116883 0.46984126984126984 0.02207792207792208 0.06190476190476191
2 0.4896103896103896 0.4380952380952381 0.025974025974025976 0.050793650793650794
2 0.4922077922077922 0.3984126984126984 0.023376623376623377 0.046031746031746035
2 0.4896103896103896 0.37777777777777777 0.023376623376623377 0.03968253968253968
2 0.4805194805194805 0.36666666666666664 0.01948051948051948 0.06190476190476191
2 0.4779220779220779 0.31746031746031744 0.015584415584415584 0.044444444444444446
2 0.4948051948051948 0.2841269841269841 0.01818181818181818 0.03492063492063492
2 0.4753246753246753 0.3047619047619048 0.02207792207792208 0.044444444444444446
2 0.45454545454545453 0.21746031746031746 0.00909090909090909 0.031746031746031744
2 0.4727272727272727 0.20476190476190476 0.02077922077922078 0.020634920634920634
2 0.5662337662337662 0.2365079365079365 0.014285714285714285 0.03333333333333333
2 0.5831168831168831 0.25873015873015875 0.011688311688311689 0.02857142857142857
2 0.5584415584415584 0.25873015873015875 0.014285714285714285 0.02857142857142857
2 0.5766233766233766 0.2746031746031746 0.01818181818181818 0.03492063492063492
2 0.5857142857142857 0.31587301587301586 0.015584415584415584 0.03333333333333333
2 0.5727272727272728 0.30317460317460315 0.012987012987012988 0.03650793650793651
2 0.551948051948052 0.22857142857142856 0.015584415584415584 0.031746031746031744
2 0.5532467532467532 0.21587301587301588 0.011688311688311689 0.023809523809523808
2 0.5454545454545454 0.20476190476190476 0.011688311688311689 0.020634920634920634
2 0.5194805194805194 0.1873015873015873 0.01038961038961039 0.01746031746031746
2 0.4857142857142857 0.19682539682539682 0.01038961038961039 0.01746031746031746
2 0.509090909090909 0.1746031746031746 0.00909090909090909 0.01904761904761905
2 0.5207792207792208 0.16984126984126985 0.01038961038961039 0.015873015873015872
2 0.509090909090909 0.16666666666666666 0.011688311688311689 0.020634920634920634
2 0.5246753246753246 0.1523809523809524 0.012987012987012988 0.01904761904761905
2 0.5116883116883116 0.13968253968253969 0.007792207792207792 0.011111111111111112
2 0.4831168831168831 0.14761904761904762 0.012987012987012988 0.009523809523809525
2 0.4805194805194805 0.1619047619047619 0.00909090909090909 0.014285714285714285
2 0.4844155844155844 0.18253968253968253 0.01038961038961039 0.01904761904761905
2 0.4597402597402597 0.1984126984126984 0.01038961038961039 0.014285714285714285
3 0.4948051948051948 0.09682539682539683 0.024675324675324677 0.03333333333333333
1 0.4818181818181818 0.1126984126984127 0.011688311688311689 0.01746031746031746
1 0.4649350649350649 0.12222222222222222 0.01948051948051948 0.022222222222222223
1 0.487012987012987 0.12380952380952381 0.012987012987012988 0.01746031746031746
1 0.487012987012987 0.1380952380952381 0.015584415584415584 0.01904761904761905
3 0.4675324675324675 0.1619047619047619 0.016883116883116882 0.02857142857142857
1 0.5 0.1492063492063492 0.011688311688311689 0.022222222222222223
1 0.5116883116883116 0.15714285714285714 0.01948051948051948 0.022222222222222223
1 0.487012987012987 0.1634920634920635 0.01818181818181818 0.020634920634920634
1 0.4701298701298701 0.1746031746031746 0.016883116883116882 0.01904761904761905
1 0.4935064935064935 0.1746031746031746 0.016883116883116882 0.01904761904761905
1 0.5 0.18888888888888888 0.016883116883116882 0.022222222222222223
1 0.4714285714285714 0.19206349206349208 0.02207792207792208 0.022222222222222223
1 0.4675324675324675 0.21904761904761905 0.01818181818181818 0.01746031746031746
1 0.4779220779220779 0.23492063492063492 0.02727272727272727 0.031746031746031744
1 0.4987012987012987 0.21904761904761905 0.01948051948051948 0.03333333333333333
1 0.5272727272727272 0.22380952380952382 0.02727272727272727 0.05555555555555555
1 0.5363636363636364 0.2650793650793651 0.02727272727272727 0.047619047619047616
1 0.512987012987013 0.2761904761904762 0.03506493506493506 0.06666666666666667
1 0.4844155844155844 0.26825396825396824 0.02857142857142857 0.047619047619047616
1 0.5012987012987012 0.33174603174603173 0.032467532467532464 0.07301587301587302
1 0.564935064935065 0.34285714285714286 0.03506493506493506 0.07777777777777778
1 0.5532467532467532 0.29365079365079366 0.02857142857142857 0.06507936507936508
1 0.587012987012987 0.2984126984126984 0.02727272727272727 0.049206349206349205
1 0.5246753246753246 0.3619047619047619 0.04155844155844156 0.06507936507936508
1 0.5233766233766234 0.4238095238095238 0.05064935064935065 0.09206349206349207
1 0.5896103896103896 0.3682539682539683 0.04935064935064935 0.05714285714285714
1 0.6077922077922078 0.4301587301587302 0.05454545454545454 0.09682539682539683
1 0.5298701298701298 0.4984126984126984 0.053246753246753244 0.11587301587301588
1 0.6142857142857143 0.5111111111111111 0.06753246753246753 0.11746031746031746
1 0.548051948051948 0.5920634920634921 0.07272727272727272 0.15396825396825398
1 0.5493506493506494 0.7428571428571429 0.0987012987012987 0.24285714285714285
1 0.6 0.9 0.11818181818181818 0.2
1 0.6610389610389611 0.6206349206349207 0.09090909090909091 0.18253968253968253
1 0.7220779220779221 0.8825396825396825 0.13376623376623376 0.23333333333333334