1 0.6103896103896104 0.9603174603174603 0.10519480519480519 0.07936507936507936
1 0.7584415584415585 0.8857142857142857 0.11818181818181818 0.22857142857142856
1 0.825974025974026 0.8285714285714286 0.11948051948051948 0.2111111111111111
1 0.5922077922077922 0.8396825396825397 0.11558441558441558 0.21904761904761905
1 0.6818181818181818 0.6888888888888889 0.08571428571428572 0.1619047619047619
1 0.7402597402597403 0.6349206349206349 0.11428571428571428 0.1523809523809524
1 0.5636363636363636 0.6587301587301587 0.07142857142857142 0.18253968253968253
1 0.6454545454545455 0.573015873015873 0.06623376623376623 0.15396825396825398
1 0.538961038961039 0.5190476190476191 0.04935064935064935 0.10793650793650794
1 0.6155844155844156 0.48095238095238096 0.046753246753246755 0.07777777777777778
1 0.5285714285714286 0.4444444444444444 0.04935064935064935 0.05873015873015873
1 0.5142857142857142 0.3873015873015873 0.045454545454545456 0.06666666666666667
1 0.5051948051948052 0.3396825396825397 0.046753246753246755 0.05238095238095238
1 0.4948051948051948 0.31587301587301586 0.032467532467532464 0.03968253968253968
1 0.5896103896103896 0.4 0.04025974025974026 0.07777777777777778
2 0.7532467532467533 0.7142857142857143 0.04155844155844156 0.1126984126984127
2 0.5 0.5126984126984127 0.033766233766233764 0.10158730158730159
2 0.7415584415584415 0.5253968253968254 0.03766233766233766 0.12063492063492064
2 0.7051948051948052 0.5428571428571428 0.023376623376623377 0.0761904761904762
2 0.6766233766233766 0.5492063492063493 0.02857142857142857 0.07777777777777778
2 0.6662337662337663 0.5253968253968254 0.02077922077922078 0.0761904761904762
2 0.7116883116883117 0.5126984126984127 0.023376623376623377 0.06349206349206349
2 0.7311688311688311 0.48253968253968255 0.02857142857142857 0.07301587301587302
2 0.6818181818181818 0.5015873015873016 0.02207792207792208 0.05238095238095238
2 0.6961038961038961 0.47619047619047616 0.02207792207792208 0.06666666666666667
2 0.6428571428571429 0.46825396825396826 0.016883116883116882 0.06825396825396825
2 0.6584415584415585 0.4523809523809524 0.023376623376623377 0.05555555555555555
2 0.6662337662337663 0.42857142857142855 0.01818181818181818 0.05238095238095238
2 0.6311688311688312 0.4158730158730159 0.024675324675324677 0.06031746031746032
2 0.5675324675324676 0.4777777777777778 0.02077922077922078 0.06984126984126984
2 0.5636363636363636 0.4396825396825397 0.02077922077922078 0.06031746031746032
1 0.551948051948052 0.4126984126984127 0.015584415584415584 0.05714285714285714
2 0.5337662337662338 0.3380952380952381 0.023376623376623377 0.05396825396825397
2 0.6038961038961039 0.32857142857142857 0.023376623376623377 0.05238095238095238
2 0.5857142857142857 0.3 0.01948051948051948 0.05238095238095238
2 0.5454545454545454 0.24761904761904763 0.01818181818181818 0.04285714285714286
2 0.5 0.22063492063492063 0.01818181818181818 0.03650793650793651
2 0.461038961038961 0.2253968253968254 0.014285714285714285 0.03333333333333333
2 0.5194805194805194 0.2015873015873016 0.015584415584415584 0.03333333333333333
2 0.5142857142857142 0.1619047619047619 0.014285714285714285 0.02857142857142857
2 0.4753246753246753 0.14603174603174604 0.011688311688311689 0.03015873015873016
2 0.4909090909090909 0.1523809523809524 0.011688311688311689 0.02857142857142857
2 0.461038961038961 0.1253968253968254 0.007792207792207792 0.023809523809523808
2 0.4818181818181818 0.12857142857142856 0.007792207792207792 0.015873015873015872
2 0.487012987012987 0.12380952380952381 0.00909090909090909 0.01904761904761905
2 0.4948051948051948 0.12380952380952381 0.006493506493506494 0.015873015873015872
2 0.4922077922077922 0.10952380952380952 0.00909090909090909 0.014285714285714285
2 0.5051948051948052 0.10793650793650794 0.007792207792207792 0.01904761904761905
2 0.4961038961038961 0.10158730158730159 0.005194805194805195 0.015873015873015872
2 0.5025974025974026 0.09206349206349207 0.006493506493506494 0.015873015873015872
2 0.5337662337662338 0.1984126984126984 0.00909090909090909 0.026984126984126985
2 0.8493506493506493 0.9587301587301588 0.05194805194805195 0.08095238095238096
2 0.7012987012987013 0.9666666666666667 0.06493506493506493 0.06666666666666667