2 0.5077922077922078 0.8968253968253969 0.04155844155844156 0.18412698412698414
1 0.5753246753246753 0.8746031746031746 0.08961038961038961 0.22857142857142856
1 0.6077922077922078 0.9714285714285714 0.09350649350649351 0.05714285714285714
1 0.7363636363636363 0.919047619047619 0.12857142857142856 0.1619047619047619
2 0.8350649350649351 0.9523809523809523 0.05194805194805195 0.09523809523809523
2 0.8363636363636363 0.8158730158730159 0.05974025974025974 0.15714285714285714
2 0.5753246753246753 0.7285714285714285 0.03766233766233766 0.09206349206349207
1 0.6714285714285714 0.7714285714285715 0.11038961038961038 0.23333333333333334
1 0.535064935064935 0.5793650793650794 0.07402597402597402 0.18571428571428572
1 0.6454545454545455 0.5793650793650794 0.1038961038961039 0.1984126984126984
2 0.6558441558441559 0.5031746031746032 0.023376623376623377 0.05714285714285714
2 0.6428571428571429 0.45555555555555555 0.02857142857142857 0.08412698412698413
2 0.5298701298701298 0.33650793650793653 0.02077922077922078 0.05873015873015873
2 0.5415584415584416 0.30793650793650795 0.02207792207792208 0.05714285714285714
2 0.5207792207792208 0.26031746031746034 0.01818181818181818 0.047619047619047616
1 0.5142857142857142 0.20634920634920634 0.02857142857142857 0.049206349206349205
2 0.509090909090909 0.18095238095238095 0.012987012987012988 0.022222222222222223
2 0.5025974025974026 0.17142857142857143 0.016883116883116882 0.03015873015873016
2 0.4844155844155844 0.14126984126984127 0.012987012987012988 0.03015873015873016
2 0.474025974025974 0.11428571428571428 0.01038961038961039 0.020634920634920634
1 0.4935064935064935 0.10952380952380952 0.012987012987012988 0.026984126984126985
1 0.5 0.10158730158730159 0.012987012987012988 0.023809523809523808