2 0.7922077922077922 0.807936507936508 0.05714285714285714 0.16031746031746033
2 0.5155844155844156 0.4793650793650794 0.02987012987012987 0.05238095238095238
2 0.6025974025974026 0.5412698412698412 0.032467532467532464 0.09206349206349207
2 0.6636363636363637 0.5682539682539682 0.01948051948051948 0.09365079365079365
2 0.6298701298701299 0.5333333333333333 0.024675324675324677 0.07936507936507936
2 0.6493506493506493 0.5031746031746032 0.02857142857142857 0.0746031746031746
2 0.6818181818181818 0.5031746031746032 0.033766233766233764 0.0873015873015873
2 0.7077922077922078 0.5063492063492063 0.007792207792207792 0.009523809523809525
2 0.6662337662337663 0.43492063492063493 0.025974025974025976 0.06666666666666667
2 0.6558441558441559 0.4587301587301587 0.02727272727272727 0.07301587301587302
2 0.6207792207792208 0.46190476190476193 0.02207792207792208 0.07777777777777778
2 0.5974025974025974 0.43333333333333335 0.02207792207792208 0.07301587301587302
2 0.5701298701298702 0.39206349206349206 0.016883116883116882 0.04285714285714286
2 0.6532467532467533 0.36984126984126986 0.02727272727272727 0.05396825396825397
2 0.7233766233766233 0.35873015873015873 0.016883116883116882 0.047619047619047616
2 0.6220779220779221 0.4015873015873016 0.012987012987012988 0.0380952380952381
2 0.6285714285714286 0.44603174603174606 0.015584415584415584 0.07142857142857142
2 0.5701298701298702 0.3349206349206349 0.016883116883116882 0.050793650793650794
2 0.5844155844155844 0.36984126984126986 0.01948051948051948 0.06031746031746032
2 0.6 0.4 0.016883116883116882 0.03333333333333333
2 0.6025974025974026 0.38095238095238093 0.015584415584415584 0.05238095238095238
2 0.6142857142857143 0.35079365079365077 0.01818181818181818 0.05396825396825397
2 0.6090909090909091 0.32222222222222224 0.01038961038961039 0.02857142857142857
2 0.5948051948051948 0.3492063492063492 0.01818181818181818 0.05714285714285714
2 0.5948051948051948 0.2984126984126984 0.015584415584415584 0.047619047619047616
2 0.4792207792207792 0.326984126984127 0.01818181818181818 0.05396825396825397
2 0.5012987012987012 0.3142857142857143 0.011688311688311689 0.02857142857142857
2 0.512987012987013 0.3349206349206349 0.014285714285714285 0.05873015873015873
2 0.5428571428571428 0.30793650793650795 0.016883116883116882 0.023809523809523808
2 0.5428571428571428 0.2396825396825397 0.01038961038961039 0.04126984126984127
2 0.487012987012987 0.2523809523809524 0.007792207792207792 0.020634920634920634
2 0.4987012987012987 0.2698412698412698 0.011688311688311689 0.0380952380952381
2 0.4961038961038961 0.24761904761904763 0.006493506493506494 0.026984126984126985
2 0.509090909090909 0.23333333333333334 0.011688311688311689 0.02857142857142857
2 0.5051948051948052 0.24603174603174602 0.012987012987012988 0.031746031746031744
2 0.5311688311688312 0.2634920634920635 0.014285714285714285 0.04126984126984127
2 0.5753246753246753 0.26825396825396824 0.015584415584415584 0.04285714285714286
2 0.5311688311688312 0.23333333333333334 0.01038961038961039 0.023809523809523808
2 0.5207792207792208 0.23492063492063492 0.01038961038961039 0.01746031746031746
2 0.4597402597402597 0.20793650793650795 0.01038961038961039 0.02857142857142857
2 0.4584415584415584 0.1761904761904762 0.005194805194805195 0.01746031746031746
2 0.4675324675324675 0.17142857142857143 0.005194805194805195 0.009523809523809525
2 0.474025974025974 0.173015873015873 0.0025974025974025974 0.009523809523809525
2 0.4779220779220779 0.18253968253968253 0.005194805194805195 0.015873015873015872
2 0.5116883116883116 0.2 0.011688311688311689 0.020634920634920634
2 0.5077922077922078 0.17936507936507937 0.01038961038961039 0.015873015873015872
2 0.5168831168831168 0.17777777777777778 0.003896103896103896 0.012698412698412698
2 0.509090909090909 0.17936507936507937 0.005194805194805195 0.012698412698412698
2 0.522077922077922 0.1761904761904762 0.005194805194805195 0.015873015873015872
2 0.5 0.16031746031746033 0.005194805194805195 0.009523809523809525
2 0.5012987012987012 0.16825396825396827 0.005194805194805195 0.014285714285714285
2 0.5025974025974026 0.18412698412698414 0.007792207792207792 0.020634920634920634
2 0.4961038961038961 0.14126984126984127 0.0025974025974025974 0.011111111111111112
2 0.4961038961038961 0.13174603174603175 0.003896103896103896 0.007936507936507936
2 0.4753246753246753 0.14603174603174604 0.003896103896103896 0.007936507936507936
2 0.4766233766233766 0.1365079365079365 0.005194805194805195 0.009523809523809525
2 0.4753246753246753 0.12222222222222222 0.005194805194805195 0.009523809523809525
2 0.4753246753246753 0.1126984126984127 0.003896103896103896 0.007936507936507936
2 0.4753246753246753 0.10317460317460317 0.0025974025974025974 0.004761904761904762
2 0.5194805194805194 0.1492063492063492 0.003896103896103896 0.011111111111111112
2 0.5116883116883116 0.1492063492063492 0.006493506493506494 0.006349206349206349
2 0.5051948051948052 0.1523809523809524 0.003896103896103896 0.009523809523809525
2 0.522077922077922 0.1619047619047619 0.006493506493506494 0.014285714285714285
1 0.5337662337662338 0.5666666666666667 0.07662337662337662 0.12063492063492064
1 0.5701298701298702 0.7746031746031746 0.10649350649350649 0.26031746031746034
1 0.6454545454545455 0.6619047619047619 0.08831168831168831 0.18253968253968253
1 0.7311688311688311 0.6126984126984127 0.1025974025974026 0.20793650793650795
1 0.5753246753246753 0.46825396825396826 0.06103896103896104 0.10952380952380952
1 0.5441558441558442 0.3523809523809524 0.04285714285714286 0.06825396825396825
1 0.4974025974025974 0.3619047619047619 0.03766233766233766 0.08888888888888889
1 0.4805194805194805 0.28095238095238095 0.02857142857142857 0.050793650793650794
1 0.5207792207792208 0.2777777777777778 0.02857142857142857 0.05714285714285714
1 0.561038961038961 0.2777777777777778 0.033766233766233764 0.06507936507936508
1 0.4727272727272727 0.22857142857142856 0.024675324675324677 0.044444444444444446
1 0.4688311688311688 0.19206349206349208 0.01818181818181818 0.03650793650793651
1 0.4909090909090909 0.18571428571428572 0.015584415584415584 0.03650793650793651
1 0.4636363636363636 0.15873015873015872 0.015584415584415584 0.014285714285714285
1 0.4649350649350649 0.14444444444444443 0.015584415584415584 0.01746031746031746
1 0.4675324675324675 0.1365079365079365 0.012987012987012988 0.01904761904761905
1 0.4662337662337662 0.11587301587301588 0.00909090909090909 0.015873015873015872
1 0.4831168831168831 0.15396825396825398 0.005194805194805195 0.014285714285714285
1 0.4883116883116883 0.1619047619047619 0.006493506493506494 0.011111111111111112
1 0.4922077922077922 0.14285714285714285 0.01038961038961039 0.015873015873015872
1 0.4883116883116883 0.13333333333333333 0.016883116883116882 0.014285714285714285
1 0.4857142857142857 0.12380952380952381 0.01038961038961039 0.009523809523809525
1 0.4818181818181818 0.11746031746031746 0.007792207792207792 0.004761904761904762
3 0.4844155844155844 0.10476190476190476 0.012987012987012988 0.01904761904761905
0 0.509090909090909 0.13333333333333333 0.01948051948051948 0.03492063492063492
1 0.4961038961038961 0.11746031746031746 0.006493506493506494 0.009523809523809525
1 0.5064935064935064 0.10634920634920635 0.014285714285714285 0.007936507936507936
1 0.5025974025974026 0.09682539682539683 0.006493506493506494 0.004761904761904762
1 0.5311688311688312 0.18888888888888888 0.02207792207792208 0.0380952380952381