1 0.5818181818181818 0.9492063492063492 0.12467532467532468 0.10158730158730159
1 0.7909090909090909 0.861904761904762 0.1025974025974026 0.2222222222222222
1 0.6896103896103896 0.7936507936507936 0.10779220779220779 0.23492063492063492
1 0.548051948051948 0.792063492063492 0.1025974025974026 0.2634920634920635
1 0.6948051948051948 0.6301587301587301 0.10779220779220779 0.173015873015873
1 0.6194805194805195 0.6571428571428571 0.08831168831168831 0.16507936507936508
1 0.5012987012987012 0.5126984126984127 0.05974025974025974 0.10793650793650794
1 0.5675324675324676 0.5111111111111111 0.07012987012987013 0.10476190476190476
1 0.6194805194805195 0.49206349206349204 0.06363636363636363 0.12380952380952381
1 0.4792207792207792 0.39206349206349206 0.053246753246753244 0.11428571428571428
1 0.5402597402597402 0.41904761904761906 0.053246753246753244 0.09682539682539683
1 0.587012987012987 0.3984126984126984 0.05454545454545454 0.07936507936507936
1 0.525974025974026 0.3619047619047619 0.04415584415584416 0.05555555555555555
1 0.5636363636363636 0.2904761904761905 0.053246753246753244 0.0873015873015873
1 0.5181818181818182 0.3142857142857143 0.048051948051948054 0.05555555555555555
1 0.4714285714285714 0.30634920634920637 0.05844155844155844 0.07301587301587302
1 0.5 0.28253968253968254 0.04415584415584416 0.06984126984126984
1 0.5181818181818182 0.24603174603174602 0.04155844155844156 0.047619047619047616
1 0.43506493506493504 0.16507936507936508 0.02207792207792208 0.04126984126984127
1 0.43376623376623374 0.10952380952380952 0.01948051948051948 0.026984126984126985
2 0.9454545454545454 0.9698412698412698 0.03766233766233766 0.05873015873015873
2 0.8961038961038961 0.9777777777777777 0.06103896103896104 0.04285714285714286
2 0.8766233766233766 0.9222222222222223 0.03766233766233766 0.12380952380952381
2 0.6714285714285714 0.9793650793650793 0.04025974025974026 0.04126984126984127
2 0.4792207792207792 0.9634920634920635 0.05064935064935065 0.07142857142857142
2 0.5987012987012987 0.7777777777777778 0.04155844155844156 0.14444444444444443
2 0.4779220779220779 0.7587301587301587 0.06103896103896104 0.1619047619047619
2 0.7207792207792207 0.7142857142857143 0.06103896103896104 0.10317460317460317
2 0.5636363636363636 0.6476190476190476 0.05584415584415584 0.10634920634920635
2 0.5155844155844156 0.6238095238095238 0.07532467532467532 0.1349206349206349
2 0.7298701298701299 0.5063492063492063 0.02987012987012987 0.0746031746031746
2 0.7246753246753247 0.4603174603174603 0.05714285714285714 0.06666666666666667
2 0.6883116883116883 0.5349206349206349 0.05974025974025974 0.08412698412698413
2 0.6519480519480519 0.48412698412698413 0.03636363636363636 0.05396825396825397
2 0.6922077922077922 0.48095238095238096 0.02727272727272727 0.05396825396825397
2 0.6623376623376623 0.4936507936507937 0.024675324675324677 0.06349206349206349
2 0.6402597402597403 0.42698412698412697 0.02987012987012987 0.05396825396825397
2 0.6727272727272727 0.4444444444444444 0.03506493506493506 0.04285714285714286
2 0.6233766233766234 0.4031746031746032 0.02207792207792208 0.03968253968253968
2 0.612987012987013 0.37777777777777777 0.014285714285714285 0.049206349206349205
2 0.6090909090909091 0.35079365079365077 0.024675324675324677 0.0380952380952381
2 0.5883116883116883 0.3492063492063492 0.02857142857142857 0.050793650793650794
2 0.5675324675324676 0.3412698412698413 0.02857142857142857 0.06031746031746032
2 0.538961038961039 0.24285714285714285 0.02727272727272727 0.049206349206349205
2 0.5155844155844156 0.2015873015873016 0.024675324675324677 0.047619047619047616
2 0.44025974025974024 0.23015873015873015 0.032467532467532464 0.05396825396825397
2 0.5051948051948052 0.17936507936507937 0.02727272727272727 0.05238095238095238
2 0.45454545454545453 0.1523809523809524 0.01818181818181818 0.03492063492063492
2 0.4857142857142857 0.1380952380952381 0.015584415584415584 0.023809523809523808
2 0.4584415584415584 0.11428571428571428 0.01038961038961039 0.03333333333333333
2 0.45324675324675323 0.10634920634920635 0.014285714285714285 0.026984126984126985
2 0.4636363636363636 0.07936507936507936 0.01038961038961039 0.01746031746031746
2 0.4701298701298701 0.08095238095238096 0.01038961038961039 0.014285714285714285
2 0.4766233766233766 0.08095238095238096 0.012987012987012988 0.020634920634920634