1 0.625974025974026 0.6095238095238096 0.06103896103896104 0.18412698412698414
1 0.687012987012987 0.7873015873015873 0.09220779220779221 0.19206349206349208
1 0.5688311688311688 0.926984126984127 0.1025974025974026 0.14444444444444443
1 0.7350649350649351 0.9444444444444444 0.08311688311688312 0.1111111111111111
1 0.9363636363636364 0.9428571428571428 0.11168831168831168 0.1126984126984127
1 0.5155844155844156 0.35873015873015873 0.04285714285714286 0.1
3 0.4805194805194805 0.1365079365079365 0.01818181818181818 0.05714285714285714
1 0.4961038961038961 0.1349206349206349 0.011688311688311689 0.03333333333333333
1 0.4961038961038961 0.09365079365079365 0.00909090909090909 0.015873015873015872
3 0.5064935064935064 0.09523809523809523 0.007792207792207792 0.01746031746031746
2 0.512987012987013 0.15396825396825398 0.006493506493506494 0.023809523809523808
1 0.5142857142857142 0.14285714285714285 0.011688311688311689 0.022222222222222223
2 0.5181818181818182 0.16666666666666666 0.006493506493506494 0.01904761904761905
2 0.6272727272727273 0.38412698412698415 0.01818181818181818 0.06984126984126984
2 0.6467532467532467 0.41904761904761906 0.016883116883116882 0.05873015873015873
2 0.6324675324675325 0.45396825396825397 0.023376623376623377 0.07142857142857142
2 0.6467532467532467 0.4936507936507937 0.02207792207792208 0.08412698412698413
2 0.6805194805194805 0.5793650793650794 0.02727272727272727 0.09841269841269841
2 0.7272727272727273 0.6761904761904762 0.033766233766233764 0.13333333333333333
2 0.8051948051948052 0.8015873015873016 0.04285714285714286 0.15714285714285714
2 0.6584415584415585 0.9587301587301588 0.053246753246753244 0.08095238095238096
2 0.5025974025974026 0.12063492063492064 0.005194805194805195 0.01904761904761905
2 0.5103896103896104 0.10158730158730159 0.0025974025974025974 0.014285714285714285