1 0.7532467532467533 0.6507936507936508 0.11558441558441558 0.20952380952380953
1 0.522077922077922 0.24126984126984127 0.03506493506493506 0.07142857142857142
1 0.4961038961038961 0.12222222222222222 0.011688311688311689 0.02857142857142857
1 0.4922077922077922 0.10476190476190476 0.01818181818181818 0.022222222222222223
3 0.4688311688311688 0.1111111111111111 0.015584415584415584 0.04285714285714286
3 0.4662337662337662 0.13015873015873017 0.02077922077922078 0.049206349206349205
3 0.4753246753246753 0.20317460317460317 0.045454545454545456 0.13015873015873017
2 0.4792207792207792 0.11904761904761904 0.01038961038961039 0.020634920634920634
2 0.4909090909090909 0.14444444444444443 0.007792207792207792 0.023809523809523808
2 0.4987012987012987 0.1380952380952381 0.007792207792207792 0.025396825396825397
2 0.4987012987012987 0.15873015873015872 0.011688311688311689 0.023809523809523808
2 0.5025974025974026 0.18412698412698414 0.007792207792207792 0.02857142857142857
2 0.587012987012987 0.31587301587301586 0.02207792207792208 0.06666666666666667
2 0.625974025974026 0.3873015873015873 0.025974025974025976 0.08412698412698413