1 0.5181818181818182 0.3888888888888889 0.05194805194805195 0.06190476190476191
1 0.5025974025974026 0.35079365079365077 0.04025974025974026 0.07936507936507936
1 0.4922077922077922 0.30793650793650795 0.03506493506493506 0.06349206349206349
1 0.4883116883116883 0.26031746031746034 0.023376623376623377 0.03492063492063492
1 0.574025974025974 0.37142857142857144 0.05454545454545454 0.08253968253968254
1 0.5636363636363636 0.326984126984127 0.03766233766233766 0.06190476190476191
1 0.5961038961038961 0.44285714285714284 0.04935064935064935 0.08253968253968254
1 0.6051948051948052 0.49523809523809526 0.045454545454545456 0.08095238095238096
1 0.6480519480519481 0.6047619047619047 0.07792207792207792 0.16031746031746033
1 0.6961038961038961 0.8174603174603174 0.09740259740259741 0.21904761904761905
1 0.6090909090909091 0.953968253968254 0.1025974025974026 0.09047619047619047
1 0.7818181818181819 0.9571428571428572 0.10909090909090909 0.08571428571428572
1 0.4857142857142857 0.16666666666666666 0.02207792207792208 0.046031746031746035
1 0.4805194805194805 0.10634920634920635 0.012987012987012988 0.020634920634920634
2 0.4909090909090909 0.10952380952380952 0.0025974025974025974 0.01904761904761905
2 0.4961038961038961 0.1111111111111111 0.003896103896103896 0.020634920634920634
2 0.4948051948051948 0.09841269841269841 0.005194805194805195 0.012698412698412698
1 0.4974025974025974 0.09206349206349207 0.014285714285714285 0.014285714285714285
2 0.5038961038961038 0.11904761904761904 0.006493506493506494 0.020634920634920634
2 0.5051948051948052 0.18888888888888888 0.01038961038961039 0.02857142857142857
2 0.5285714285714286 0.18253968253968253 0.00909090909090909 0.031746031746031744
2 0.5051948051948052 0.273015873015873 0.011688311688311689 0.049206349206349205
2 0.5792207792207792 0.27936507936507937 0.014285714285714285 0.050793650793650794
2 0.5987012987012987 0.3253968253968254 0.015584415584415584 0.06349206349206349
2 0.6545454545454545 0.5095238095238095 0.016883116883116882 0.049206349206349205
2 0.6558441558441559 0.5412698412698412 0.01818181818181818 0.05238095238095238
2 0.6831168831168831 0.6 0.01948051948051948 0.09841269841269841
2 0.7090909090909091 0.6444444444444445 0.033766233766233764 0.1253968253968254
2 0.7415584415584415 0.6523809523809524 0.03116883116883117 0.08888888888888889
2 0.7467532467532467 0.6888888888888889 0.02207792207792208 0.08095238095238096
2 0.7740259740259741 0.7063492063492064 0.03506493506493506 0.1111111111111111
2 0.7857142857142857 0.7380952380952381 0.02727272727272727 0.10158730158730159
2 0.7324675324675325 0.7682539682539683 0.032467532467532464 0.1365079365079365
2 0.8337662337662337 0.7396825396825397 0.03766233766233766 0.1349206349206349
2 0.8298701298701299 0.7825396825396825 0.03116883116883117 0.11746031746031746
2 0.7961038961038961 0.8206349206349206 0.03636363636363636 0.12857142857142856
2 0.7636363636363637 0.8380952380952381 0.03766233766233766 0.14761904761904762
2 0.8532467532467533 0.8555555555555555 0.04415584415584416 0.1111111111111111
2 0.812987012987013 0.8936507936507937 0.04155844155844156 0.14285714285714285
2 0.8922077922077922 0.946031746031746 0.04935064935064935 0.10793650793650794
2 0.8532467532467533 0.946031746031746 0.045454545454545456 0.10793650793650794
2 0.5064935064935064 0.09047619047619047 0.003896103896103896 0.011111111111111112
0 0.5376623376623376 0.2634920634920635 0.053246753246753244 0.12222222222222222
0 0.5753246753246753 0.665079365079365 0.16753246753246753 0.5365079365079365
1 0.5 0.46984126984126984 0.02727272727272727 0.09365079365079365