2 0.5181818181818182 0.9476190476190476 0.04025974025974026 0.10476190476190476
2 0.5077922077922078 0.8571428571428571 0.04415584415584416 0.14285714285714285
2 0.5454545454545454 0.9174603174603174 0.048051948051948054 0.15079365079365079
2 0.574025974025974 0.9793650793650793 0.03116883116883117 0.04126984126984127
2 0.6116883116883117 0.9682539682539683 0.02857142857142857 0.06349206349206349
2 0.6311688311688312 0.9396825396825397 0.03636363636363636 0.12063492063492064
2 0.6857142857142857 0.9619047619047619 0.04155844155844156 0.0761904761904762
2 0.6636363636363637 0.9126984126984127 0.04285714285714286 0.14285714285714285
2 0.9714285714285714 0.9523809523809523 0.05454545454545454 0.09523809523809523
2 0.8961038961038961 0.9158730158730158 0.03636363636363636 0.1126984126984127
2 0.8428571428571429 0.9587301587301588 0.04155844155844156 0.08095238095238096
2 0.9038961038961039 0.9682539682539683 0.053246753246753244 0.06349206349206349
2 0.861038961038961 0.8777777777777778 0.04025974025974026 0.09841269841269841
2 0.8493506493506493 0.9079365079365079 0.04025974025974026 0.09206349206349207
2 0.8025974025974026 0.8111111111111111 0.033766233766233764 0.08888888888888889
2 0.8103896103896104 0.8761904761904762 0.025974025974025976 0.10793650793650794
2 0.7662337662337663 0.7984126984126985 0.023376623376623377 0.06349206349206349
2 0.7194805194805195 0.8015873015873016 0.02857142857142857 0.09365079365079365
2 0.7324675324675325 0.7523809523809524 0.033766233766233764 0.10634920634920635
2 0.7142857142857143 0.6984126984126984 0.03116883116883117 0.12380952380952381
2 0.4831168831168831 0.4507936507936508 0.025974025974025976 0.07301587301587302
2 0.4805194805194805 0.40634920634920635 0.016883116883116882 0.03650793650793651
2 0.4831168831168831 0.37777777777777777 0.00909090909090909 0.03015873015873016
2 0.474025974025974 0.3492063492063492 0.015584415584415584 0.05238095238095238
2 0.512987012987013 0.30634920634920637 0.00909090909090909 0.03333333333333333
2 0.5207792207792208 0.3238095238095238 0.014285714285714285 0.0380952380952381
2 0.5311688311688312 0.35714285714285715 0.02207792207792208 0.049206349206349205
2 0.5415584415584416 0.3873015873015873 0.02077922077922078 0.05238095238095238
2 0.5688311688311688 0.36507936507936506 0.01038961038961039 0.020634920634920634
2 0.45584415584415583 0.21904761904761905 0.014285714285714285 0.025396825396825397
2 0.6597402597402597 0.5587301587301587 0.02077922077922078 0.07301587301587302
2 0.6727272727272727 0.5111111111111111 0.016883116883116882 0.05396825396825397
2 0.6961038961038961 0.5126984126984127 0.016883116883116882 0.06349206349206349
2 0.7116883116883117 0.5349206349206349 0.01948051948051948 0.03492063492063492
2 0.6428571428571429 0.4936507936507937 0.01948051948051948 0.06507936507936508
2 0.6493506493506493 0.5142857142857142 0.016883116883116882 0.04126984126984127
2 0.6974025974025974 0.46825396825396826 0.01948051948051948 0.047619047619047616
2 0.6766233766233766 0.4714285714285714 0.02207792207792208 0.03492063492063492
2 0.6298701298701299 0.4650793650793651 0.01948051948051948 0.06031746031746032
2 0.6636363636363637 0.4603174603174603 0.02207792207792208 0.06825396825396825
2 0.6454545454545455 0.4523809523809524 0.015584415584415584 0.05555555555555555
2 0.6571428571428571 0.3952380952380952 0.015584415584415584 0.04126984126984127
2 0.612987012987013 0.44603174603174606 0.023376623376623377 0.08253968253968254
2 0.6415584415584416 0.40476190476190477 0.02077922077922078 0.04285714285714286
2 0.5935064935064935 0.39365079365079364 0.016883116883116882 0.06349206349206349
2 0.5896103896103896 0.3619047619047619 0.014285714285714285 0.046031746031746035
2 0.6103896103896104 0.373015873015873 0.01038961038961039 0.03333333333333333
2 0.6168831168831169 0.39206349206349206 0.01818181818181818 0.04126984126984127
2 0.6168831168831169 0.35079365079365077 0.014285714285714285 0.04126984126984127
2 0.6272727272727273 0.373015873015873 0.015584415584415584 0.03968253968253968
2 0.577922077922078 0.32222222222222224 0.01038961038961039 0.047619047619047616
2 0.5883116883116883 0.32222222222222224 0.012987012987012988 0.031746031746031744
2 0.5896103896103896 0.3 0.00909090909090909 0.020634920634920634
2 0.5987012987012987 0.3047619047619048 0.01038961038961039 0.03015873015873016
2 0.6025974025974026 0.3253968253968254 0.011688311688311689 0.031746031746031744
2 0.587012987012987 0.27936507936507937 0.011688311688311689 0.025396825396825397
2 0.5805194805194805 0.2650793650793651 0.00909090909090909 0.01904761904761905
2 0.5675324675324676 0.2873015873015873 0.014285714285714285 0.026984126984126985
2 0.512987012987013 0.18095238095238095 0.00909090909090909 0.014285714285714285
2 0.522077922077922 0.16984126984126985 0.011688311688311689 0.009523809523809525
2 0.5194805194805194 0.16031746031746033 0.005194805194805195 0.009523809523809525
1 0.7727272727272727 0.9079365079365079 0.13766233766233765 0.18412698412698414
1 0.5675324675324676 0.7507936507936508 0.09610389610389611 0.2222222222222222
1 0.5324675324675324 0.5666666666666667 0.07792207792207792 0.15396825396825398
1 0.6571428571428571 0.7 0.1 0.2015873015873016
1 0.7077922077922078 0.6222222222222222 0.09480519480519481 0.173015873015873
1 0.6272727272727273 0.5714285714285714 0.08311688311688312 0.16507936507936508
1 0.587012987012987 0.4746031746031746 0.06233766233766234 0.10634920634920635
1 0.5142857142857142 0.4857142857142857 0.05714285714285714 0.10476190476190476
1 0.5753246753246753 0.4111111111111111 0.06103896103896104 0.08412698412698413
1 0.5142857142857142 0.3904761904761905 0.045454545454545456 0.09047619047619047
1 0.4987012987012987 0.346031746031746 0.03896103896103896 0.044444444444444446
3 0.487012987012987 0.2904761904761905 0.05194805194805195 0.08412698412698413
1 0.538961038961039 0.3111111111111111 0.03896103896103896 0.05396825396825397
1 0.5272727272727272 0.2857142857142857 0.02987012987012987 0.044444444444444446
1 0.5636363636363636 0.2714285714285714 0.04025974025974026 0.05396825396825397
3 0.5246753246753246 0.2396825396825397 0.04415584415584416 0.07936507936507936
3 0.4779220779220779 0.21587301587301588 0.046753246753246755 0.1111111111111111
1 0.5493506493506494 0.21746031746031746 0.016883116883116882 0.026984126984126985
1 0.548051948051948 0.2396825396825397 0.015584415584415584 0.02857142857142857
1 0.5012987012987012 0.18412698412698414 0.012987012987012988 0.02857142857142857
1 0.4948051948051948 0.1634920634920635 0.012987012987012988 0.020634920634920634
1 0.5077922077922078 0.16031746031746033 0.011688311688311689 0.01746031746031746
1 0.487012987012987 0.15079365079365079 0.012987012987012988 0.015873015873015872
1 0.4831168831168831 0.14126984126984127 0.015584415584415584 0.015873015873015872
1 0.5025974025974026 0.14285714285714285 0.01038961038961039 0.014285714285714285
1 0.4844155844155844 0.12380952380952381 0.014285714285714285 0.015873015873015872
1 0.4857142857142857 0.10952380952380952 0.01038961038961039 0.012698412698412698
1 0.4909090909090909 0.10317460317460317 0.007792207792207792 0.012698412698412698
1 0.4987012987012987 0.09682539682539683 0.006493506493506494 0.011111111111111112
1 0.4922077922077922 0.09365079365079365 0.005194805194805195 0.007936507936507936
3 0.4662337662337662 0.12063492063492064 0.011688311688311689 0.025396825396825397
3 0.4662337662337662 0.1523809523809524 0.025974025974025976 0.047619047619047616
0 0.5038961038961038 0.12698412698412698 0.023376623376623377 0.04285714285714286
1 0.4857142857142857 0.09841269841269841 0.005194805194805195 0.007936507936507936
1 0.5285714285714286 0.1873015873015873 0.01948051948051948 0.023809523809523808
2 0.5116883116883116 0.19047619047619047 0.00909090909090909 0.009523809523809525
1 0.561038961038961 0.24126984126984127 0.016883116883116882 0.023809523809523808
1 0.5597402597402598 0.33650793650793653 0.05064935064935065 0.0761904761904762
2 0.6025974025974026 0.35079365079365077 0.015584415584415584 0.023809523809523808
2 0.6805194805194805 0.49047619047619045 0.014285714285714285 0.07142857142857142