2 0.5584415584415584 0.9444444444444444 0.07272727272727272 0.1111111111111111
2 0.7857142857142857 0.9492063492063492 0.06493506493506493 0.1
2 0.7753246753246753 0.846031746031746 0.04285714285714286 0.11904761904761904
2 0.7675324675324675 0.7253968253968254 0.03766233766233766 0.0873015873015873
2 0.7727272727272727 0.6444444444444445 0.04415584415584416 0.1
2 0.7207792207792207 0.5873015873015873 0.03636363636363636 0.09523809523809523
2 0.7012987012987013 0.5079365079365079 0.02727272727272727 0.06507936507936508
2 0.5688311688311688 0.7492063492063492 0.04155844155844156 0.15555555555555556
2 0.5246753246753246 0.6825396825396826 0.03636363636363636 0.1380952380952381
1 0.6519480519480519 0.4587301587301587 0.06363636363636363 0.1111111111111111
1 0.5948051948051948 0.4523809523809524 0.06883116883116883 0.13968253968253969
2 0.625974025974026 0.4142857142857143 0.01818181818181818 0.046031746031746035
2 0.6688311688311688 0.43174603174603177 0.014285714285714285 0.047619047619047616
2 0.6506493506493507 0.39206349206349206 0.015584415584415584 0.04285714285714286
2 0.6285714285714286 0.3761904761904762 0.012987012987012988 0.03333333333333333
1 0.5922077922077922 0.3396825396825397 0.03766233766233766 0.07936507936507936
2 0.6246753246753247 0.3412698412698413 0.012987012987012988 0.022222222222222223
2 0.5415584415584416 0.3952380952380952 0.02987012987012987 0.05714285714285714
2 0.5935064935064935 0.39206349206349206 0.02727272727272727 0.050793650793650794
1 0.509090909090909 0.41904761904761906 0.05454545454545454 0.09682539682539683
2 0.5168831168831168 0.36507936507936506 0.01818181818181818 0.04126984126984127
1 0.5012987012987012 0.33650793650793653 0.045454545454545456 0.05555555555555555
2 0.5298701298701298 0.3238095238095238 0.015584415584415584 0.047619047619047616
2 0.6064935064935065 0.319047619047619 0.012987012987012988 0.050793650793650794
1 0.577922077922078 0.29365079365079366 0.033766233766233764 0.047619047619047616
2 0.5948051948051948 0.2920634920634921 0.011688311688311689 0.04126984126984127
2 0.5831168831168831 0.26666666666666666 0.01038961038961039 0.03492063492063492
1 0.5545454545454546 0.35079365079365077 0.045454545454545456 0.08095238095238096
2 0.538961038961039 0.2904761904761905 0.01818181818181818 0.03650793650793651
2 0.5454545454545454 0.2761904761904762 0.015584415584415584 0.03015873015873016
2 0.4805194805194805 0.3142857142857143 0.015584415584415584 0.047619047619047616
2 0.474025974025974 0.29523809523809524 0.01818181818181818 0.03650793650793651
2 0.4714285714285714 0.28095238095238095 0.01948051948051948 0.031746031746031744
1 0.4883116883116883 0.2634920634920635 0.03116883116883117 0.050793650793650794
2 0.5012987012987012 0.25396825396825395 0.014285714285714285 0.03333333333333333
1 0.5246753246753246 0.25396825396825395 0.032467532467532464 0.050793650793650794
1 0.4987012987012987 0.20793650793650795 0.02727272727272727 0.049206349206349205
2 0.5116883116883116 0.22698412698412698 0.012987012987012988 0.015873015873015872
2 0.5168831168831168 0.20634920634920634 0.012987012987012988 0.023809523809523808
2 0.525974025974026 0.21904761904761905 0.007792207792207792 0.0380952380952381
2 0.5324675324675324 0.23015873015873015 0.005194805194805195 0.026984126984126985
2 0.461038961038961 0.21746031746031746 0.00909090909090909 0.025396825396825397
2 0.45454545454545453 0.1984126984126984 0.01038961038961039 0.02857142857142857
1 0.4779220779220779 0.21746031746031746 0.024675324675324677 0.0380952380952381
2 0.4922077922077922 0.2 0.007792207792207792 0.031746031746031744
2 0.474025974025974 0.19365079365079366 0.01818181818181818 0.01904761904761905
1 0.4662337662337662 0.1634920634920635 0.01948051948051948 0.04126984126984127
2 0.4844155844155844 0.16984126984126985 0.015584415584415584 0.022222222222222223
2 0.4831168831168831 0.16031746031746033 0.00909090909090909 0.031746031746031744
2 0.5298701298701298 0.1873015873015873 0.006493506493506494 0.02857142857142857
2 0.535064935064935 0.19523809523809524 0.005194805194805195 0.022222222222222223
1 0.5 0.16507936507936508 0.02077922077922078 0.03968253968253968
1 0.4844155844155844 0.1380952380952381 0.016883116883116882 0.022222222222222223
2 0.4896103896103896 0.14444444444444443 0.006493506493506494 0.01746031746031746
1 0.4701298701298701 0.10634920634920635 0.01818181818181818 0.026984126984126985
2 0.4883116883116883 0.11428571428571428 0.003896103896103896 0.014285714285714285
2 0.4922077922077922 0.10952380952380952 0.003896103896103896 0.01904761904761905
2 0.5 0.10634920634920635 0.005194805194805195 0.01746031746031746
1 0.6571428571428571 0.807936507936508 0.1 0.2126984126984127
1 0.887012987012987 0.9095238095238095 0.14415584415584415 0.18095238095238095
1 0.5363636363636364 0.5031746031746032 0.05584415584415584 0.10952380952380952
1 0.5532467532467532 0.2365079365079365 0.02727272727272727 0.05396825396825397
1 0.5194805194805194 0.16825396825396827 0.023376623376623377 0.04126984126984127
1 0.5038961038961038 0.14126984126984127 0.007792207792207792 0.026984126984126985
1 0.5012987012987012 0.09047619047619047 0.015584415584415584 0.01746031746031746