2 0.9233766233766234 0.919047619047619 0.032467532467532464 0.14761904761904762
1 0.8558441558441559 0.8396825396825397 0.16363636363636364 0.32063492063492066
1 0.6896103896103896 0.8634920634920635 0.12337662337662338 0.2253968253968254
2 0.7467532467532467 0.7984126984126985 0.03766233766233766 0.12857142857142856
2 0.7285714285714285 0.707936507936508 0.02857142857142857 0.08888888888888889
2 0.7675324675324675 0.7047619047619048 0.032467532467532464 0.1253968253968254
2 0.7038961038961039 0.6460317460317461 0.02727272727272727 0.08571428571428572
1 0.6415584415584416 0.6063492063492063 0.07272727272727272 0.14761904761904762
2 0.6701298701298701 0.5888888888888889 0.024675324675324677 0.08888888888888889
2 0.6506493506493507 0.5285714285714286 0.016883116883116882 0.03968253968253968
2 0.6363636363636364 0.4873015873015873 0.016883116883116882 0.05714285714285714
2 0.6545454545454545 0.4873015873015873 0.012987012987012988 0.031746031746031744
1 0.7103896103896103 0.5476190476190477 0.07012987012987013 0.13968253968253969
2 0.6896103896103896 0.47619047619047616 0.014285714285714285 0.03492063492063492
2 0.6753246753246753 0.4603174603174603 0.016883116883116882 0.047619047619047616
2 0.6610389610389611 0.4666666666666667 0.01818181818181818 0.046031746031746035
2 0.6363636363636364 0.45555555555555555 0.01818181818181818 0.049206349206349205
2 0.6597402597402597 0.42063492063492064 0.015584415584415584 0.05238095238095238
2 0.6727272727272727 0.42698412698412697 0.016883116883116882 0.03968253968253968
2 0.6532467532467533 0.39365079365079364 0.011688311688311689 0.03492063492063492
1 0.6272727272727273 0.4031746031746032 0.046753246753246755 0.06825396825396825
2 0.6415584415584416 0.36666666666666664 0.015584415584415584 0.04126984126984127
3 0.5571428571428572 0.6444444444444445 0.12337662337662338 0.3873015873015873
1 0.5857142857142857 0.4238095238095238 0.04285714285714286 0.07142857142857142
2 0.5857142857142857 0.44285714285714284 0.011688311688311689 0.022222222222222223
2 0.551948051948052 0.4444444444444444 0.015584415584415584 0.01746031746031746
2 0.5636363636363636 0.4492063492063492 0.012987012987012988 0.01746031746031746
2 0.4896103896103896 0.5698412698412698 0.023376623376623377 0.09682539682539683
2 0.4909090909090909 0.5158730158730159 0.02207792207792208 0.03968253968253968
2 0.4844155844155844 0.45555555555555555 0.025974025974025976 0.06666666666666667
2 0.4857142857142857 0.4174603174603175 0.01948051948051948 0.03333333333333333
2 0.4857142857142857 0.3873015873015873 0.02077922077922078 0.03968253968253968
2 0.4896103896103896 0.35873015873015873 0.012987012987012988 0.03015873015873016
2 0.4766233766233766 0.3523809523809524 0.015584415584415584 0.044444444444444446
2 0.5974025974025974 0.37936507936507935 0.01038961038961039 0.046031746031746035
2 0.6064935064935065 0.3634920634920635 0.011688311688311689 0.031746031746031744
2 0.5896103896103896 0.35873015873015873 0.012987012987012988 0.044444444444444446
2 0.6207792207792208 0.35714285714285715 0.014285714285714285 0.03492063492063492
2 0.6272727272727273 0.33174603174603173 0.011688311688311689 0.02857142857142857
2 0.6051948051948052 0.3126984126984127 0.011688311688311689 0.0380952380952381
2 0.6142857142857143 0.32222222222222224 0.01038961038961039 0.023809523809523808
2 0.5935064935064935 0.3238095238095238 0.01038961038961039 0.031746031746031744
2 0.587012987012987 0.30634920634920637 0.012987012987012988 0.023809523809523808
1 0.561038961038961 0.35873015873015873 0.04285714285714286 0.08253968253968254
2 0.5584415584415584 0.30317460317460315 0.00909090909090909 0.025396825396825397
2 0.5701298701298702 0.3047619047619048 0.014285714285714285 0.03650793650793651
2 0.5636363636363636 0.2873015873015873 0.00909090909090909 0.022222222222222223
2 0.5753246753246753 0.2904761904761905 0.01038961038961039 0.01904761904761905
1 0.535064935064935 0.2984126984126984 0.032467532467532464 0.046031746031746035
2 0.548051948051948 0.29523809523809524 0.012987012987012988 0.022222222222222223
2 0.5467532467532468 0.2777777777777778 0.007792207792207792 0.022222222222222223
2 0.5896103896103896 0.2714285714285714 0.00909090909090909 0.02857142857142857
2 0.5766233766233766 0.2634920634920635 0.011688311688311689 0.026984126984126985
2 0.5675324675324676 0.2492063492063492 0.006493506493506494 0.01904761904761905
2 0.574025974025974 0.24285714285714285 0.01038961038961039 0.023809523809523808
1 0.5506493506493506 0.2571428571428571 0.02727272727272727 0.0380952380952381
2 0.5623376623376624 0.23809523809523808 0.005194805194805195 0.012698412698412698
2 0.5532467532467532 0.23174603174603176 0.012987012987012988 0.011111111111111112
2 0.535064935064935 0.23015873015873015 0.006493506493506494 0.03015873015873016
1 0.525974025974026 0.2746031746031746 0.02857142857142857 0.03015873015873016
2 0.5272727272727272 0.24285714285714285 0.007792207792207792 0.007936507936507936
2 0.525974025974026 0.2222222222222222 0.007792207792207792 0.03015873015873016
2 0.5233766233766234 0.20476190476190476 0.011688311688311689 0.01746031746031746
2 0.522077922077922 0.18412698412698414 0.005194805194805195 0.014285714285714285
2 0.5363636363636364 0.18253968253968253 0.006493506493506494 0.015873015873015872
2 0.5168831168831168 0.16984126984126985 0.006493506493506494 0.01904761904761905
2 0.5168831168831168 0.15555555555555556 0.006493506493506494 0.015873015873015872
2 0.522077922077922 0.16031746031746033 0.003896103896103896 0.014285714285714285
2 0.4688311688311688 0.25873015873015875 0.01038961038961039 0.03015873015873016
2 0.45714285714285713 0.23492063492063492 0.007792207792207792 0.03492063492063492
2 0.4584415584415584 0.20793650793650795 0.00909090909090909 0.015873015873015872
2 0.4909090909090909 0.2365079365079365 0.00909090909090909 0.03333333333333333
1 0.4753246753246753 0.2365079365079365 0.02077922077922078 0.023809523809523808
1 0.474025974025974 0.21587301587301588 0.01818181818181818 0.009523809523809525
2 0.4766233766233766 0.20317460317460317 0.003896103896103896 0.014285714285714285
2 0.4818181818181818 0.2015873015873016 0.007792207792207792 0.020634920634920634
2 0.4883116883116883 0.2015873015873016 0.003896103896103896 0.01746031746031746
2 0.4935064935064935 0.1984126984126984 0.007792207792207792 0.01746031746031746
2 0.487012987012987 0.19047619047619047 0.00909090909090909 0.015873015873015872
2 0.4844155844155844 0.1746031746031746 0.005194805194805195 0.012698412698412698
2 0.4857142857142857 0.16507936507936508 0.006493506493506494 0.014285714285714285
2 0.4805194805194805 0.16984126984126985 0.006493506493506494 0.022222222222222223
2 0.45454545454545453 0.18095238095238095 0.007792207792207792 0.031746031746031744
2 0.5272727272727272 0.17142857142857143 0.006493506493506494 0.020634920634920634
2 0.5155844155844156 0.14126984126984127 0.003896103896103896 0.014285714285714285
1 0.4844155844155844 0.14285714285714285 0.011688311688311689 0.012698412698412698
1 0.4883116883116883 0.15714285714285714 0.014285714285714285 0.01904761904761905
2 0.4831168831168831 0.14761904761904762 0.003896103896103896 0.004761904761904762
2 0.474025974025974 0.15079365079365079 0.005194805194805195 0.014285714285714285
2 0.4766233766233766 0.13333333333333333 0.005194805194805195 0.012698412698412698
2 0.5064935064935064 0.1253968253968254 0.005194805194805195 0.012698412698412698
2 0.4805194805194805 0.11904761904761904 0.005194805194805195 0.012698412698412698
2 0.4844155844155844 0.1111111111111111 0.003896103896103896 0.009523809523809525
1 0.4935064935064935 0.10476190476190476 0.01038961038961039 0.01746031746031746
1 0.5038961038961038 0.09682539682539683 0.006493506493506494 0.009523809523809525
1 0.4961038961038961 0.11587301587301588 0.00909090909090909 0.012698412698412698
1 0.4883116883116883 0.12222222222222222 0.011688311688311689 0.0031746031746031746
1 0.4922077922077922 0.13333333333333333 0.012987012987012988 0.015873015873015872
2 0.4974025974025974 0.12222222222222222 0.0025974025974025974 0.006349206349206349
1 0.4636363636363636 0.1349206349206349 0.016883116883116882 0.01746031746031746
1 0.4662337662337662 0.12222222222222222 0.01038961038961039 0.007936507936507936
1 0.4688311688311688 0.11587301587301588 0.011688311688311689 0.011111111111111112
1 0.4649350649350649 0.15079365079365079 0.011688311688311689 0.014285714285714285
3 0.5012987012987012 0.15873015873015872 0.01948051948051948 0.04126984126984127
1 0.5038961038961038 0.1349206349206349 0.007792207792207792 0.004761904761904762
1 0.4961038961038961 0.17936507936507937 0.016883116883116882 0.020634920634920634
1 0.4649350649350649 0.19365079365079366 0.01948051948051948 0.01904761904761905
1 0.4662337662337662 0.1761904761904762 0.014285714285714285 0.009523809523809525
1 0.4701298701298701 0.16825396825396827 0.015584415584415584 0.011111111111111112
1 0.5103896103896104 0.24603174603174602 0.02207792207792208 0.03650793650793651
1 0.5077922077922078 0.21746031746031746 0.016883116883116882 0.012698412698412698
1 0.5064935064935064 0.20952380952380953 0.016883116883116882 0.020634920634920634
1 0.5077922077922078 0.18888888888888888 0.015584415584415584 0.012698412698412698
1 0.5454545454545454 0.2126984126984127 0.02077922077922078 0.04126984126984127
1 0.4844155844155844 0.2714285714285714 0.01948051948051948 0.046031746031746035
1 0.4922077922077922 0.29523809523809524 0.02727272727272727 0.05555555555555555
1 0.5103896103896104 0.3253968253968254 0.02727272727272727 0.05555555555555555
1 0.5233766233766234 0.3825396825396825 0.04285714285714286 0.06666666666666667
1 0.5272727272727272 0.43174603174603177 0.046753246753246755 0.0746031746031746
1 0.6168831168831169 0.5031746031746032 0.04025974025974026 0.0873015873015873