2 0.9337662337662338 0.9873015873015873 0.02077922077922078 0.025396825396825397
2 0.8727272727272727 0.9571428571428572 0.04025974025974026 0.08571428571428572
2 0.8701298701298701 0.9142857142857143 0.03636363636363636 0.1126984126984127
2 0.8233766233766234 0.9206349206349206 0.03636363636363636 0.15873015873015872
2 0.7987012987012987 0.9380952380952381 0.02857142857142857 0.12380952380952381
1 0.7376623376623377 0.9412698412698413 0.09740259740259741 0.11587301587301588
2 0.7623376623376623 0.8492063492063492 0.03116883116883117 0.13333333333333333
2 0.7935064935064935 0.8301587301587302 0.02727272727272727 0.13174603174603175
2 0.5805194805194805 0.8285714285714286 0.03896103896103896 0.13333333333333333
2 0.548051948051948 0.9380952380952381 0.04025974025974026 0.12380952380952381
2 0.522077922077922 0.9666666666666667 0.02727272727272727 0.06666666666666667
2 0.612987012987013 0.9079365079365079 0.03506493506493506 0.12857142857142856
3 0.6298701298701299 0.5412698412698412 0.1 0.273015873015873
1 0.6805194805194805 0.7857142857142857 0.09610389610389611 0.2126984126984127
2 0.6506493506493507 0.6571428571428571 0.024675324675324677 0.0761904761904762
2 0.5 0.6047619047619047 0.02077922077922078 0.1
2 0.4883116883116883 0.5 0.016883116883116882 0.08888888888888889
2 0.4857142857142857 0.4523809523809524 0.015584415584415584 0.05873015873015873
1 0.509090909090909 0.3746031746031746 0.03766233766233766 0.08888888888888889
1 0.5194805194805194 0.4507936507936508 0.048051948051948054 0.10158730158730159
2 0.5246753246753246 0.3952380952380952 0.01038961038961039 0.025396825396825397
1 0.5558441558441558 0.32222222222222224 0.03116883116883117 0.05873015873015873
2 0.5766233766233766 0.33015873015873015 0.006493506493506494 0.047619047619047616
1 0.5701298701298702 0.3984126984126984 0.02857142857142857 0.07936507936507936
2 0.5844155844155844 0.34285714285714286 0.01038961038961039 0.047619047619047616
2 0.5714285714285714 0.30952380952380953 0.007792207792207792 0.03650793650793651
2 0.5948051948051948 0.33015873015873015 0.007792207792207792 0.05714285714285714
2 0.5909090909090909 0.29365079365079366 0.011688311688311689 0.020634920634920634
1 0.5428571428571428 0.2968253968253968 0.02077922077922078 0.04126984126984127
1 0.5363636363636364 0.2714285714285714 0.01948051948051948 0.0380952380952381
2 0.5506493506493506 0.26666666666666666 0.00909090909090909 0.03015873015873016
2 0.5272727272727272 0.3380952380952381 0.01038961038961039 0.046031746031746035
1 0.4974025974025974 0.3349206349206349 0.02727272727272727 0.06031746031746032
2 0.5155844155844156 0.2968253968253968 0.011688311688311689 0.050793650793650794
2 0.5207792207792208 0.3111111111111111 0.00909090909090909 0.03492063492063492
1 0.4922077922077922 0.29365079365079366 0.024675324675324677 0.04126984126984127
2 0.5025974025974026 0.26031746031746034 0.00909090909090909 0.0380952380952381
2 0.512987012987013 0.2492063492063492 0.006493506493506494 0.025396825396825397
1 0.5116883116883116 0.22698412698412698 0.01818181818181818 0.026984126984126985
2 0.5194805194805194 0.23492063492063492 0.006493506493506494 0.01746031746031746
2 0.5025974025974026 0.2365079365079365 0.007792207792207792 0.01904761904761905
2 0.4909090909090909 0.2365079365079365 0.00909090909090909 0.023809523809523808
2 0.45324675324675323 0.23015873015873015 0.006493506493506494 0.03968253968253968
2 0.4597402597402597 0.20793650793650795 0.00909090909090909 0.025396825396825397
2 0.4662337662337662 0.23015873015873015 0.00909090909090909 0.03492063492063492
2 0.4779220779220779 0.20793650793650795 0.005194805194805195 0.01746031746031746
2 0.487012987012987 0.2 0.00909090909090909 0.012698412698412698
1 0.5402597402597402 0.24603174603174602 0.016883116883116882 0.0380952380952381
1 0.5337662337662338 0.21904761904761905 0.01818181818181818 0.02857142857142857
2 0.5493506493506494 0.2222222222222222 0.007792207792207792 0.023809523809523808
1 0.5662337662337662 0.24761904761904763 0.02207792207792208 0.031746031746031744
2 0.5571428571428572 0.22857142857142856 0.006493506493506494 0.014285714285714285
2 0.5675324675324676 0.22857142857142856 0.006493506493506494 0.012698412698412698
2 0.5142857142857142 0.2015873015873016 0.006493506493506494 0.022222222222222223
2 0.5103896103896104 0.1873015873015873 0.00909090909090909 0.023809523809523808
2 0.4987012987012987 0.21428571428571427 0.006493506493506494 0.023809523809523808
2 0.4909090909090909 0.2111111111111111 0.006493506493506494 0.020634920634920634
1 0.4753246753246753 0.25873015873015875 0.01948051948051948 0.047619047619047616
2 0.4779220779220779 0.22380952380952382 0.01038961038961039 0.015873015873015872
2 0.4792207792207792 0.18095238095238095 0.005194805194805195 0.026984126984126985
1 0.4688311688311688 0.19523809523809524 0.016883116883116882 0.025396825396825397
1 0.4701298701298701 0.17777777777777778 0.01948051948051948 0.014285714285714285
1 0.4701298701298701 0.16507936507936508 0.014285714285714285 0.007936507936507936
1 0.4701298701298701 0.15873015873015872 0.011688311688311689 0.007936507936507936
2 0.4779220779220779 0.1523809523809524 0.006493506493506494 0.022222222222222223
1 0.4623376623376623 0.1619047619047619 0.012987012987012988 0.025396825396825397
1 0.4649350649350649 0.14603174603174604 0.012987012987012988 0.007936507936507936
2 0.4714285714285714 0.14126984126984127 0.003896103896103896 0.015873015873015872
2 0.4675324675324675 0.13174603174603175 0.003896103896103896 0.011111111111111112
1 0.4844155844155844 0.14285714285714285 0.011688311688311689 0.025396825396825397
2 0.4935064935064935 0.1380952380952381 0.003896103896103896 0.023809523809523808
1 0.4935064935064935 0.1634920634920635 0.012987012987012988 0.025396825396825397
2 0.5 0.14603174603174604 0.005194805194805195 0.022222222222222223
2 0.5038961038961038 0.15079365079365079 0.005194805194805195 0.01746031746031746
2 0.509090909090909 0.14285714285714285 0.005194805194805195 0.01746031746031746
1 0.4896103896103896 0.12063492063492064 0.007792207792207792 0.014285714285714285
2 0.5025974025974026 0.12063492063492064 0.005194805194805195 0.01746031746031746
1 0.4935064935064935 0.10476190476190476 0.01038961038961039 0.009523809523809525
2 0.5 0.10634920634920635 0.0025974025974025974 0.014285714285714285
1 0.5116883116883116 0.18095238095238095 0.01818181818181818 0.03333333333333333
2 0.509090909090909 0.16031746031746033 0.006493506493506494 0.012698412698412698
2 0.5155844155844156 0.15555555555555556 0.0025974025974025974 0.014285714285714285
2 0.5233766233766234 0.1634920634920635 0.003896103896103896 0.015873015873015872
1 0.5285714285714286 0.2015873015873016 0.015584415584415584 0.03333333333333333
2 0.5272727272727272 0.17936507936507937 0.007792207792207792 0.01746031746031746
2 0.548051948051948 0.20793650793650795 0.005194805194805195 0.015873015873015872
2 0.538961038961039 0.1984126984126984 0.005194805194805195 0.012698412698412698
2 0.5363636363636364 0.18253968253968253 0.003896103896103896 0.015873015873015872
1 0.5077922077922078 0.09523809523809523 0.007792207792207792 0.015873015873015872
1 0.4857142857142857 0.1 0.007792207792207792 0.012698412698412698
1 0.4974025974025974 0.09365079365079365 0.00909090909090909 0.009523809523809525
1 0.4714285714285714 0.11428571428571428 0.01038961038961039 0.025396825396825397
1 0.4961038961038961 0.18571428571428572 0.012987012987012988 0.01904761904761905
1 0.4987012987012987 0.20317460317460317 0.014285714285714285 0.022222222222222223
1 0.4883116883116883 0.2714285714285714 0.02077922077922078 0.04126984126984127
1 0.574025974025974 0.28095238095238095 0.02727272727272727 0.050793650793650794
1 0.5493506493506494 0.3634920634920635 0.02987012987012987 0.05555555555555555
1 0.5792207792207792 0.4650793650793651 0.02207792207792208 0.10158730158730159
1 0.525974025974026 0.5285714285714286 0.05714285714285714 0.14126984126984127
0 0.6558441558441559 0.3984126984126984 0.10649350649350649 0.23174603174603176
1 0.5376623376623376 0.6746031746031746 0.06753246753246753 0.1746031746031746
1 0.7025974025974026 0.5666666666666667 0.07662337662337662 0.13968253968253969
1 0.625974025974026 0.9873015873015873 0.06233766233766234 0.023809523809523808