1 0.5545454545454546 0.8952380952380953 0.09740259740259741 0.20952380952380953
2 0.5727272727272728 0.7714285714285715 0.03116883116883117 0.0873015873015873
2 0.612987012987013 0.6952380952380952 0.04285714285714286 0.06666666666666667
1 0.6454545454545455 0.8365079365079365 0.11038961038961038 0.26031746031746034
1 0.712987012987013 0.753968253968254 0.1 0.2253968253968254
3 0.7974025974025974 0.8841269841269841 0.16363636363636364 0.23015873015873015
2 0.9116883116883117 0.953968253968254 0.046753246753246755 0.09206349206349207
2 0.8753246753246753 0.9523809523809523 0.03766233766233766 0.09523809523809523
2 0.861038961038961 0.873015873015873 0.045454545454545456 0.11428571428571428
2 0.7792207792207793 0.7253968253968254 0.03766233766233766 0.1111111111111111
2 0.8246753246753247 0.7507936507936508 0.048051948051948054 0.1523809523809524
2 0.6844155844155844 0.5063492063492063 0.03506493506493506 0.1
2 0.6545454545454545 0.4222222222222222 0.02857142857142857 0.09047619047619047
2 0.5038961038961038 0.6095238095238096 0.024675324675324677 0.09841269841269841
2 0.5012987012987012 0.5634920634920635 0.02857142857142857 0.0873015873015873
2 0.4987012987012987 0.5190476190476191 0.033766233766233764 0.06507936507936508
2 0.4922077922077922 0.43333333333333335 0.01948051948051948 0.0761904761904762
2 0.4883116883116883 0.3904761904761905 0.023376623376623377 0.044444444444444446
3 0.5532467532467532 0.4888888888888889 0.08311688311688312 0.2396825396825397
1 0.6155844155844156 0.4650793650793651 0.05844155844155844 0.1349206349206349
1 0.548051948051948 0.6761904761904762 0.07922077922077922 0.14603174603174604
1 0.5207792207792208 0.21746031746031746 0.02987012987012987 0.05555555555555555
2 0.5038961038961038 0.17936507936507937 0.01818181818181818 0.03492063492063492
2 0.5194805194805194 0.16666666666666666 0.014285714285714285 0.0380952380952381
2 0.5051948051948052 0.13333333333333333 0.00909090909090909 0.03015873015873016
2 0.4909090909090909 0.13174603174603175 0.011688311688311689 0.031746031746031744
2 0.4948051948051948 0.1126984126984127 0.00909090909090909 0.03015873015873016
2 0.5038961038961038 0.09206349206349207 0.006493506493506494 0.01904761904761905