1 0.5844155844155844 0.9095238095238095 0.11948051948051948 0.18095238095238095
1 0.7753246753246753 0.9 0.14545454545454545 0.1984126984126984
2 0.812987012987013 0.8206349206349206 0.046753246753246755 0.12222222222222222
2 0.912987012987013 0.9841269841269841 0.03636363636363636 0.03015873015873016
2 0.7636363636363637 0.6746031746031746 0.03896103896103896 0.13333333333333333
2 0.7103896103896103 0.6333333333333333 0.03116883116883117 0.11428571428571428
2 0.7155844155844155 0.5571428571428572 0.033766233766233764 0.09523809523809523
2 0.6766233766233766 0.546031746031746 0.03116883116883117 0.10793650793650794
2 0.6324675324675325 0.4126984126984127 0.02207792207792208 0.05555555555555555
2 0.5051948051948052 0.4 0.02207792207792208 0.05873015873015873
2 0.6181818181818182 0.3603174603174603 0.02077922077922078 0.05714285714285714
2 0.574025974025974 0.32857142857142857 0.015584415584415584 0.047619047619047616
2 0.5792207792207792 0.30793650793650795 0.014285714285714285 0.04285714285714286
3 0.6 0.4396825396825397 0.08571428571428572 0.2365079365079365
1 0.5168831168831168 0.4857142857142857 0.06363636363636363 0.14126984126984127
1 0.551948051948052 0.35714285714285715 0.04285714285714286 0.09682539682539683
1 0.6623376623376623 0.6444444444444445 0.08051948051948052 0.17142857142857143
1 0.4909090909090909 0.3047619047619048 0.03896103896103896 0.08571428571428572
1 0.5402597402597402 0.22063492063492063 0.02727272727272727 0.06984126984126984
1 0.4896103896103896 0.2 0.025974025974025976 0.047619047619047616
1 0.4688311688311688 0.15714285714285714 0.01948051948051948 0.03650793650793651
1 0.4909090909090909 0.15079365079365079 0.015584415584415584 0.0380952380952381
1 0.474025974025974 0.12380952380952381 0.014285714285714285 0.03492063492063492
1 0.4909090909090909 0.12857142857142856 0.012987012987012988 0.01746031746031746
2 0.5 0.17936507936507937 0.01038961038961039 0.03015873015873016
2 0.5038961038961038 0.11428571428571428 0.00909090909090909 0.022222222222222223