2 0.7818181818181819 0.7714285714285715 0.05064935064935065 0.13015873015873017
2 0.6324675324675325 0.3904761904761905 0.02987012987012987 0.0761904761904762
2 0.5246753246753246 0.326984126984127 0.032467532467532464 0.05873015873015873
2 0.5311688311688312 0.2365079365079365 0.01948051948051948 0.04285714285714286
2 0.5025974025974026 0.22380952380952382 0.01818181818181818 0.03968253968253968
2 0.5194805194805194 0.20793650793650795 0.012987012987012988 0.046031746031746035
2 0.512987012987013 0.16666666666666666 0.014285714285714285 0.026984126984126985
2 0.5116883116883116 0.14444444444444443 0.011688311688311689 0.026984126984126985
2 0.4805194805194805 0.14603174603174604 0.00909090909090909 0.025396825396825397
2 0.4909090909090909 0.13174603174603175 0.005194805194805195 0.020634920634920634
1 0.4779220779220779 0.1253968253968254 0.01038961038961039 0.01746031746031746
2 0.4883116883116883 0.1111111111111111 0.005194805194805195 0.015873015873015872
2 0.5038961038961038 0.10158730158730159 0.006493506493506494 0.015873015873015872
2 0.5116883116883116 0.09841269841269841 0.006493506493506494 0.011111111111111112
2 0.5025974025974026 0.09206349206349207 0.005194805194805195 0.011111111111111112