1 0.6311688311688312 0.9206349206349206 0.12207792207792208 0.15873015873015872
1 0.7740259740259741 0.8793650793650793 0.16233766233766234 0.24126984126984127
2 0.4701298701298701 0.24761904761904763 0.016883116883116882 0.05714285714285714
1 0.4948051948051948 0.20634920634920634 0.03766233766233766 0.05873015873015873
1 0.4701298701298701 0.12857142857142856 0.023376623376623377 0.03015873015873016
2 0.4896103896103896 0.13333333333333333 0.014285714285714285 0.03015873015873016
1 0.4844155844155844 0.11587301587301588 0.015584415584415584 0.031746031746031744
2 0.5025974025974026 0.12380952380952381 0.012987012987012988 0.01904761904761905
2 0.4961038961038961 0.09365079365079365 0.012987012987012988 0.023809523809523808
2 0.5038961038961038 0.10793650793650794 0.014285714285714285 0.01746031746031746
2 0.5181818181818182 0.2904761904761905 0.024675324675324677 0.06507936507936508
2 0.5194805194805194 0.25555555555555554 0.02077922077922078 0.04285714285714286
2 0.535064935064935 0.20476190476190476 0.02207792207792208 0.049206349206349205
2 0.5714285714285714 0.273015873015873 0.02207792207792208 0.04126984126984127
2 0.6701298701298701 0.48412698412698413 0.03506493506493506 0.09365079365079365
2 0.7038961038961039 0.6 0.046753246753246755 0.1111111111111111
2 0.6025974025974026 0.6936507936507936 0.046753246753246755 0.11904761904761904