3 0.5532467532467532 0.6333333333333333 0.13246753246753246 0.473015873015873
3 0.7688311688311689 0.8380952380952381 0.18701298701298702 0.3238095238095238
1 0.6090909090909091 0.49047619047619045 0.06233766233766234 0.10952380952380952
3 0.5844155844155844 0.3873015873015873 0.06623376623376623 0.12857142857142856
3 0.5571428571428572 0.30317460317460315 0.046753246753246755 0.1380952380952381
2 0.4883116883116883 0.5174603174603175 0.023376623376623377 0.12063492063492064
2 0.6857142857142857 0.5047619047619047 0.012987012987012988 0.06349206349206349
2 0.6428571428571429 0.3968253968253968 0.01948051948051948 0.06349206349206349
2 0.5961038961038961 0.3253968253968254 0.016883116883116882 0.049206349206349205
2 0.7701298701298701 0.6555555555555556 0.032467532467532464 0.09047619047619047
2 0.8038961038961039 0.7142857142857143 0.025974025974025976 0.09523809523809523
2 0.525974025974026 0.21746031746031746 0.00909090909090909 0.04285714285714286
2 0.5363636363636364 0.19206349206349208 0.011688311688311689 0.03333333333333333
1 0.5012987012987012 0.17777777777777778 0.01818181818181818 0.0380952380952381
1 0.4701298701298701 0.12698412698412698 0.00909090909090909 0.023809523809523808
1 0.4883116883116883 0.11428571428571428 0.01038961038961039 0.022222222222222223
2 0.5051948051948052 0.1349206349206349 0.006493506493506494 0.01746031746031746
2 0.5025974025974026 0.1126984126984127 0.005194805194805195 0.01746031746031746
2 0.6948051948051948 0.5634920634920635 0.01818181818181818 0.049206349206349205
2 0.8675324675324675 0.8936507936507937 0.01948051948051948 0.13333333333333333
2 0.8961038961038961 0.9698412698412698 0.016883116883116882 0.05873015873015873
3 0.7012987012987013 0.6984126984126984 0.11038961038961038 0.2857142857142857
1 0.6311688311688312 0.5857142857142857 0.07532467532467532 0.16825396825396827