1 0.7623376623376623 0.9428571428571428 0.09480519480519481 0.11428571428571428
1 0.5584415584415584 0.9 0.07142857142857142 0.1984126984126984
1 0.7415584415584415 0.7777777777777778 0.1012987012987013 0.23174603174603176
1 0.6194805194805195 0.7206349206349206 0.08571428571428572 0.1873015873015873
1 0.5376623376623376 0.692063492063492 0.05454545454545454 0.18571428571428572
1 0.7077922077922078 0.638095238095238 0.07922077922077922 0.1523809523809524
1 0.5194805194805194 0.5222222222222223 0.05714285714285714 0.11428571428571428
1 0.5623376623376624 0.4650793650793651 0.04415584415584416 0.10476190476190476
1 0.5974025974025974 0.4142857142857143 0.05584415584415584 0.09841269841269841
1 0.548051948051948 0.4111111111111111 0.03766233766233766 0.06666666666666667
1 0.5454545454545454 0.3603174603174603 0.04285714285714286 0.07301587301587302
1 0.5922077922077922 0.3523809523809524 0.04025974025974026 0.07301587301587302
1 0.5831168831168831 0.31746031746031744 0.032467532467532464 0.06031746031746032
1 0.5714285714285714 0.28888888888888886 0.04025974025974026 0.047619047619047616
1 0.4896103896103896 0.3476190476190476 0.03506493506493506 0.08571428571428572
1 0.4883116883116883 0.30317460317460315 0.033766233766233764 0.06190476190476191
3 0.4753246753246753 0.23492063492063492 0.05064935064935065 0.10158730158730159
1 0.4779220779220779 0.2698412698412698 0.02857142857142857 0.05238095238095238
3 0.5324675324675324 0.2904761904761905 0.06103896103896104 0.10317460317460317
1 0.5558441558441558 0.2714285714285714 0.032467532467532464 0.046031746031746035
1 0.5454545454545454 0.24126984126984127 0.02987012987012987 0.047619047619047616
1 0.512987012987013 0.2396825396825397 0.02207792207792208 0.050793650793650794
1 0.5376623376623376 0.20317460317460317 0.025974025974025976 0.047619047619047616
1 0.5051948051948052 0.22063492063492063 0.016883116883116882 0.04285714285714286
1 0.5012987012987012 0.20634920634920634 0.01948051948051948 0.031746031746031744
1 0.5155844155844156 0.17777777777777778 0.02987012987012987 0.046031746031746035
1 0.4909090909090909 0.18412698412698414 0.01948051948051948 0.023809523809523808
1 0.4597402597402597 0.16031746031746033 0.012987012987012988 0.03015873015873016
1 0.474025974025974 0.1634920634920635 0.011688311688311689 0.025396825396825397
1 0.4805194805194805 0.1619047619047619 0.014285714285714285 0.03015873015873016
1 0.4961038961038961 0.15555555555555556 0.016883116883116882 0.02857142857142857
1 0.5064935064935064 0.13968253968253969 0.014285714285714285 0.03015873015873016
1 0.4844155844155844 0.1349206349206349 0.014285714285714285 0.03492063492063492
1 0.4896103896103896 0.1365079365079365 0.01038961038961039 0.022222222222222223
1 0.4597402597402597 0.1380952380952381 0.01038961038961039 0.03333333333333333
1 0.4623376623376623 0.14285714285714285 0.01038961038961039 0.022222222222222223
0 0.4662337662337662 0.12063492063492064 0.00909090909090909 0.03968253968253968
1 0.4701298701298701 0.1365079365079365 0.011688311688311689 0.022222222222222223
1 0.4844155844155844 0.11746031746031746 0.011688311688311689 0.01904761904761905
1 0.4844155844155844 0.10793650793650794 0.007792207792207792 0.01746031746031746
1 0.4922077922077922 0.11428571428571428 0.01038961038961039 0.01904761904761905
1 0.4987012987012987 0.09841269841269841 0.01038961038961039 0.011111111111111112
1 0.7142857142857143 0.5412698412698412 0.07532467532467532 0.16507936507936508
2 0.8753246753246753 0.9317460317460318 0.05714285714285714 0.1349206349206349
2 0.8532467532467533 0.9650793650793651 0.02857142857142857 0.06984126984126984
2 0.6350649350649351 0.9301587301587302 0.03766233766233766 0.13333333333333333
2 0.6454545454545455 0.9793650793650793 0.01818181818181818 0.04126984126984127
2 0.6766233766233766 0.9587301587301588 0.02857142857142857 0.08253968253968254
2 0.6753246753246753 0.8904761904761904 0.033766233766233764 0.1349206349206349
2 0.6363636363636364 0.8365079365079365 0.045454545454545456 0.13174603174603175
2 0.5064935064935064 0.780952380952381 0.02727272727272727 0.1380952380952381
2 0.6766233766233766 0.680952380952381 0.02857142857142857 0.12380952380952381
2 0.6519480519480519 0.6333333333333333 0.02727272727272727 0.10317460317460317
2 0.5922077922077922 0.6095238095238096 0.01948051948051948 0.08412698412698413
2 0.6181818181818182 0.5777777777777777 0.02857142857142857 0.08888888888888889
2 0.548051948051948 0.580952380952381 0.016883116883116882 0.08888888888888889
2 0.5584415584415584 0.5698412698412698 0.02207792207792208 0.10476190476190476
2 0.587012987012987 0.5349206349206349 0.023376623376623377 0.09523809523809523
2 0.6662337662337663 0.5650793650793651 0.023376623376623377 0.09682539682539683
2 0.6506493506493507 0.5428571428571428 0.024675324675324677 0.09206349206349207
2 0.6272727272727273 0.5603174603174603 0.02727272727272727 0.09682539682539683
2 0.6077922077922078 0.48095238095238096 0.02207792207792208 0.06190476190476191
2 0.6181818181818182 0.5095238095238095 0.01818181818181818 0.05396825396825397
2 0.6415584415584416 0.46984126984126984 0.01818181818181818 0.05873015873015873
2 0.6610389610389611 0.49047619047619045 0.016883116883116882 0.05873015873015873
2 0.6779220779220779 0.45555555555555555 0.016883116883116882 0.05238095238095238
2 0.6688311688311688 0.4365079365079365 0.02207792207792208 0.06031746031746032
2 0.6467532467532467 0.44285714285714284 0.01818181818181818 0.05714285714285714
2 0.6454545454545455 0.3904761904761905 0.015584415584415584 0.08253968253968254
2 0.6597402597402597 0.4095238095238095 0.016883116883116882 0.049206349206349205
2 0.6311688311688312 0.41904761904761906 0.01818181818181818 0.06031746031746032
2 0.6311688311688312 0.39365079365079364 0.01948051948051948 0.06984126984126984
2 0.6142857142857143 0.36507936507936506 0.012987012987012988 0.049206349206349205
2 0.6155844155844156 0.3380952380952381 0.025974025974025976 0.0761904761904762
2 0.6077922077922078 0.3412698412698413 0.015584415584415584 0.06031746031746032
2 0.5974025974025974 0.3 0.011688311688311689 0.03333333333333333
2 0.587012987012987 0.2857142857142857 0.01948051948051948 0.03333333333333333
2 0.5714285714285714 0.2571428571428571 0.00909090909090909 0.03492063492063492
2 0.5753246753246753 0.26666666666666666 0.01948051948051948 0.031746031746031744
2 0.5103896103896104 0.353968253968254 0.015584415584415584 0.050793650793650794
2 0.522077922077922 0.3746031746031746 0.023376623376623377 0.03333333333333333
2 0.487012987012987 0.38095238095238093 0.024675324675324677 0.03968253968253968
2 0.487012987012987 0.4492063492063492 0.01038961038961039 0.0761904761904762
2 0.4883116883116883 0.40793650793650793 0.015584415584415584 0.046031746031746035
2 0.4974025974025974 0.42857142857142855 0.01038961038961039 0.044444444444444446
2 0.5116883116883116 0.43174603174603177 0.02727272727272727 0.06031746031746032
2 0.4948051948051948 0.46825396825396826 0.014285714285714285 0.05238095238095238
2 0.9701298701298702 0.9365079365079365 0.033766233766233764 0.10317460317460317
2 0.938961038961039 0.8507936507936508 0.07922077922077922 0.18253968253968253