1 0.5974025974025974 0.9682539682539683 0.10909090909090909 0.06190476190476191
1 0.5415584415584416 0.6761904761904762 0.08051948051948052 0.21746031746031746
1 0.6909090909090909 0.6396825396825396 0.09610389610389611 0.19047619047619047
1 0.5961038961038961 0.5571428571428572 0.07402597402597402 0.12698412698412698
1 0.5831168831168831 0.4380952380952381 0.053246753246753244 0.10793650793650794
1 0.6025974025974026 0.38095238095238093 0.045454545454545456 0.10634920634920635
1 0.5844155844155844 0.3111111111111111 0.03896103896103896 0.0761904761904762
1 0.5493506493506494 0.319047619047619 0.02857142857142857 0.0746031746031746
1 0.4987012987012987 0.3634920634920635 0.03636363636363636 0.08253968253968254
1 0.487012987012987 0.30158730158730157 0.024675324675324677 0.0761904761904762
2 0.5051948051948052 0.25555555555555554 0.01038961038961039 0.03968253968253968
2 0.5298701298701298 0.2507936507936508 0.024675324675324677 0.05396825396825397
2 0.4896103896103896 0.23333333333333334 0.01038961038961039 0.0380952380952381
2 0.5 0.2253968253968254 0.01038961038961039 0.031746031746031744
1 0.5168831168831168 0.20476190476190476 0.01948051948051948 0.03015873015873016
0 0.4766233766233766 0.2365079365079365 0.023376623376623377 0.05238095238095238
1 0.4727272727272727 0.20317460317460317 0.015584415584415584 0.0380952380952381
1 0.4935064935064935 0.19047619047619047 0.01948051948051948 0.04126984126984127
0 0.4597402597402597 0.14603174603174604 0.011688311688311689 0.05238095238095238
1 0.4857142857142857 0.16984126984126985 0.01818181818181818 0.03333333333333333
1 0.5038961038961038 0.15079365079365079 0.012987012987012988 0.031746031746031744
1 0.4792207792207792 0.14761904761904762 0.014285714285714285 0.03015873015873016
1 0.4909090909090909 0.13968253968253969 0.012987012987012988 0.025396825396825397
1 0.4935064935064935 0.12857142857142856 0.012987012987012988 0.026984126984126985
1 0.4792207792207792 0.13174603174603175 0.007792207792207792 0.023809523809523808
1 0.4636363636363636 0.1126984126984127 0.012987012987012988 0.020634920634920634
1 0.4727272727272727 0.10634920634920635 0.0012987012987012987 0.020634920634920634
1 0.4857142857142857 0.10793650793650794 0.006493506493506494 0.014285714285714285
1 0.4883116883116883 0.09365079365079365 0.00909090909090909 0.01746031746031746
1 0.5025974025974026 0.08888888888888889 0.00909090909090909 0.025396825396825397
2 0.7155844155844155 0.9492063492063492 0.033766233766233764 0.10158730158730159
2 0.9012987012987013 0.9571428571428572 0.03636363636363636 0.08571428571428572
2 0.7480519480519481 0.8984126984126984 0.03636363636363636 0.13968253968253969
2 0.6584415584415585 0.8650793650793651 0.033766233766233764 0.14444444444444443
2 0.6701298701298701 0.7857142857142857 0.033766233766233764 0.1380952380952381
2 0.8116883116883117 0.7603174603174603 0.03116883116883117 0.1349206349206349
2 0.7168831168831169 0.553968253968254 0.033766233766233764 0.10317460317460317
2 0.6922077922077922 0.5523809523809524 0.016883116883116882 0.049206349206349205
2 0.6948051948051948 0.5047619047619047 0.02207792207792208 0.07777777777777778
2 0.6493506493506493 0.4888888888888889 0.016883116883116882 0.08571428571428572
2 0.6675324675324675 0.5047619047619047 0.024675324675324677 0.06984126984126984
2 0.5415584415584416 0.5222222222222223 0.02207792207792208 0.08888888888888889
2 0.5064935064935064 0.5158730158730159 0.023376623376623377 0.09047619047619047
2 0.535064935064935 0.46984126984126984 0.01818181818181818 0.06825396825396825
2 0.6519480519480519 0.43333333333333335 0.012987012987012988 0.05714285714285714
2 0.5298701298701298 0.43333333333333335 0.02207792207792208 0.07936507936507936
2 0.5077922077922078 0.44603174603174606 0.02077922077922078 0.06031746031746032
2 0.5064935064935064 0.40476190476190477 0.02077922077922078 0.05555555555555555
2 0.6532467532467533 0.40793650793650793 0.016883116883116882 0.050793650793650794
2 0.6571428571428571 0.3746031746031746 0.03766233766233766 0.05714285714285714
2 0.6181818181818182 0.35714285714285715 0.023376623376623377 0.06031746031746032
2 0.5376623376623376 0.4015873015873016 0.01818181818181818 0.06984126984126984
2 0.5597402597402598 0.3984126984126984 0.02077922077922078 0.06507936507936508
2 0.5441558441558442 0.3682539682539683 0.015584415584415584 0.06666666666666667
2 0.5298701298701298 0.3523809523809524 0.01948051948051948 0.047619047619047616
2 0.5207792207792208 0.319047619047619 0.012987012987012988 0.0380952380952381
2 0.5142857142857142 0.28888888888888886 0.012987012987012988 0.04126984126984127
2 0.5168831168831168 0.3 0.0012987012987012987 0.022222222222222223
2 0.5246753246753246 0.2920634920634921 0.01038961038961039 0.047619047619047616
2 0.5558441558441558 0.27936507936507937 0.014285714285714285 0.044444444444444446
2 0.564935064935065 0.25873015873015875 0.006493506493506494 0.026984126984126985
2 0.5493506493506494 0.24761904761904763 0.011688311688311689 0.026984126984126985
2 0.5415584415584416 0.22380952380952382 0.014285714285714285 0.03968253968253968
2 0.5571428571428572 0.2253968253968254 0.01038961038961039 0.04126984126984127
2 0.4987012987012987 0.24603174603174602 0.012987012987012988 0.026984126984126985
2 0.5363636363636364 0.1984126984126984 0.014285714285714285 0.025396825396825397
2 0.509090909090909 0.18253968253968253 0.006493506493506494 0.020634920634920634
2 0.5181818181818182 0.1873015873015873 0.006493506493506494 0.022222222222222223
2 0.5168831168831168 0.16825396825396827 0.005194805194805195 0.011111111111111112
2 0.5168831168831168 0.15873015873015872 0.003896103896103896 0.011111111111111112
2 0.522077922077922 0.17142857142857143 0.006493506493506494 0.015873015873015872
2 0.5142857142857142 0.14603174603174604 0.005194805194805195 0.015873015873015872
2 0.4623376623376623 0.22380952380952382 0.00909090909090909 0.03650793650793651
2 0.5038961038961038 0.13333333333333333 0.006493506493506494 0.015873015873015872
2 0.5051948051948052 0.12222222222222222 0.011688311688311689 0.020634920634920634
2 0.5 0.1111111111111111 0.003896103896103896 0.014285714285714285
2 0.5064935064935064 0.1111111111111111 0.01038961038961039 0.012698412698412698