2 0.8909090909090909 0.9238095238095239 0.05064935064935065 0.1523809523809524
2 0.8077922077922078 0.9047619047619048 0.05194805194805195 0.1492063492063492
2 0.8155844155844156 0.7412698412698413 0.03636363636363636 0.14285714285714285
1 0.7077922077922078 0.861904761904762 0.11038961038961038 0.23492063492063492
2 0.7415584415584415 0.7761904761904762 0.03636363636363636 0.11746031746031746
2 0.7727272727272727 0.7253968253968254 0.03116883116883117 0.13015873015873017
2 0.6012987012987013 0.734920634920635 0.032467532467532464 0.12698412698412698
2 0.5688311688311688 0.6492063492063492 0.03116883116883117 0.10476190476190476
2 0.6883116883116883 0.6571428571428571 0.02987012987012987 0.10158730158730159
2 0.7246753246753247 0.6904761904761905 0.02857142857142857 0.10476190476190476
2 0.7363636363636363 0.6063492063492063 0.02987012987012987 0.10476190476190476
2 0.6766233766233766 0.5777777777777777 0.025974025974025976 0.07936507936507936
2 0.7077922077922078 0.5650793650793651 0.02727272727272727 0.0873015873015873
1 0.6090909090909091 0.5666666666666667 0.07532467532467532 0.16031746031746033
2 0.6428571428571429 0.5396825396825397 0.016883116883116882 0.08095238095238096
2 0.6545454545454545 0.48095238095238096 0.01818181818181818 0.06507936507936508
2 0.6597402597402597 0.44761904761904764 0.015584415584415584 0.05555555555555555
2 0.6688311688311688 0.4444444444444444 0.015584415584415584 0.0761904761904762
2 0.6974025974025974 0.5 0.02207792207792208 0.08253968253968254
2 0.6233766233766234 0.48253968253968255 0.023376623376623377 0.06666666666666667
1 0.5766233766233766 0.4380952380952381 0.05194805194805195 0.1126984126984127
2 0.5961038961038961 0.41904761904761906 0.01818181818181818 0.06349206349206349
2 0.6181818181818182 0.3888888888888889 0.014285714285714285 0.04285714285714286
2 0.6337662337662338 0.36984126984126986 0.01038961038961039 0.04126984126984127
2 0.6194805194805195 0.43333333333333335 0.016883116883116882 0.05555555555555555
2 0.6337662337662338 0.4253968253968254 0.01948051948051948 0.06825396825396825
2 0.6441558441558441 0.4142857142857143 0.01818181818181818 0.06507936507936508
2 0.5792207792207792 0.36666666666666664 0.015584415584415584 0.047619047619047616
2 0.5298701298701298 0.37936507936507935 0.02207792207792208 0.05873015873015873
2 0.5298701298701298 0.3253968253968254 0.007792207792207792 0.049206349206349205
2 0.6012987012987013 0.3619047619047619 0.016883116883116882 0.06349206349206349
2 0.625974025974026 0.3476190476190476 0.014285714285714285 0.05555555555555555
2 0.612987012987013 0.3333333333333333 0.01818181818181818 0.044444444444444446
2 0.6051948051948052 0.33015873015873015 0.00909090909090909 0.02857142857142857
2 0.5896103896103896 0.3333333333333333 0.01038961038961039 0.044444444444444446
2 0.5714285714285714 0.3253968253968254 0.011688311688311689 0.04126984126984127
1 0.5532467532467532 0.34444444444444444 0.033766233766233764 0.0761904761904762
2 0.561038961038961 0.2968253968253968 0.011688311688311689 0.031746031746031744
2 0.5935064935064935 0.2873015873015873 0.00909090909090909 0.03333333333333333
2 0.5805194805194805 0.28888888888888886 0.011688311688311689 0.031746031746031744
2 0.5831168831168831 0.319047619047619 0.00909090909090909 0.031746031746031744
2 0.5714285714285714 0.25396825396825395 0.011688311688311689 0.031746031746031744
2 0.564935064935065 0.2761904761904762 0.00909090909090909 0.023809523809523808
2 0.5753246753246753 0.2698412698412698 0.00909090909090909 0.02857142857142857
2 0.551948051948052 0.2698412698412698 0.01038961038961039 0.04126984126984127
2 0.5506493506493506 0.24126984126984127 0.006493506493506494 0.03333333333333333
2 0.5428571428571428 0.24761904761904763 0.007792207792207792 0.03333333333333333
1 0.5233766233766234 0.2523809523809524 0.025974025974025976 0.044444444444444446
2 0.5376623376623376 0.23174603174603176 0.006493506493506494 0.02857142857142857
2 0.5415584415584416 0.2126984126984127 0.007792207792207792 0.025396825396825397
1 0.5142857142857142 0.2126984126984127 0.015584415584415584 0.03650793650793651
2 0.5298701298701298 0.20476190476190476 0.007792207792207792 0.02857142857142857
1 0.4883116883116883 0.30317460317460315 0.02987012987012987 0.06031746031746032
2 0.5025974025974026 0.28253968253968254 0.01038961038961039 0.04126984126984127
2 0.4831168831168831 0.26666666666666666 0.01038961038961039 0.01746031746031746
2 0.5 0.26031746031746034 0.00909090909090909 0.031746031746031744
2 0.4987012987012987 0.24761904761904763 0.01038961038961039 0.026984126984126985
2 0.474025974025974 0.24603174603174602 0.011688311688311689 0.03968253968253968
2 0.5 0.2222222222222222 0.01038961038961039 0.03968253968253968
2 0.5 0.2015873015873016 0.006493506493506494 0.01904761904761905
3 0.4727272727272727 0.1984126984126984 0.03116883116883117 0.0761904761904762
2 0.487012987012987 0.2 0.007792207792207792 0.03015873015873016
2 0.5207792207792208 0.18095238095238095 0.00909090909090909 0.02857142857142857
2 0.4974025974025974 0.18253968253968253 0.006493506493506494 0.020634920634920634
2 0.5051948051948052 0.18412698412698414 0.007792207792207792 0.020634920634920634
2 0.4909090909090909 0.18253968253968253 0.006493506493506494 0.01904761904761905
2 0.4922077922077922 0.16825396825396827 0.006493506493506494 0.014285714285714285
2 0.4584415584415584 0.1984126984126984 0.007792207792207792 0.03492063492063492
2 0.45454545454545453 0.15873015873015872 0.006493506493506494 0.026984126984126985
2 0.4766233766233766 0.14444444444444443 0.006493506493506494 0.020634920634920634
1 0.5077922077922078 0.16825396825396827 0.014285714285714285 0.02857142857142857
2 0.5142857142857142 0.15555555555555556 0.005194805194805195 0.01746031746031746
2 0.522077922077922 0.15079365079365079 0.005194805194805195 0.020634920634920634
1 0.4831168831168831 0.15396825396825398 0.01038961038961039 0.022222222222222223
2 0.4987012987012987 0.1523809523809524 0.006493506493506494 0.015873015873015872
1 0.5077922077922078 0.1380952380952381 0.00909090909090909 0.015873015873015872
2 0.5038961038961038 0.14126984126984127 0.003896103896103896 0.011111111111111112
2 0.509090909090909 0.15079365079365079 0.0025974025974025974 0.0031746031746031746
2 0.5116883116883116 0.14285714285714285 0.003896103896103896 0.011111111111111112
2 0.4974025974025974 0.1349206349206349 0.003896103896103896 0.011111111111111112
2 0.5142857142857142 0.1523809523809524 0.003896103896103896 0.009523809523809525
1 0.4974025974025974 0.12380952380952381 0.006493506493506494 0.015873015873015872
2 0.5064935064935064 0.1253968253968254 0.003896103896103896 0.009523809523809525
2 0.5025974025974026 0.11428571428571428 0.003896103896103896 0.007936507936507936
2 0.45584415584415583 0.13015873015873017 0.005194805194805195 0.015873015873015872
3 0.4662337662337662 0.1492063492063492 0.01948051948051948 0.04126984126984127
1 0.4636363636363636 0.1253968253968254 0.011688311688311689 0.007936507936507936
1 0.4662337662337662 0.11904761904761904 0.01038961038961039 0.004761904761904762
1 0.4675324675324675 0.1111111111111111 0.006493506493506494 0.009523809523809525
1 0.4753246753246753 0.10634920634920635 0.00909090909090909 0.011111111111111112
1 0.4805194805194805 0.10317460317460317 0.005194805194805195 0.007936507936507936
1 0.487012987012987 0.1 0.005194805194805195 0.009523809523809525
1 0.4935064935064935 0.10793650793650794 0.00909090909090909 0.012698412698412698
1 0.4935064935064935 0.09682539682539683 0.005194805194805195 0.007936507936507936
1 0.5 0.09206349206349207 0.005194805194805195 0.014285714285714285
1 0.5051948051948052 0.09365079365079365 0.007792207792207792 0.011111111111111112
1 0.4792207792207792 0.11904761904761904 0.006493506493506494 0.011111111111111112
1 0.4831168831168831 0.14126984126984127 0.011688311688311689 0.011111111111111112
1 0.4857142857142857 0.13174603174603175 0.00909090909090909 0.007936507936507936
1 0.4857142857142857 0.12222222222222222 0.006493506493506494 0.007936507936507936
1 0.5311688311688312 0.2920634920634921 0.02727272727272727 0.05714285714285714
1 0.4948051948051948 0.3746031746031746 0.03506493506493506 0.08888888888888889
1 0.509090909090909 0.42063492063492064 0.045454545454545456 0.10317460317460317
1 0.5168831168831168 0.5476190476190477 0.05974025974025974 0.14285714285714285
1 0.5701298701298702 0.8746031746031746 0.1012987012987013 0.2492063492063492