1 0.5532467532467532 0.8904761904761904 0.11168831168831168 0.2111111111111111
1 0.5506493506493506 0.6571428571428571 0.08571428571428572 0.20793650793650795
1 0.7441558441558441 0.6126984126984127 0.1 0.20952380952380953
1 0.6220779220779221 0.5571428571428572 0.08571428571428572 0.15555555555555556
1 0.5415584415584416 0.5301587301587302 0.05194805194805195 0.1746031746031746
2 0.5428571428571428 0.4492063492063492 0.02987012987012987 0.07936507936507936
1 0.5974025974025974 0.4365079365079365 0.06623376623376623 0.12222222222222222
1 0.5077922077922078 0.3952380952380952 0.06883116883116883 0.1365079365079365
1 0.5688311688311688 0.39365079365079364 0.03766233766233766 0.09682539682539683
1 0.5233766233766234 0.3333333333333333 0.03766233766233766 0.11428571428571428
1 0.5818181818181818 0.3111111111111111 0.03636363636363636 0.11428571428571428
2 0.6415584415584416 0.4126984126984127 0.04155844155844156 0.07142857142857142
1 0.6246753246753247 0.35555555555555557 0.02207792207792208 0.11587301587301588
1 0.4714285714285714 0.19206349206349208 0.04935064935064935 0.10952380952380952
0 0.8012987012987013 0.8746031746031746 0.2051948051948052 0.2507936507936508
2 0.4987012987012987 0.15714285714285714 0.04285714285714286 0.02857142857142857
2 0.4883116883116883 0.10634920634920635 0.025974025974025976 0.03015873015873016
2 0.5103896103896104 0.17936507936507937 0.02727272727272727 0.03968253968253968
2 0.5337662337662338 0.2111111111111111 0.04285714285714286 0.046031746031746035
2 0.5636363636363636 0.2634920634920635 0.025974025974025976 0.05396825396825397
2 0.5922077922077922 0.28095238095238095 0.03896103896103896 0.05714285714285714
2 0.6610389610389611 0.5126984126984127 0.04285714285714286 0.14444444444444443
2 0.6415584415584416 0.7555555555555555 0.05974025974025974 0.16507936507936508
2 0.674025974025974 0.6841269841269841 0.05844155844155844 0.14126984126984127
2 0.6714285714285714 0.6015873015873016 0.03896103896103896 0.11428571428571428
2 0.6831168831168831 0.5238095238095238 0.023376623376623377 0.06825396825396825
2 0.7168831168831169 0.5333333333333333 0.02727272727272727 0.0761904761904762
2 0.7116883116883117 0.6571428571428571 0.04935064935064935 0.10634920634920635
2 0.7623376623376623 0.7158730158730159 0.06623376623376623 0.12380952380952381