2 0.9194805194805195 0.9365079365079365 0.045454545454545456 0.11746031746031746
2 0.8831168831168831 0.8587301587301587 0.06363636363636363 0.13015873015873017
2 0.8233766233766234 0.9555555555555556 0.045454545454545456 0.0873015873015873
2 0.8649350649350649 0.926984126984127 0.04155844155844156 0.12063492063492064
2 0.8207792207792208 0.8476190476190476 0.05194805194805195 0.14603174603174604
2 0.5324675324675324 0.9619047619047619 0.03506493506493506 0.06666666666666667
2 0.6181818181818182 0.8222222222222222 0.02857142857142857 0.06507936507936508
2 0.6142857142857143 0.773015873015873 0.02987012987012987 0.09047619047619047
2 0.6142857142857143 0.7158730158730159 0.03766233766233766 0.09206349206349207
2 0.6779220779220779 0.7238095238095238 0.045454545454545456 0.07777777777777778
2 0.7727272727272727 0.7587301587301587 0.04025974025974026 0.14761904761904762
2 0.7402597402597403 0.719047619047619 0.03506493506493506 0.1126984126984127
2 0.7194805194805195 0.7206349206349206 0.03506493506493506 0.0761904761904762
2 0.7636363636363637 0.638095238095238 0.033766233766233764 0.09523809523809523
2 0.7051948051948052 0.6698412698412698 0.02987012987012987 0.10793650793650794
2 0.6909090909090909 0.6142857142857143 0.03766233766233766 0.1
2 0.5025974025974026 0.6206349206349207 0.032467532467532464 0.0873015873015873
2 0.4935064935064935 0.5682539682539682 0.025974025974025976 0.06825396825396825
2 0.4909090909090909 0.5238095238095238 0.02727272727272727 0.06190476190476191
2 0.4974025974025974 0.5015873015873016 0.016883116883116882 0.05238095238095238
2 0.4857142857142857 0.4793650793650794 0.01818181818181818 0.06825396825396825
2 0.5051948051948052 0.4650793650793651 0.023376623376623377 0.08095238095238096
2 0.5363636363636364 0.4444444444444444 0.02077922077922078 0.05714285714285714
2 0.525974025974026 0.45555555555555555 0.015584415584415584 0.050793650793650794
2 0.5558441558441558 0.46825396825396826 0.016883116883116882 0.05396825396825397
2 0.548051948051948 0.48253968253968255 0.011688311688311689 0.03015873015873016
2 0.525974025974026 0.46825396825396826 0.01038961038961039 0.01904761904761905
2 0.6415584415584416 0.35714285714285715 0.016883116883116882 0.06507936507936508
2 0.6246753246753247 0.3873015873015873 0.011688311688311689 0.026984126984126985
2 0.6142857142857143 0.38095238095238093 0.01948051948051948 0.0380952380952381
2 0.5961038961038961 0.37777777777777777 0.011688311688311689 0.031746031746031744
2 0.6116883116883117 0.4 0.015584415584415584 0.05714285714285714
2 0.5987012987012987 0.4126984126984127 0.015584415584415584 0.06507936507936508
2 0.535064935064935 0.3333333333333333 0.012987012987012988 0.03492063492063492
2 0.4805194805194805 0.38095238095238093 0.015584415584415584 0.06031746031746032
2 0.487012987012987 0.3476190476190476 0.012987012987012988 0.0380952380952381
2 0.4792207792207792 0.34444444444444444 0.016883116883116882 0.03492063492063492
2 0.5545454545454546 0.2920634920634921 0.016883116883116882 0.049206349206349205
2 0.538961038961039 0.26666666666666666 0.01038961038961039 0.025396825396825397
2 0.5272727272727272 0.2761904761904762 0.006493506493506494 0.01904761904761905
2 0.5116883116883116 0.29365079365079366 0.011688311688311689 0.046031746031746035
2 0.5181818181818182 0.26825396825396824 0.00909090909090909 0.026984126984126985
2 0.5038961038961038 0.2698412698412698 0.00909090909090909 0.03015873015873016
2 0.5077922077922078 0.24761904761904763 0.007792207792207792 0.023809523809523808
2 0.5038961038961038 0.2365079365079365 0.00909090909090909 0.031746031746031744
2 0.4987012987012987 0.23015873015873015 0.011688311688311689 0.03650793650793651
2 0.4727272727272727 0.28253968253968254 0.011688311688311689 0.03650793650793651
2 0.4649350649350649 0.273015873015873 0.011688311688311689 0.044444444444444446
2 0.461038961038961 0.24444444444444444 0.006493506493506494 0.031746031746031744
2 0.5545454545454546 0.21587301587301588 0.01038961038961039 0.023809523809523808
2 0.5428571428571428 0.2 0.007792207792207792 0.020634920634920634
2 0.535064935064935 0.2015873015873016 0.007792207792207792 0.022222222222222223
2 0.525974025974026 0.2015873015873016 0.007792207792207792 0.025396825396825397
2 0.4922077922077922 0.19682539682539682 0.012987012987012988 0.020634920634920634
2 0.4805194805194805 0.2015873015873016 0.007792207792207792 0.023809523809523808
2 0.5285714285714286 0.1873015873015873 0.006493506493506494 0.015873015873015872
2 0.5233766233766234 0.18412698412698414 0.003896103896103896 0.01904761904761905
2 0.5025974025974026 0.18095238095238095 0.007792207792207792 0.01904761904761905
2 0.4922077922077922 0.18253968253968253 0.006493506493506494 0.01904761904761905
2 0.4844155844155844 0.18253968253968253 0.006493506493506494 0.01904761904761905
2 0.4909090909090909 0.18571428571428572 0.006493506493506494 0.01746031746031746
2 0.4779220779220779 0.1873015873015873 0.005194805194805195 0.01904761904761905
2 0.45454545454545453 0.19365079365079366 0.01038961038961039 0.022222222222222223
2 0.5064935064935064 0.16507936507936508 0.006493506493506494 0.01904761904761905
2 0.5012987012987012 0.1634920634920635 0.007792207792207792 0.014285714285714285
2 0.4922077922077922 0.1619047619047619 0.005194805194805195 0.014285714285714285
2 0.4818181818181818 0.1492063492063492 0.005194805194805195 0.01746031746031746
2 0.4714285714285714 0.1523809523809524 0.006493506493506494 0.01746031746031746
2 0.4779220779220779 0.1523809523809524 0.005194805194805195 0.015873015873015872
2 0.4714285714285714 0.1365079365079365 0.005194805194805195 0.014285714285714285
2 0.4922077922077922 0.1349206349206349 0.005194805194805195 0.014285714285714285
2 0.5025974025974026 0.12698412698412698 0.005194805194805195 0.012698412698412698
2 0.5142857142857142 0.14126984126984127 0.006493506493506494 0.01904761904761905
2 0.5064935064935064 0.14603174603174604 0.005194805194805195 0.020634920634920634
2 0.4987012987012987 0.14126984126984127 0.007792207792207792 0.01904761904761905
2 0.4896103896103896 0.13968253968253969 0.005194805194805195 0.012698412698412698
2 0.5155844155844156 0.18571428571428572 0.006493506493506494 0.015873015873015872
2 0.538961038961039 0.18253968253968253 0.00909090909090909 0.014285714285714285
2 0.5324675324675324 0.1746031746031746 0.005194805194805195 0.012698412698412698
2 0.4909090909090909 0.09206349206349207 0.0012987012987012987 0.007936507936507936
2 0.4974025974025974 0.08888888888888889 0.0025974025974025974 0.004761904761904762
2 0.4857142857142857 0.10317460317460317 0.005194805194805195 0.009523809523809525
2 0.5025974025974026 0.10634920634920635 0.003896103896103896 0.012698412698412698
2 0.4948051948051948 0.10952380952380952 0.003896103896103896 0.007936507936507936
2 0.5051948051948052 0.11587301587301588 0.005194805194805195 0.012698412698412698
0 0.5 0.09206349206349207 0.015584415584415584 0.011111111111111112
3 0.4688311688311688 0.10793650793650794 0.02207792207792208 0.0380952380952381
1 0.4831168831168831 0.1126984126984127 0.015584415584415584 0.015873015873015872
1 0.4922077922077922 0.10476190476190476 0.00909090909090909 0.01746031746031746
1 0.461038961038961 0.12857142857142856 0.012987012987012988 0.011111111111111112
1 0.4623376623376623 0.14285714285714285 0.01948051948051948 0.014285714285714285
1 0.45714285714285713 0.1634920634920635 0.011688311688311689 0.01746031746031746
1 0.4805194805194805 0.1365079365079365 0.01038961038961039 0.012698412698412698
1 0.4961038961038961 0.12222222222222222 0.015584415584415584 0.012698412698412698
1 0.4766233766233766 0.12063492063492064 0.012987012987012988 0.011111111111111112
1 0.4636363636363636 0.16666666666666666 0.016883116883116882 0.01746031746031746
1 0.4584415584415584 0.18253968253968253 0.01948051948051948 0.020634920634920634
1 0.4935064935064935 0.1523809523809524 0.01038961038961039 0.01904761904761905
1 0.522077922077922 0.173015873015873 0.01818181818181818 0.03492063492063492
1 0.487012987012987 0.17142857142857143 0.011688311688311689 0.012698412698412698
1 0.4675324675324675 0.20317460317460317 0.01948051948051948 0.025396825396825397
1 0.5038961038961038 0.19682539682539682 0.016883116883116882 0.026984126984126985
1 0.512987012987013 0.20634920634920634 0.02077922077922078 0.025396825396825397
1 0.5363636363636364 0.22063492063492063 0.015584415584415584 0.031746031746031744
1 0.5558441558441558 0.2365079365079365 0.01818181818181818 0.031746031746031744
1 0.5272727272727272 0.2492063492063492 0.023376623376623377 0.0380952380952381
1 0.5142857142857142 0.22857142857142856 0.01948051948051948 0.025396825396825397
1 0.474025974025974 0.21904761904761905 0.023376623376623377 0.025396825396825397
1 0.4805194805194805 0.2396825396825397 0.02077922077922078 0.03333333333333333
1 0.4857142857142857 0.25555555555555554 0.023376623376623377 0.03650793650793651
1 0.4909090909090909 0.28253968253968254 0.023376623376623377 0.031746031746031744
1 0.4935064935064935 0.31746031746031744 0.033766233766233764 0.06031746031746032
1 0.5337662337662338 0.3 0.02857142857142857 0.046031746031746035
0 0.5987012987012987 0.30793650793650795 0.07792207792207792 0.15714285714285714
1 0.551948051948052 0.346031746031746 0.033766233766233764 0.05238095238095238
1 0.5142857142857142 0.3523809523809524 0.02987012987012987 0.06031746031746032
1 0.5597402597402598 0.39365079365079364 0.04025974025974026 0.0746031746031746
1 0.512987012987013 0.4 0.05454545454545454 0.10317460317460317
1 0.5805194805194805 0.4380952380952381 0.05584415584415584 0.09682539682539683
1 0.638961038961039 0.4396825396825397 0.04415584415584416 0.09523809523809523
1 0.5948051948051948 0.5095238095238095 0.06623376623376623 0.11428571428571428
1 0.538961038961039 0.5476190476190477 0.06103896103896104 0.14444444444444443
1 0.6805194805194805 0.5238095238095238 0.08051948051948052 0.16031746031746033
1 0.6350649350649351 0.6095238095238096 0.08181818181818182 0.1761904761904762
1 0.5402597402597402 0.7206349206349206 0.08311688311688312 0.21428571428571427
1 0.6181818181818182 0.9301587301587302 0.1 0.1380952380952381
1 0.7181818181818181 0.8603174603174604 0.13246753246753246 0.27936507936507937