2 0.9844155844155844 0.9746031746031746 0.03116883116883117 0.050793650793650794
2 0.938961038961039 0.9761904761904762 0.033766233766233764 0.044444444444444446
2 0.9597402597402598 0.8920634920634921 0.05194805194805195 0.1365079365079365
2 0.9441558441558442 0.9111111111111111 0.03766233766233766 0.10793650793650794
2 0.8987012987012987 0.9 0.032467532467532464 0.09365079365079365
2 0.8662337662337662 0.9047619047619048 0.02857142857142857 0.08412698412698413
2 0.8558441558441559 0.8253968253968254 0.033766233766233764 0.13015873015873017
2 0.8441558441558441 0.8476190476190476 0.032467532467532464 0.11587301587301588
2 0.8155844155844156 0.8968253968253969 0.04025974025974026 0.10476190476190476
2 0.787012987012987 0.8412698412698413 0.04285714285714286 0.15555555555555556
2 0.7506493506493507 0.861904761904762 0.05194805194805195 0.16031746031746033
2 0.7961038961038961 0.6841269841269841 0.032467532467532464 0.12063492063492064
2 0.8246753246753247 0.7412698412698413 0.03766233766233766 0.10952380952380952
2 0.7610389610389611 0.6111111111111112 0.02857142857142857 0.04126984126984127
2 0.7441558441558441 0.5825396825396826 0.023376623376623377 0.04285714285714286
2 0.7207792207792207 0.6015873015873016 0.023376623376623377 0.05238095238095238
2 0.6987012987012987 0.6206349206349207 0.02727272727272727 0.09206349206349207
2 0.6766233766233766 0.6333333333333333 0.02857142857142857 0.05238095238095238
2 0.6454545454545455 0.6317460317460317 0.023376623376623377 0.06349206349206349
2 0.6545454545454545 0.6158730158730159 0.02857142857142857 0.08888888888888889
2 0.6493506493506493 0.5682539682539682 0.01948051948051948 0.050793650793650794
2 0.6376623376623377 0.5492063492063493 0.015584415584415584 0.07142857142857142
2 0.6792207792207792 0.5714285714285714 0.02727272727272727 0.0746031746031746
2 0.687012987012987 0.5412698412698412 0.01948051948051948 0.06190476190476191
2 0.6480519480519481 0.5126984126984127 0.015584415584415584 0.03492063492063492
2 0.7090909090909091 0.5142857142857142 0.023376623376623377 0.08888888888888889
2 0.6935064935064935 0.4888888888888889 0.014285714285714285 0.050793650793650794
2 0.6909090909090909 0.4603174603174603 0.011688311688311689 0.044444444444444446
2 0.6857142857142857 0.43333333333333335 0.00909090909090909 0.022222222222222223
2 0.5558441558441558 0.45396825396825397 0.02077922077922078 0.06507936507936508
2 0.538961038961039 0.48412698412698413 0.016883116883116882 0.050793650793650794
2 0.5506493506493506 0.5301587301587302 0.023376623376623377 0.06349206349206349
2 0.5337662337662338 0.5412698412698412 0.015584415584415584 0.04285714285714286
2 0.5207792207792208 0.5174603174603175 0.02077922077922078 0.06666666666666667
2 0.5077922077922078 0.5015873015873016 0.01948051948051948 0.07301587301587302
2 0.4974025974025974 0.5619047619047619 0.01818181818181818 0.08571428571428572
2 0.4883116883116883 0.5253968253968254 0.01818181818181818 0.08095238095238096
2 0.5207792207792208 0.47619047619047616 0.02077922077922078 0.049206349206349205
2 0.574025974025974 0.3603174603174603 0.014285714285714285 0.0380952380952381
2 0.625974025974026 0.3619047619047619 0.01948051948051948 0.05396825396825397
2 0.6064935064935065 0.3333333333333333 0.01038961038961039 0.01904761904761905
2 0.5896103896103896 0.33650793650793653 0.01038961038961039 0.04285714285714286
2 0.577922077922078 0.346031746031746 0.012987012987012988 0.04285714285714286
2 0.5701298701298702 0.3126984126984127 0.01948051948051948 0.0380952380952381
2 0.5844155844155844 0.3142857142857143 0.015584415584415584 0.03650793650793651
2 0.5987012987012987 0.3111111111111111 0.015584415584415584 0.047619047619047616
2 0.5883116883116883 0.2698412698412698 0.01038961038961039 0.020634920634920634
2 0.5792207792207792 0.26031746031746034 0.01038961038961039 0.011111111111111112
2 0.5467532467532468 0.28253968253968254 0.012987012987012988 0.026984126984126985
2 0.5402597402597402 0.2619047619047619 0.012987012987012988 0.02857142857142857
2 0.5311688311688312 0.24444444444444444 0.015584415584415584 0.02857142857142857
2 0.5194805194805194 0.24603174603174602 0.011688311688311689 0.02857142857142857
2 0.5064935064935064 0.22857142857142856 0.01038961038961039 0.022222222222222223
2 0.5233766233766234 0.22698412698412698 0.01038961038961039 0.03015873015873016
2 0.5142857142857142 0.22380952380952382 0.011688311688311689 0.022222222222222223
2 0.5714285714285714 0.24761904761904763 0.011688311688311689 0.02857142857142857
2 0.5623376623376624 0.23015873015873015 0.007792207792207792 0.026984126984126985
2 0.5571428571428572 0.22063492063492063 0.007792207792207792 0.022222222222222223
2 0.5467532467532468 0.21587301587301588 0.01038961038961039 0.022222222222222223
2 0.5467532467532468 0.20476190476190476 0.00909090909090909 0.01904761904761905
2 0.538961038961039 0.20952380952380953 0.00909090909090909 0.01904761904761905
2 0.5337662337662338 0.20476190476190476 0.006493506493506494 0.015873015873015872
2 0.5272727272727272 0.20476190476190476 0.006493506493506494 0.012698412698412698
2 0.4792207792207792 0.173015873015873 0.005194805194805195 0.01746031746031746
2 0.4818181818181818 0.19047619047619047 0.01038961038961039 0.015873015873015872
2 0.5012987012987012 0.19047619047619047 0.01038961038961039 0.011111111111111112
2 0.4948051948051948 0.1873015873015873 0.007792207792207792 0.015873015873015872
2 0.487012987012987 0.18412698412698414 0.005194805194805195 0.014285714285714285
2 0.4948051948051948 0.1984126984126984 0.01038961038961039 0.014285714285714285
2 0.5181818181818182 0.15396825396825398 0.005194805194805195 0.007936507936507936
2 0.5194805194805194 0.15873015873015872 0.00909090909090909 0.011111111111111112
2 0.5194805194805194 0.16984126984126985 0.005194805194805195 0.012698412698412698
2 0.5038961038961038 0.1761904761904762 0.005194805194805195 0.015873015873015872
2 0.5116883116883116 0.17936507936507937 0.006493506493506494 0.015873015873015872
2 0.5181818181818182 0.1984126984126984 0.007792207792207792 0.020634920634920634
2 0.5311688311688312 0.17777777777777778 0.007792207792207792 0.011111111111111112
2 0.5246753246753246 0.1761904761904762 0.006493506493506494 0.01746031746031746
2 0.4714285714285714 0.16031746031746033 0.003896103896103896 0.014285714285714285
2 0.4948051948051948 0.1492063492063492 0.006493506493506494 0.012698412698412698
2 0.4987012987012987 0.1492063492063492 0.006493506493506494 0.014285714285714285
2 0.4922077922077922 0.14285714285714285 0.003896103896103896 0.012698412698412698
2 0.4909090909090909 0.1349206349206349 0.006493506493506494 0.012698412698412698
2 0.474025974025974 0.14444444444444443 0.003896103896103896 0.012698412698412698
2 0.4753246753246753 0.1523809523809524 0.005194805194805195 0.014285714285714285
2 0.5103896103896104 0.13333333333333333 0.006493506493506494 0.011111111111111112
2 0.5051948051948052 0.1126984126984127 0.003896103896103896 0.009523809523809525
2 0.5 0.1126984126984127 0.0025974025974025974 0.007936507936507936
2 0.4753246753246753 0.12698412698412698 0.006493506493506494 0.011111111111111112
2 0.4987012987012987 0.09206349206349207 0.003896103896103896 0.006349206349206349
2 0.5051948051948052 0.09047619047619047 0.003896103896103896 0.007936507936507936
2 0.5077922077922078 0.08888888888888889 0.0025974025974025974 0.007936507936507936
0 0.4857142857142857 0.10317460317460317 0.011688311688311689 0.012698412698412698
1 0.5 0.1 0.01038961038961039 0.007936507936507936
1 0.4961038961038961 0.10634920634920635 0.00909090909090909 0.004761904761904762
1 0.4948051948051948 0.11428571428571428 0.01038961038961039 0.009523809523809525
1 0.4883116883116883 0.12380952380952381 0.007792207792207792 0.011111111111111112
1 0.5038961038961038 0.12380952380952381 0.01038961038961039 0.006349206349206349
1 0.4974025974025974 0.1349206349206349 0.00909090909090909 0.011111111111111112
1 0.5077922077922078 0.14126984126984127 0.011688311688311689 0.004761904761904762
1 0.5064935064935064 0.1523809523809524 0.014285714285714285 0.014285714285714285
1 0.4818181818181818 0.11428571428571428 0.01038961038961039 0.007936507936507936
1 0.4727272727272727 0.10952380952380952 0.01038961038961039 0.006349206349206349
1 0.4623376623376623 0.11904761904761904 0.01038961038961039 0.015873015873015872
1 0.4636363636363636 0.13174603174603175 0.011688311688311689 0.014285714285714285
1 0.4636363636363636 0.14285714285714285 0.012987012987012988 0.014285714285714285
3 0.4636363636363636 0.17142857142857143 0.01948051948051948 0.03650793650793651
1 0.4818181818181818 0.13333333333333333 0.01038961038961039 0.007936507936507936
1 0.4831168831168831 0.13968253968253969 0.016883116883116882 0.004761904761904762
1 0.4844155844155844 0.15079365079365079 0.014285714285714285 0.014285714285714285
1 0.4818181818181818 0.16666666666666666 0.012987012987012988 0.01746031746031746
1 0.4961038961038961 0.1619047619047619 0.01038961038961039 0.012698412698412698
1 0.5064935064935064 0.16825396825396827 0.014285714285714285 0.01904761904761905
1 0.4922077922077922 0.173015873015873 0.01038961038961039 0.012698412698412698
1 0.4675324675324675 0.18412698412698414 0.02077922077922078 0.014285714285714285
1 0.4649350649350649 0.2126984126984127 0.02207792207792208 0.0380952380952381
1 0.5038961038961038 0.20952380952380953 0.016883116883116882 0.026984126984126985
1 0.5363636363636364 0.19206349206349208 0.01818181818181818 0.020634920634920634
1 0.5363636363636364 0.2222222222222222 0.01948051948051948 0.026984126984126985
1 0.5493506493506494 0.2492063492063492 0.023376623376623377 0.03650793650793651
3 0.4935064935064935 0.2984126984126984 0.07142857142857142 0.19523809523809524
1 0.5311688311688312 0.273015873015873 0.016883116883116882 0.02857142857142857
1 0.5584415584415584 0.2761904761904762 0.02857142857142857 0.047619047619047616
1 0.5441558441558442 0.3142857142857143 0.03636363636363636 0.05238095238095238
1 0.574025974025974 0.2984126984126984 0.03766233766233766 0.05714285714285714
1 0.5493506493506494 0.35079365079365077 0.046753246753246755 0.06031746031746032
1 0.6051948051948052 0.37777777777777777 0.04155844155844156 0.07777777777777778
1 0.551948051948052 0.39206349206349206 0.04155844155844156 0.0746031746031746
3 0.6532467532467533 0.4507936507936508 0.07012987012987013 0.1619047619047619
1 0.5922077922077922 0.4396825396825397 0.06103896103896104 0.1111111111111111
1 0.5818181818181818 0.49047619047619045 0.06103896103896104 0.11904761904761904
1 0.5272727272727272 0.6301587301587301 0.06623376623376623 0.16507936507936508
1 0.6012987012987013 0.5666666666666667 0.07532467532467532 0.10476190476190476
1 0.7519480519480519 0.7111111111111111 0.11168831168831168 0.19047619047619047
1 0.687012987012987 0.7619047619047619 0.09350649350649351 0.22063492063492063
3 0.5987012987012987 0.7873015873015873 0.14285714285714285 0.4253968253968254
3 0.7883116883116883 0.9349206349206349 0.16623376623376623 0.12857142857142856
1 0.9 0.9650793650793651 0.08181818181818182 0.06984126984126984