3 0.5142857142857142 0.1873015873015873 0.025974025974025976 0.06666666666666667
3 0.561038961038961 0.32222222222222224 0.04415584415584416 0.10793650793650794
1 0.5064935064935064 0.35873015873015873 0.04155844155844156 0.06984126984126984
1 0.525974025974026 0.526984126984127 0.053246753246753244 0.1253968253968254
1 0.7194805194805195 0.8269841269841269 0.1012987012987013 0.24285714285714285
1 0.4766233766233766 0.25555555555555554 0.023376623376623377 0.046031746031746035
1 0.5155844155844156 0.2634920634920635 0.025974025974025976 0.05396825396825397
1 0.4766233766233766 0.19047619047619047 0.01818181818181818 0.031746031746031744
1 0.4662337662337662 0.1634920634920635 0.012987012987012988 0.023809523809523808
2 0.461038961038961 0.13968253968253969 0.005194805194805195 0.015873015873015872
2 0.4883116883116883 0.1253968253968254 0.003896103896103896 0.01904761904761905
1 0.4948051948051948 0.12698412698412698 0.00909090909090909 0.020634920634920634
3 0.4727272727272727 0.12380952380952381 0.00909090909090909 0.020634920634920634
2 0.9753246753246754 0.6777777777777778 0.024675324675324677 0.11746031746031746
2 0.8012987012987013 0.7444444444444445 0.03636363636363636 0.11428571428571428
2 0.7948051948051948 0.8587301587301587 0.04155844155844156 0.14285714285714285
2 0.8961038961038961 0.9222222222222223 0.1038961038961039 0.15555555555555556
2 0.6402597402597403 0.9428571428571428 0.03636363636363636 0.11428571428571428
2 0.5857142857142857 0.8603174603174604 0.04285714285714286 0.1761904761904762
2 0.5584415584415584 0.6777777777777778 0.02727272727272727 0.13333333333333333
2 0.6142857142857143 0.6857142857142857 0.03116883116883117 0.13333333333333333
2 0.6233766233766234 0.6126984126984127 0.023376623376623377 0.12857142857142856
2 0.577922077922078 0.5301587301587302 0.02077922077922078 0.10476190476190476
2 0.5857142857142857 0.4174603174603175 0.016883116883116882 0.07777777777777778
2 0.4961038961038961 0.43492063492063493 0.01948051948051948 0.0746031746031746
2 0.6337662337662338 0.5317460317460317 0.01818181818181818 0.08571428571428572
2 0.6532467532467533 0.5190476190476191 0.01948051948051948 0.08095238095238096
2 0.6779220779220779 0.6 0.023376623376623377 0.10476190476190476
2 0.687012987012987 0.546031746031746 0.01948051948051948 0.09206349206349207
2 0.6935064935064935 0.5158730158730159 0.016883116883116882 0.07301587301587302
2 0.7077922077922078 0.6571428571428571 0.023376623376623377 0.09682539682539683
2 0.7311688311688311 0.5904761904761905 0.023376623376623377 0.09523809523809523
2 0.7467532467532467 0.6746031746031746 0.023376623376623377 0.11746031746031746
2 0.6454545454545455 0.4650793650793651 0.01818181818181818 0.07301587301587302
2 0.6623376623376623 0.4634920634920635 0.016883116883116882 0.08095238095238096
2 0.6285714285714286 0.41904761904761906 0.02207792207792208 0.06984126984126984
2 0.6285714285714286 0.36984126984126986 0.016883116883116882 0.05714285714285714
2 0.6155844155844156 0.35555555555555557 0.012987012987012988 0.05396825396825397
2 0.612987012987013 0.33015873015873015 0.011688311688311689 0.02857142857142857
2 0.5961038961038961 0.34285714285714286 0.014285714285714285 0.05873015873015873
2 0.5974025974025974 0.3142857142857143 0.01038961038961039 0.03968253968253968
2 0.6025974025974026 0.3126984126984127 0.007792207792207792 0.044444444444444446
2 0.5714285714285714 0.2761904761904762 0.01038961038961039 0.03333333333333333
2 0.5766233766233766 0.2650793650793651 0.01038961038961039 0.03492063492063492
2 0.5363636363636364 0.2492063492063492 0.011688311688311689 0.04285714285714286
2 0.5571428571428572 0.23809523809523808 0.00909090909090909 0.03333333333333333
2 0.548051948051948 0.2222222222222222 0.011688311688311689 0.0380952380952381
2 0.5324675324675324 0.21904761904761905 0.00909090909090909 0.026984126984126985
2 0.5363636363636364 0.20793650793650795 0.006493506493506494 0.025396825396825397
2 0.5415584415584416 0.2015873015873016 0.007792207792207792 0.023809523809523808
2 0.5324675324675324 0.19047619047619047 0.007792207792207792 0.026984126984126985
2 0.4779220779220779 0.21904761904761905 0.007792207792207792 0.026984126984126985
2 0.4909090909090909 0.21587301587301588 0.01038961038961039 0.031746031746031744
2 0.4909090909090909 0.23809523809523808 0.00909090909090909 0.03650793650793651
2 0.4636363636363636 0.20476190476190476 0.007792207792207792 0.03492063492063492
2 0.4857142857142857 0.18412698412698414 0.006493506493506494 0.026984126984126985
2 0.45714285714285713 0.15396825396825398 0.006493506493506494 0.023809523809523808
2 0.4792207792207792 0.16031746031746033 0.003896103896103896 0.020634920634920634
2 0.4857142857142857 0.15555555555555556 0.005194805194805195 0.020634920634920634
2 0.4649350649350649 0.14603174603174604 0.003896103896103896 0.012698412698412698
2 0.4688311688311688 0.14603174603174604 0.003896103896103896 0.012698412698412698
2 0.474025974025974 0.1492063492063492 0.003896103896103896 0.01746031746031746
2 0.4818181818181818 0.14603174603174604 0.003896103896103896 0.011111111111111112
2 0.4779220779220779 0.10793650793650794 0.005194805194805195 0.015873015873015872
2 0.4805194805194805 0.10476190476190476 0.005194805194805195 0.014285714285714285
2 0.487012987012987 0.1111111111111111 0.003896103896103896 0.012698412698412698
2 0.4857142857142857 0.10158730158730159 0.003896103896103896 0.014285714285714285
2 0.4831168831168831 0.13015873015873017 0.003896103896103896 0.01904761904761905
2 0.4857142857142857 0.31587301587301586 0.011688311688311689 0.04285714285714286
2 0.5116883116883116 0.31587301587301586 0.012987012987012988 0.031746031746031744
2 0.4909090909090909 0.1523809523809524 0.003896103896103896 0.023809523809523808
2 0.5038961038961038 0.12857142857142856 0.003896103896103896 0.014285714285714285
2 0.5025974025974026 0.13174603174603175 0.0025974025974025974 0.015873015873015872
2 0.5077922077922078 0.13174603174603175 0.005194805194805195 0.020634920634920634
2 0.5116883116883116 0.14126984126984127 0.005194805194805195 0.014285714285714285
2 0.4948051948051948 0.11428571428571428 0.003896103896103896 0.012698412698412698
1 0.4935064935064935 0.10158730158730159 0.006493506493506494 0.011111111111111112
3 0.5025974025974026 0.09047619047619047 0.006493506493506494 0.014285714285714285
2 0.5038961038961038 0.11746031746031746 0.005194805194805195 0.01746031746031746
2 0.5077922077922078 0.1126984126984127 0.003896103896103896 0.020634920634920634