1 0.6025974025974026 0.9333333333333333 0.09220779220779221 0.13174603174603175
1 0.8324675324675325 0.8714285714285714 0.11168831168831168 0.2492063492063492
1 0.5818181818181818 0.8126984126984127 0.1025974025974026 0.16666666666666666
1 0.7181818181818181 0.7841269841269841 0.14545454545454545 0.2619047619047619
1 0.7649350649350649 0.7 0.11038961038961038 0.21428571428571427
1 0.551948051948052 0.6634920634920635 0.08311688311688312 0.21428571428571427
1 0.6025974025974026 0.5349206349206349 0.06103896103896104 0.14126984126984127
1 0.5909090909090909 0.4126984126984127 0.06363636363636363 0.10793650793650794
1 0.4792207792207792 0.21904761904761905 0.032467532467532464 0.044444444444444446
1 0.4883116883116883 0.1634920634920635 0.02727272727272727 0.046031746031746035
2 0.4909090909090909 0.14285714285714285 0.02077922077922078 0.03333333333333333
1 0.4909090909090909 0.11904761904761904 0.02207792207792208 0.03333333333333333
3 0.5077922077922078 0.3238095238095238 0.06623376623376623 0.20952380952380953
2 0.512987012987013 0.22063492063492063 0.01818181818181818 0.0380952380952381
2 0.509090909090909 0.19523809523809524 0.025974025974025976 0.026984126984126985
2 0.525974025974026 0.17142857142857143 0.024675324675324677 0.02857142857142857
2 0.535064935064935 0.2 0.01948051948051948 0.020634920634920634
2 0.5597402597402598 0.25555555555555554 0.02727272727272727 0.0380952380952381
2 0.548051948051948 0.2222222222222222 0.015584415584415584 0.02857142857142857
2 0.5844155844155844 0.2857142857142857 0.02077922077922078 0.049206349206349205
2 0.5948051948051948 0.33650793650793653 0.01818181818181818 0.05555555555555555
2 0.6038961038961039 0.3825396825396825 0.02207792207792208 0.06349206349206349
2 0.6311688311688312 0.40793650793650793 0.02857142857142857 0.06190476190476191
2 0.6194805194805195 0.36984126984126986 0.015584415584415584 0.06031746031746032
2 0.6415584415584416 0.3761904761904762 0.02207792207792208 0.03968253968253968
3 0.6909090909090909 0.5206349206349207 0.12337662337662338 0.2111111111111111
2 0.6506493506493507 0.4015873015873016 0.02077922077922078 0.047619047619047616
2 0.7584415584415585 0.5333333333333333 0.02727272727272727 0.0761904761904762
2 0.6584415584415585 0.6301587301587301 0.02857142857142857 0.06349206349206349
2 0.6103896103896104 0.6412698412698413 0.033766233766233764 0.11904761904761904
2 0.6220779220779221 0.7222222222222222 0.04285714285714286 0.1126984126984127
2 0.5233766233766234 0.7634920634920634 0.05584415584415584 0.15714285714285714
2 0.509090909090909 0.8984126984126984 0.033766233766233764 0.12380952380952381
2 0.5038961038961038 0.9714285714285714 0.03636363636363636 0.05714285714285714
2 0.6766233766233766 0.9650793650793651 0.03896103896103896 0.06984126984126984
2 0.7818181818181819 0.9666666666666667 0.05194805194805195 0.06666666666666667
3 0.5311688311688312 0.4523809523809524 0.06493506493506493 0.15396825396825398