1 0.5727272727272728 0.919047619047619 0.11168831168831168 0.16031746031746033
1 0.7896103896103897 0.9698412698412698 0.10649350649350649 0.06031746031746032
2 0.8350649350649351 0.9238095238095239 0.04155844155844156 0.1380952380952381
2 0.8571428571428571 0.8936507936507937 0.045454545454545456 0.14761904761904762
2 0.7727272727272727 0.7206349206349206 0.03896103896103896 0.1634920634920635
2 0.5363636363636364 0.5777777777777777 0.025974025974025976 0.0746031746031746
2 0.5402597402597402 0.5063492063492063 0.024675324675324677 0.1
2 0.5792207792207792 0.5936507936507937 0.03766233766233766 0.13174603174603175
2 0.6298701298701299 0.5841269841269842 0.024675324675324677 0.11428571428571428
2 0.7077922077922078 0.5841269841269842 0.032467532467532464 0.09365079365079365
1 0.5467532467532468 0.7126984126984127 0.09350649350649351 0.23015873015873015
1 0.6896103896103896 0.692063492063492 0.10649350649350649 0.19365079365079366
2 0.612987012987013 0.43492063492063493 0.014285714285714285 0.050793650793650794
2 0.6064935064935065 0.40634920634920635 0.02207792207792208 0.05396825396825397
2 0.625974025974026 0.4301587301587302 0.01948051948051948 0.08412698412698413
2 0.6363636363636364 0.4015873015873016 0.01948051948051948 0.08412698412698413
2 0.6064935064935065 0.3761904761904762 0.01948051948051948 0.044444444444444446
1 0.6 0.4873015873015873 0.06623376623376623 0.13333333333333333
2 0.6623376623376623 0.5333333333333333 0.032467532467532464 0.10793650793650794
2 0.6857142857142857 0.5222222222222223 0.023376623376623377 0.09682539682539683
2 0.6727272727272727 0.46984126984126984 0.023376623376623377 0.06507936507936508
2 0.5662337662337662 0.33015873015873015 0.016883116883116882 0.046031746031746035
2 0.5623376623376624 0.29523809523809524 0.012987012987012988 0.03492063492063492
2 0.5493506493506494 0.28888888888888886 0.014285714285714285 0.044444444444444446
2 0.5844155844155844 0.3 0.012987012987012988 0.026984126984126985
2 0.574025974025974 0.2904761904761905 0.01038961038961039 0.04285714285714286
2 0.5974025974025974 0.29365079365079366 0.012987012987012988 0.031746031746031744
2 0.587012987012987 0.28888888888888886 0.01038961038961039 0.03333333333333333
2 0.5831168831168831 0.27936507936507937 0.00909090909090909 0.03015873015873016
2 0.5077922077922078 0.23333333333333334 0.01038961038961039 0.04285714285714286
1 0.5974025974025974 0.33650793650793653 0.04285714285714286 0.0746031746031746
1 0.5558441558441558 0.373015873015873 0.04285714285714286 0.07777777777777778
3 0.4948051948051948 0.32222222222222224 0.048051948051948054 0.1380952380952381
1 0.5376623376623376 0.3126984126984127 0.032467532467532464 0.06666666666666667
1 0.4844155844155844 0.2714285714285714 0.02857142857142857 0.044444444444444446
1 0.535064935064935 0.24285714285714285 0.03116883116883117 0.05555555555555555
3 0.4857142857142857 0.21904761904761905 0.03116883116883117 0.0746031746031746
1 0.5064935064935064 0.21587301587301588 0.02077922077922078 0.05238095238095238
1 0.4688311688311688 0.19523809523809524 0.01948051948051948 0.03650793650793651
1 0.5064935064935064 0.21587301587301588 0.023376623376623377 0.049206349206349205
3 0.4688311688311688 0.1619047619047619 0.02207792207792208 0.047619047619047616
1 0.5233766233766234 0.20317460317460317 0.02077922077922078 0.04126984126984127
2 0.5376623376623376 0.2015873015873016 0.00909090909090909 0.03333333333333333
2 0.5077922077922078 0.18095238095238095 0.01038961038961039 0.03333333333333333
2 0.5207792207792208 0.17936507936507937 0.007792207792207792 0.023809523809523808
2 0.5155844155844156 0.1761904761904762 0.006493506493506494 0.026984126984126985
2 0.4844155844155844 0.16825396825396827 0.011688311688311689 0.031746031746031744
2 0.5077922077922078 0.1523809523809524 0.005194805194805195 0.022222222222222223
2 0.5116883116883116 0.1492063492063492 0.005194805194805195 0.01746031746031746
2 0.5168831168831168 0.15079365079365079 0.006493506493506494 0.020634920634920634
2 0.4961038961038961 0.16031746031746033 0.006493506493506494 0.014285714285714285
2 0.474025974025974 0.1253968253968254 0.006493506493506494 0.015873015873015872
2 0.4961038961038961 0.14603174603174604 0.003896103896103896 0.023809523809523808
2 0.5012987012987012 0.14444444444444443 0.006493506493506494 0.025396825396825397
2 0.4909090909090909 0.13333333333333333 0.005194805194805195 0.020634920634920634
2 0.5064935064935064 0.13174603174603175 0.007792207792207792 0.022222222222222223
2 0.4987012987012987 0.13015873015873017 0.007792207792207792 0.01904761904761905
2 0.5025974025974026 0.1126984126984127 0.005194805194805195 0.015873015873015872
2 0.5064935064935064 0.11587301587301588 0.006493506493506494 0.01904761904761905
2 0.4818181818181818 0.10952380952380952 0.007792207792207792 0.01746031746031746
2 0.5025974025974026 0.1 0.005194805194805195 0.014285714285714285
1 0.4974025974025974 0.09523809523809523 0.011688311688311689 0.011111111111111112
1 0.4948051948051948 0.10158730158730159 0.01038961038961039 0.011111111111111112
1 0.4831168831168831 0.09841269841269841 0.01038961038961039 0.01746031746031746
1 0.4714285714285714 0.1126984126984127 0.011688311688311689 0.023809523809523808
1 0.4909090909090909 0.1126984126984127 0.00909090909090909 0.020634920634920634
1 0.4662337662337662 0.12698412698412698 0.012987012987012988 0.014285714285714285
1 0.4844155844155844 0.13333333333333333 0.01038961038961039 0.015873015873015872
1 0.4857142857142857 0.15714285714285714 0.014285714285714285 0.02857142857142857
1 0.4974025974025974 0.17936507936507937 0.016883116883116882 0.03333333333333333