1 0.7090909090909091 0.8476190476190476 0.13636363636363635 0.2777777777777778
2 0.6532467532467533 0.9619047619047619 0.033766233766233764 0.0761904761904762
2 0.7844155844155845 0.9031746031746032 0.03766233766233766 0.12222222222222222
2 0.8324675324675325 0.9444444444444444 0.032467532467532464 0.0761904761904762
2 0.8285714285714286 0.8920634920634921 0.02207792207792208 0.07142857142857142
2 0.8623376623376623 0.873015873015873 0.03896103896103896 0.15396825396825398
2 0.9012987012987013 0.9492063492063492 0.03896103896103896 0.1
2 0.9168831168831169 0.9333333333333333 0.03116883116883117 0.09523809523809523
2 0.9584415584415584 0.9666666666666667 0.03766233766233766 0.06666666666666667
2 0.9025974025974026 0.8571428571428571 0.04935064935064935 0.11587301587301588
2 0.8155844155844156 0.8126984126984127 0.03636363636363636 0.08571428571428572
2 0.8311688311688312 0.7888888888888889 0.032467532467532464 0.11428571428571428
2 0.7831168831168831 0.7825396825396825 0.03506493506493506 0.1111111111111111
2 0.7532467532467533 0.773015873015873 0.02987012987012987 0.10476190476190476
2 0.7519480519480519 0.7063492063492064 0.02857142857142857 0.1126984126984127
2 0.7246753246753247 0.726984126984127 0.02727272727272727 0.09841269841269841
2 0.7818181818181819 0.7317460317460317 0.02857142857142857 0.08571428571428572
2 0.7961038961038961 0.7015873015873015 0.02987012987012987 0.09841269841269841
2 0.7688311688311689 0.6555555555555556 0.02077922077922078 0.06031746031746032
2 0.7805194805194805 0.6349206349206349 0.023376623376623377 0.06984126984126984
2 0.6844155844155844 0.6682539682539682 0.04155844155844156 0.1126984126984127
2 0.7389610389610389 0.5952380952380952 0.02077922077922078 0.06507936507936508
1 0.6922077922077922 0.5920634920634921 0.08571428571428572 0.18412698412698414
2 0.7168831168831169 0.5365079365079365 0.02727272727272727 0.08571428571428572
2 0.6428571428571429 0.5349206349206349 0.02857142857142857 0.06984126984126984
2 0.6779220779220779 0.5 0.016883116883116882 0.031746031746031744
2 0.6753246753246753 0.4793650793650794 0.023376623376623377 0.05714285714285714
2 0.6766233766233766 0.4396825396825397 0.01818181818181818 0.05873015873015873
1 0.6376623376623377 0.4666666666666667 0.05454545454545454 0.1111111111111111
2 0.6532467532467533 0.42857142857142855 0.01948051948051948 0.047619047619047616
2 0.6597402597402597 0.4158730158730159 0.016883116883116882 0.06190476190476191
2 0.6038961038961039 0.4142857142857143 0.012987012987012988 0.05238095238095238
2 0.6441558441558441 0.3888888888888889 0.01818181818181818 0.06349206349206349
1 0.6103896103896104 0.38571428571428573 0.05064935064935065 0.07777777777777778
2 0.6311688311688312 0.35555555555555557 0.01948051948051948 0.06031746031746032
2 0.6376623376623377 0.36507936507936506 0.01818181818181818 0.049206349206349205
2 0.6181818181818182 0.319047619047619 0.02077922077922078 0.05238095238095238
1 0.5025974025974026 0.3873015873015873 0.04025974025974026 0.06031746031746032
2 0.5272727272727272 0.36984126984126986 0.01948051948051948 0.047619047619047616
1 0.4974025974025974 0.34285714285714286 0.03766233766233766 0.06507936507936508
2 0.5077922077922078 0.326984126984127 0.014285714285714285 0.05238095238095238
2 0.5233766233766234 0.33015873015873015 0.01038961038961039 0.031746031746031744
2 0.5337662337662338 0.32857142857142857 0.011688311688311689 0.046031746031746035
2 0.5246753246753246 0.30793650793650795 0.007792207792207792 0.020634920634920634
2 0.4792207792207792 0.326984126984127 0.012987012987012988 0.04126984126984127
1 0.4883116883116883 0.2904761904761905 0.033766233766233764 0.0380952380952381
2 0.5142857142857142 0.28888888888888886 0.00909090909090909 0.04126984126984127
2 0.4935064935064935 0.23809523809523808 0.016883116883116882 0.031746031746031744
1 0.5584415584415584 0.3047619047619048 0.03896103896103896 0.046031746031746035
2 0.5727272727272728 0.2968253968253968 0.016883116883116882 0.04285714285714286
2 0.5805194805194805 0.28888888888888886 0.006493506493506494 0.02857142857142857
1 0.5987012987012987 0.3253968253968254 0.03766233766233766 0.05555555555555555
2 0.5896103896103896 0.28888888888888886 0.006493506493506494 0.02857142857142857
2 0.5961038961038961 0.2857142857142857 0.007792207792207792 0.03492063492063492
1 0.5597402597402598 0.25555555555555554 0.024675324675324677 0.044444444444444446
2 0.5558441558441558 0.2698412698412698 0.007792207792207792 0.03015873015873016
2 0.5805194805194805 0.2571428571428571 0.01038961038961039 0.022222222222222223
2 0.548051948051948 0.25873015873015875 0.007792207792207792 0.025396825396825397
2 0.5714285714285714 0.23809523809523808 0.006493506493506494 0.023809523809523808
1 0.5493506493506494 0.23015873015873015 0.025974025974025976 0.044444444444444446
2 0.5376623376623376 0.24126984126984127 0.005194805194805195 0.025396825396825397
1 0.5181818181818182 0.24761904761904763 0.024675324675324677 0.03968253968253968
2 0.525974025974026 0.22380952380952382 0.005194805194805195 0.022222222222222223
2 0.5532467532467532 0.21587301587301588 0.01038961038961039 0.022222222222222223
1 0.5051948051948052 0.22380952380952382 0.023376623376623377 0.03650793650793651
1 0.4987012987012987 0.20317460317460317 0.02077922077922078 0.01746031746031746
2 0.5142857142857142 0.20793650793650795 0.006493506493506494 0.022222222222222223
1 0.5324675324675324 0.20634920634920634 0.01818181818181818 0.03650793650793651
2 0.5402597402597402 0.19365079365079366 0.005194805194805195 0.020634920634920634
1 0.4727272727272727 0.23174603174603176 0.02987012987012987 0.04285714285714286
2 0.4857142857142857 0.20952380952380953 0.007792207792207792 0.026984126984126985
1 0.4662337662337662 0.20634920634920634 0.01818181818181818 0.009523809523809525
1 0.4649350649350649 0.19523809523809524 0.01818181818181818 0.014285714285714285
2 0.4779220779220779 0.19365079365079366 0.00909090909090909 0.020634920634920634
1 0.4649350649350649 0.17936507936507937 0.016883116883116882 0.02857142857142857
1 0.4623376623376623 0.1619047619047619 0.015584415584415584 0.025396825396825397
2 0.4779220779220779 0.17142857142857143 0.005194805194805195 0.01746031746031746
2 0.4844155844155844 0.17142857142857143 0.003896103896103896 0.01746031746031746
2 0.4831168831168831 0.15555555555555556 0.01038961038961039 0.01904761904761905
3 0.4662337662337662 0.1349206349206349 0.023376623376623377 0.047619047619047616
2 0.4792207792207792 0.13015873015873017 0.006493506493506494 0.026984126984126985
2 0.487012987012987 0.1365079365079365 0.007792207792207792 0.025396825396825397
1 0.5 0.1761904761904762 0.01948051948051948 0.026984126984126985
2 0.5103896103896104 0.17777777777777778 0.007792207792207792 0.022222222222222223
1 0.522077922077922 0.16984126984126985 0.02077922077922078 0.04285714285714286
2 0.5181818181818182 0.18412698412698414 0.00909090909090909 0.01904761904761905
2 0.4922077922077922 0.15714285714285714 0.005194805194805195 0.014285714285714285
2 0.5012987012987012 0.1523809523809524 0.007792207792207792 0.01746031746031746
2 0.509090909090909 0.15714285714285714 0.005194805194805195 0.01904761904761905
2 0.4987012987012987 0.13968253968253969 0.00909090909090909 0.01904761904761905
2 0.5012987012987012 0.13968253968253969 0.00909090909090909 0.01746031746031746
2 0.5103896103896104 0.14285714285714285 0.006493506493506494 0.01746031746031746
2 0.5077922077922078 0.10634920634920635 0.007792207792207792 0.020634920634920634
1 0.5623376623376624 0.8825396825396825 0.0987012987012987 0.23333333333333334
1 0.6285714285714286 0.6714285714285714 0.06883116883116883 0.173015873015873
1 0.6051948051948052 0.5428571428571428 0.05714285714285714 0.11746031746031746
3 0.548051948051948 0.6206349206349207 0.09740259740259741 0.32063492063492066
1 0.5714285714285714 0.4492063492063492 0.04155844155844156 0.08253968253968254
1 0.5064935064935064 0.4523809523809524 0.03116883116883117 0.06190476190476191
1 0.4909090909090909 0.2714285714285714 0.032467532467532464 0.044444444444444446
1 0.4792207792207792 0.26031746031746034 0.02727272727272727 0.03492063492063492
1 0.5636363636363636 0.3904761904761905 0.053246753246753244 0.08412698412698413
1 0.5532467532467532 0.33650793650793653 0.025974025974025976 0.03492063492063492
1 0.5311688311688312 0.27936507936507937 0.02857142857142857 0.046031746031746035
1 0.4961038961038961 0.19047619047619047 0.023376623376623377 0.009523809523809525