3 0.5935064935064935 0.8873015873015873 0.14415584415584415 0.2253968253968254
1 0.6974025974025974 0.8174603174603174 0.10519480519480519 0.23809523809523808
1 0.7584415584415585 0.9746031746031746 0.08311688311688312 0.050793650793650794
2 0.7766233766233767 0.7984126984126985 0.02987012987012987 0.15079365079365079
2 0.8324675324675325 0.7904761904761904 0.04415584415584416 0.14444444444444443
2 0.8974025974025974 0.9761904761904762 0.03116883116883117 0.046031746031746035
1 0.6285714285714286 0.5793650793650794 0.08441558441558442 0.14285714285714285
3 0.512987012987013 0.37142857142857144 0.07142857142857142 0.2222222222222222
0 0.564935064935065 0.3111111111111111 0.07532467532467532 0.18412698412698414
1 0.5207792207792208 0.24444444444444444 0.032467532467532464 0.0761904761904762
2 0.5233766233766234 0.20317460317460317 0.01038961038961039 0.020634920634920634
2 0.5025974025974026 0.17936507936507937 0.007792207792207792 0.031746031746031744
2 0.522077922077922 0.18253968253968253 0.011688311688311689 0.03650793650793651
1 0.487012987012987 0.15714285714285714 0.016883116883116882 0.03015873015873016
2 0.4987012987012987 0.15396825396825398 0.007792207792207792 0.023809523809523808
2 0.5155844155844156 0.1619047619047619 0.007792207792207792 0.020634920634920634
2 0.4805194805194805 0.12698412698412698 0.00909090909090909 0.022222222222222223
2 0.4844155844155844 0.1365079365079365 0.007792207792207792 0.020634920634920634
2 0.5038961038961038 0.13015873015873017 0.00909090909090909 0.025396825396825397
1 0.4831168831168831 0.10634920634920635 0.01038961038961039 0.03333333333333333
2 0.4987012987012987 0.10634920634920635 0.007792207792207792 0.026984126984126985
2 0.6051948051948052 0.32063492063492066 0.012987012987012988 0.06666666666666667