1 0.4766233766233766 0.14444444444444443 0.012987012987012988 0.022222222222222223
2 0.4805194805194805 0.12063492063492064 0.006493506493506494 0.022222222222222223
2 0.4922077922077922 0.11587301587301588 0.006493506493506494 0.020634920634920634
2 0.5 0.1126984126984127 0.006493506493506494 0.01746031746031746
1 0.5012987012987012 0.09206349206349207 0.007792207792207792 0.015873015873015872
2 0.509090909090909 0.1 0.005194805194805195 0.014285714285714285
2 0.5103896103896104 0.2015873015873016 0.01038961038961039 0.03333333333333333
1 0.4753246753246753 0.18253968253968253 0.01818181818181818 0.03492063492063492
2 0.4844155844155844 0.16984126984126985 0.007792207792207792 0.03333333333333333
2 0.474025974025974 0.15714285714285714 0.007792207792207792 0.01746031746031746
2 0.5584415584415584 0.31587301587301586 0.012987012987012988 0.050793650793650794
2 0.5662337662337662 0.30317460317460315 0.011688311688311689 0.05238095238095238
2 0.538961038961039 0.4984126984126984 0.025974025974025976 0.09682539682539683
2 0.7025974025974026 0.5571428571428572 0.02987012987012987 0.08571428571428572
2 0.6428571428571429 0.6333333333333333 0.025974025974025976 0.11587301587301588
2 0.638961038961039 0.4714285714285714 0.02207792207792208 0.07936507936507936
2 0.6493506493506493 0.45714285714285713 0.01948051948051948 0.09682539682539683
2 0.7038961038961039 0.6984126984126984 0.032467532467532464 0.13174603174603175
2 0.8350649350649351 0.8507936507936508 0.05064935064935065 0.12857142857142856
2 0.8441558441558441 0.9380952380952381 0.05714285714285714 0.12380952380952381
2 0.6025974025974026 0.8555555555555555 0.03636363636363636 0.14444444444444443
1 0.7272727272727273 0.8984126984126984 0.11558441558441558 0.2015873015873016
1 0.5948051948051948 0.4984126984126984 0.05454545454545454 0.12380952380952381
1 0.5597402597402598 0.38571428571428573 0.04285714285714286 0.0873015873015873
1 0.5038961038961038 0.346031746031746 0.03896103896103896 0.08253968253968254
1 0.4987012987012987 0.16666666666666666 0.015584415584415584 0.03650793650793651