2 0.9181818181818182 0.9841269841269841 0.02857142857142857 0.031746031746031744
2 0.9493506493506494 0.9619047619047619 0.03636363636363636 0.0761904761904762
2 0.990909090909091 0.9650793650793651 0.016883116883116882 0.06825396825396825
2 0.9077922077922078 0.9063492063492063 0.04415584415584416 0.14126984126984127
2 0.9506493506493506 0.9095238095238095 0.032467532467532464 0.15396825396825398
2 0.9714285714285714 0.873015873015873 0.03506493506493506 0.1523809523809524
2 0.8532467532467533 0.9349206349206349 0.04285714285714286 0.12698412698412698
2 0.8428571428571429 0.8412698412698413 0.03766233766233766 0.12063492063492064
2 0.9194805194805195 0.8158730158730159 0.02987012987012987 0.13015873015873017
2 0.9155844155844156 0.7428571428571429 0.03506493506493506 0.047619047619047616
2 0.9233766233766234 0.7126984126984127 0.02727272727272727 0.05873015873015873
2 0.9090909090909091 0.6634920634920635 0.03506493506493506 0.08571428571428572
2 0.8779220779220779 0.7968253968253968 0.02857142857142857 0.12857142857142856
2 0.8454545454545455 0.7777777777777778 0.02727272727272727 0.06349206349206349
2 0.8571428571428571 0.7142857142857143 0.033766233766233764 0.06984126984126984
2 0.8792207792207792 0.7174603174603175 0.016883116883116882 0.10158730158730159
2 0.8675324675324675 0.6492063492063492 0.025974025974025976 0.09682539682539683
2 0.8493506493506493 0.6206349206349207 0.025974025974025976 0.10317460317460317
2 0.8519480519480519 0.5507936507936508 0.02727272727272727 0.09682539682539683
2 0.7987012987012987 0.7682539682539683 0.025974025974025976 0.07777777777777778
2 0.7298701298701299 0.7793650793650794 0.023376623376623377 0.08888888888888889
2 0.7337662337662337 0.7238095238095238 0.03116883116883117 0.09206349206349207
2 0.7558441558441559 0.7 0.02727272727272727 0.11587301587301588
2 0.7896103896103897 0.6888888888888889 0.01948051948051948 0.09682539682539683
2 0.8207792207792208 0.6984126984126984 0.023376623376623377 0.1126984126984127
2 0.7883116883116883 0.6349206349206349 0.02727272727272727 0.09682539682539683
2 0.7103896103896103 0.665079365079365 0.01818181818181818 0.0761904761904762
2 0.6844155844155844 0.6412698412698413 0.01948051948051948 0.08412698412698413
2 0.712987012987013 0.6142857142857143 0.023376623376623377 0.06349206349206349
2 0.6818181818181818 0.5968253968253968 0.02207792207792208 0.1
2 0.8181818181818182 0.5412698412698412 0.02207792207792208 0.0746031746031746
2 0.8181818181818182 0.5095238095238095 0.02857142857142857 0.08888888888888889
2 0.8 0.4777777777777778 0.024675324675324677 0.09365079365079365
2 0.7675324675324675 0.40793650793650793 0.032467532467532464 0.047619047619047616
2 0.7662337662337663 0.5015873015873016 0.02207792207792208 0.05873015873015873
2 0.6532467532467533 0.49682539682539684 0.01948051948051948 0.03650793650793651
2 0.6415584415584416 0.48253968253968255 0.024675324675324677 0.04126984126984127
2 0.638961038961039 0.44285714285714284 0.02857142857142857 0.050793650793650794
2 0.6324675324675325 0.40476190476190477 0.02857142857142857 0.05555555555555555
2 0.6025974025974026 0.48253968253968255 0.02077922077922078 0.05873015873015873
2 0.5987012987012987 0.45714285714285713 0.02207792207792208 0.06507936507936508
2 0.5909090909090909 0.43492063492063493 0.01948051948051948 0.06666666666666667
2 0.6935064935064935 0.32857142857142857 0.01038961038961039 0.05396825396825397
2 0.6922077922077922 0.2841269841269841 0.00909090909090909 0.02857142857142857
2 0.7090909090909091 0.28253968253968254 0.00909090909090909 0.014285714285714285
2 0.7 0.2746031746031746 0.01038961038961039 0.0380952380952381
2 0.6818181818181818 0.2571428571428571 0.01038961038961039 0.047619047619047616
2 0.6727272727272727 0.2492063492063492 0.007792207792207792 0.023809523809523808
2 0.6623376623376623 0.24126984126984127 0.014285714285714285 0.03492063492063492
2 0.6038961038961039 0.25396825396825395 0.01038961038961039 0.012698412698412698
2 0.638961038961039 0.16984126984126985 0.014285714285714285 0.03015873015873016
2 0.6246753246753247 0.14603174603174604 0.01038961038961039 0.03015873015873016
2 0.5831168831168831 0.1349206349206349 0.01038961038961039 0.023809523809523808
2 0.6155844155844156 0.12380952380952381 0.007792207792207792 0.01746031746031746
2 0.6064935064935065 0.1126984126984127 0.006493506493506494 0.015873015873015872
2 0.612987012987013 0.10793650793650794 0.01038961038961039 0.007936507936507936
2 0.6116883116883117 0.09841269841269841 0.005194805194805195 0.014285714285714285
2 0.6051948051948052 0.09523809523809523 0.0025974025974025974 0.014285714285714285
2 0.5896103896103896 0.09047619047619047 0.003896103896103896 0.012698412698412698
2 0.6038961038961039 0.08253968253968254 0.0025974025974025974 0.011111111111111112
2 0.6116883116883117 0.08571428571428572 0.003896103896103896 0.011111111111111112
2 0.6181818181818182 0.07777777777777778 0.006493506493506494 0.006349206349206349
1 0.7857142857142857 0.8936507936507937 0.11688311688311688 0.2126984126984127
1 0.7948051948051948 0.5841269841269842 0.07402597402597402 0.12857142857142856
1 0.7714285714285715 0.47619047619047616 0.032467532467532464 0.0873015873015873
1 0.6701298701298701 0.42698412698412697 0.02987012987012987 0.10476190476190476
1 0.6233766233766234 0.24603174603174602 0.02077922077922078 0.050793650793650794
1 0.5753246753246753 0.11746031746031746 0.01038961038961039 0.026984126984126985
1 0.5805194805194805 0.09206349206349207 0.012987012987012988 0.023809523809523808
1 0.5961038961038961 0.09206349206349207 0.011688311688311689 0.023809523809523808
1 0.7168831168831169 0.326984126984127 0.04285714285714286 0.07777777777777778
3 0.6610389610389611 0.8285714285714286 0.1038961038961039 0.34285714285714286
3 0.6298701298701299 0.6047619047619047 0.07922077922077922 0.22857142857142856
3 0.7194805194805195 0.4888888888888889 0.07792207792207792 0.2650793650793651
3 0.6623376623376623 0.32857142857142857 0.05454545454545454 0.16507936507936508
3 0.5987012987012987 0.30793650793650795 0.03896103896103896 0.10158730158730159
3 0.5857142857142857 0.23174603174603176 0.02857142857142857 0.0761904761904762
3 0.5974025974025974 0.1349206349206349 0.01818181818181818 0.05873015873015873