2 0.8077922077922078 0.7904761904761904 0.033766233766233764 0.13968253968253969
1 0.5675324675324676 0.7603174603174603 0.1 0.24126984126984127
2 0.5545454545454546 0.6142857142857143 0.05194805194805195 0.08253968253968254
1 0.7324675324675325 0.6301587301587301 0.09480519480519481 0.18571428571428572
2 0.712987012987013 0.5158730158730159 0.05974025974025974 0.05396825396825397
2 0.6805194805194805 0.4650793650793651 0.024675324675324677 0.10317460317460317
1 0.6350649350649351 0.44285714285714284 0.06623376623376623 0.10793650793650794
2 0.6519480519480519 0.39365079365079364 0.02727272727272727 0.05238095238095238
1 0.5636363636363636 0.41904761904761906 0.07532467532467532 0.09523809523809523
2 0.5883116883116883 0.3761904761904762 0.032467532467532464 0.06825396825396825
2 0.6155844155844156 0.373015873015873 0.03766233766233766 0.05238095238095238
2 0.577922077922078 0.32857142857142857 0.02857142857142857 0.047619047619047616
2 0.577922077922078 0.3 0.02727272727272727 0.03650793650793651
2 0.4779220779220779 0.21587301587301588 0.033766233766233764 0.050793650793650794
2 0.5103896103896104 0.18253968253968253 0.03636363636363636 0.06349206349206349
1 0.4987012987012987 0.36666666666666664 0.07272727272727272 0.12063492063492064
1 0.5337662337662338 0.5126984126984127 0.07272727272727272 0.13015873015873017
1 0.6064935064935065 0.5206349206349207 0.08181818181818182 0.1492063492063492
1 0.6857142857142857 0.7619047619047619 0.14025974025974025 0.22063492063492063