2 0.8298701298701299 0.8507936507936508 0.04935064935064935 0.1365079365079365
2 0.8376623376623377 0.7841269841269841 0.06753246753246753 0.15079365079365079
2 0.5766233766233766 0.7682539682539683 0.048051948051948054 0.13333333333333333
2 0.5701298701298702 0.6619047619047619 0.02727272727272727 0.09206349206349207
2 0.7207792207792207 0.6603174603174603 0.04285714285714286 0.11428571428571428
2 0.5558441558441558 0.5888888888888889 0.024675324675324677 0.07142857142857142
2 0.5142857142857142 0.638095238095238 0.045454545454545456 0.1380952380952381
2 0.712987012987013 0.5761904761904761 0.03896103896103896 0.08412698412698413
2 0.6584415584415585 0.526984126984127 0.02987012987012987 0.08253968253968254
2 0.5766233766233766 0.49523809523809526 0.025974025974025976 0.07777777777777778
2 0.6519480519480519 0.4714285714285714 0.02987012987012987 0.07777777777777778
2 0.5922077922077922 0.40793650793650793 0.02727272727272727 0.0746031746031746
2 0.6233766233766234 0.34444444444444444 0.02727272727272727 0.07142857142857142
2 0.6077922077922078 0.3888888888888889 0.025974025974025976 0.06984126984126984
2 0.5363636363636364 0.32857142857142857 0.01818181818181818 0.06190476190476191
2 0.5558441558441558 0.3238095238095238 0.016883116883116882 0.05714285714285714
2 0.5688311688311688 0.2698412698412698 0.01038961038961039 0.046031746031746035
2 0.548051948051948 0.2714285714285714 0.016883116883116882 0.046031746031746035
2 0.5584415584415584 0.25555555555555554 0.012987012987012988 0.050793650793650794
2 0.5324675324675324 0.24285714285714285 0.01818181818181818 0.04285714285714286
2 0.5038961038961038 0.2523809523809524 0.015584415584415584 0.03968253968253968
2 0.522077922077922 0.2650793650793651 0.016883116883116882 0.04126984126984127
2 0.4948051948051948 0.2015873015873016 0.01038961038961039 0.0380952380952381
2 0.525974025974026 0.20952380952380953 0.007792207792207792 0.022222222222222223
2 0.5402597402597402 0.2253968253968254 0.014285714285714285 0.02857142857142857
2 0.5233766233766234 0.19365079365079366 0.00909090909090909 0.025396825396825397
2 0.512987012987013 0.18095238095238095 0.00909090909090909 0.022222222222222223
2 0.4883116883116883 0.1746031746031746 0.00909090909090909 0.022222222222222223
2 0.5025974025974026 0.1746031746031746 0.01038961038961039 0.025396825396825397
2 0.509090909090909 0.14603174603174604 0.007792207792207792 0.022222222222222223
2 0.5038961038961038 0.14761904761904762 0.00909090909090909 0.01904761904761905
2 0.5012987012987012 0.16984126984126985 0.01038961038961039 0.031746031746031744
2 0.487012987012987 0.14603174603174604 0.006493506493506494 0.01904761904761905
2 0.4935064935064935 0.15555555555555556 0.00909090909090909 0.026984126984126985
2 0.4792207792207792 0.13174603174603175 0.00909090909090909 0.01904761904761905
2 0.5038961038961038 0.1253968253968254 0.005194805194805195 0.022222222222222223
2 0.4948051948051948 0.10317460317460317 0.003896103896103896 0.012698412698412698
2 0.4922077922077922 0.12222222222222222 0.006493506493506494 0.015873015873015872
1 0.4883116883116883 0.1 0.006493506493506494 0.014285714285714285
1 0.5025974025974026 0.10476190476190476 0.012987012987012988 0.012698412698412698
1 0.4688311688311688 0.11904761904761904 0.01038961038961039 0.025396825396825397
1 0.487012987012987 0.1126984126984127 0.006493506493506494 0.009523809523809525
2 0.4987012987012987 0.12063492063492064 0.006493506493506494 0.023809523809523808
1 0.4701298701298701 0.18571428571428572 0.01818181818181818 0.03492063492063492
1 0.512987012987013 0.2126984126984127 0.02207792207792208 0.05238095238095238
1 0.4831168831168831 0.2571428571428571 0.023376623376623377 0.05396825396825397
1 0.5025974025974026 0.3746031746031746 0.04155844155844156 0.08253968253968254
1 0.6441558441558441 0.6111111111111112 0.08181818181818182 0.14603174603174604
1 0.7883116883116883 0.9317460317460318 0.12207792207792208 0.1365079365079365