2 0.5948051948051948 0.8333333333333334 0.046753246753246755 0.1619047619047619
2 0.7818181818181819 0.8857142857142857 0.046753246753246755 0.16031746031746033
2 0.9103896103896104 0.9777777777777777 0.048051948051948054 0.044444444444444446
2 0.8532467532467533 0.8698412698412699 0.06233766233766234 0.1746031746031746
2 0.7714285714285715 0.7698412698412699 0.046753246753246755 0.11904761904761904
2 0.564935064935065 0.6698412698412698 0.03636363636363636 0.14126984126984127
2 0.6883116883116883 0.6333333333333333 0.032467532467532464 0.11746031746031746
2 0.7675324675324675 0.692063492063492 0.03116883116883117 0.1111111111111111
2 0.7298701298701299 0.6174603174603175 0.033766233766233764 0.11428571428571428
1 0.6935064935064935 0.8603174603174604 0.12857142857142856 0.2777777777777778
1 0.5194805194805194 0.5666666666666667 0.06233766233766234 0.19365079365079366
1 0.6064935064935065 0.4857142857142857 0.06623376623376623 0.19047619047619047
1 0.6584415584415585 0.4634920634920635 0.053246753246753244 0.12222222222222222
1 0.525974025974026 0.43333333333333335 0.045454545454545456 0.11587301587301588
2 0.4883116883116883 0.4031746031746032 0.02077922077922078 0.06984126984126984
2 0.4909090909090909 0.3238095238095238 0.012987012987012988 0.046031746031746035
2 0.4896103896103896 0.2984126984126984 0.015584415584415584 0.03968253968253968
2 0.5324675324675324 0.34285714285714286 0.015584415584415584 0.049206349206349205
2 0.5285714285714286 0.3253968253968254 0.011688311688311689 0.047619047619047616
2 0.5064935064935064 0.31746031746031744 0.015584415584415584 0.026984126984126985
1 0.564935064935065 0.3682539682539683 0.03766233766233766 0.08095238095238096
1 0.5116883116883116 0.35873015873015873 0.032467532467532464 0.06825396825396825
2 0.625974025974026 0.373015873015873 0.01818181818181818 0.06031746031746032
2 0.6168831168831169 0.3396825396825397 0.01818181818181818 0.044444444444444446
2 0.6064935064935065 0.35714285714285715 0.02077922077922078 0.05873015873015873
2 0.5688311688311688 0.3126984126984127 0.014285714285714285 0.0380952380952381
2 0.5532467532467532 0.2904761904761905 0.014285714285714285 0.047619047619047616
2 0.5675324675324676 0.29365079365079366 0.00909090909090909 0.03492063492063492
2 0.6064935064935065 0.3 0.014285714285714285 0.03650793650793651
2 0.5857142857142857 0.3111111111111111 0.012987012987012988 0.0380952380952381
2 0.5935064935064935 0.3412698412698413 0.012987012987012988 0.0380952380952381
1 0.538961038961039 0.30317460317460315 0.032467532467532464 0.06666666666666667
1 0.564935064935065 0.2650793650793651 0.02727272727272727 0.05714285714285714
1 0.5233766233766234 0.25873015873015875 0.02727272727272727 0.046031746031746035
2 0.5116883116883116 0.2396825396825397 0.01038961038961039 0.026984126984126985
2 0.4922077922077922 0.23174603174603176 0.00909090909090909 0.03492063492063492
2 0.4831168831168831 0.23333333333333334 0.01038961038961039 0.031746031746031744
2 0.5 0.24285714285714285 0.00909090909090909 0.03650793650793651
2 0.474025974025974 0.2126984126984127 0.007792207792207792 0.025396825396825397
2 0.4818181818181818 0.19682539682539682 0.011688311688311689 0.031746031746031744
2 0.5623376623376624 0.22857142857142856 0.014285714285714285 0.023809523809523808
1 0.5155844155844156 0.22698412698412698 0.02077922077922078 0.03968253968253968
2 0.5116883116883116 0.2365079365079365 0.007792207792207792 0.03015873015873016
2 0.5506493506493506 0.22380952380952382 0.011688311688311689 0.026984126984126985
2 0.5493506493506494 0.20952380952380953 0.01038961038961039 0.026984126984126985
1 0.4883116883116883 0.2761904761904762 0.03116883116883117 0.05555555555555555
1 0.4727272727272727 0.24126984126984127 0.025974025974025976 0.05238095238095238
1 0.4636363636363636 0.2 0.02077922077922078 0.044444444444444446
1 0.4636363636363636 0.16825396825396827 0.02077922077922078 0.03333333333333333
1 0.4662337662337662 0.15079365079365079 0.015584415584415584 0.023809523809523808
1 0.4662337662337662 0.1365079365079365 0.01818181818181818 0.022222222222222223
1 0.4987012987012987 0.20317460317460317 0.016883116883116882 0.0380952380952381
2 0.5155844155844156 0.19365079365079366 0.012987012987012988 0.026984126984126985
1 0.538961038961039 0.21904761904761905 0.023376623376623377 0.04126984126984127
2 0.525974025974026 0.19365079365079366 0.007792207792207792 0.031746031746031744
1 0.5142857142857142 0.16984126984126985 0.01818181818181818 0.020634920634920634
1 0.4948051948051948 0.173015873015873 0.02207792207792208 0.025396825396825397
2 0.4792207792207792 0.15714285714285714 0.00909090909090909 0.026984126984126985
2 0.4649350649350649 0.12380952380952381 0.007792207792207792 0.020634920634920634
2 0.474025974025974 0.12063492063492064 0.007792207792207792 0.026984126984126985
2 0.4844155844155844 0.12222222222222222 0.01038961038961039 0.022222222222222223
2 0.4909090909090909 0.13174603174603175 0.00909090909090909 0.022222222222222223
1 0.4909090909090909 0.15714285714285714 0.011688311688311689 0.025396825396825397
1 0.487012987012987 0.14285714285714285 0.016883116883116882 0.01746031746031746
0 0.5051948051948052 0.12222222222222222 0.02727272727272727 0.03492063492063492
1 0.4883116883116883 0.10476190476190476 0.00909090909090909 0.025396825396825397