2 0.5727272727272728 0.7587301587301587 0.03636363636363636 0.14761904761904762
2 0.874025974025974 0.8920634920634921 0.05454545454545454 0.16984126984126985
2 0.9207792207792208 0.7523809523809524 0.02987012987012987 0.13015873015873017
2 0.7558441558441559 0.6873015873015873 0.02727272727272727 0.06507936507936508
2 0.6922077922077922 0.6222222222222222 0.032467532467532464 0.10634920634920635
2 0.7272727272727273 0.6111111111111112 0.025974025974025976 0.10317460317460317
2 0.7571428571428571 0.6523809523809524 0.03116883116883117 0.08253968253968254
2 0.7207792207792207 0.553968253968254 0.032467532467532464 0.0761904761904762
2 0.6480519480519481 0.5968253968253968 0.02727272727272727 0.10634920634920635
2 0.5714285714285714 0.5365079365079365 0.023376623376623377 0.09206349206349207
2 0.5 0.4793650793650794 0.03116883116883117 0.06507936507936508
2 0.5 0.4111111111111111 0.02727272727272727 0.06349206349206349
2 0.5272727272727272 0.4174603174603175 0.01948051948051948 0.0746031746031746
2 0.535064935064935 0.45396825396825397 0.02077922077922078 0.05873015873015873
2 0.5415584415584416 0.5 0.023376623376623377 0.07301587301587302
2 0.5792207792207792 0.4603174603174603 0.024675324675324677 0.07301587301587302
2 0.6142857142857143 0.46984126984126984 0.025974025974025976 0.07936507936507936
2 0.6272727272727273 0.5158730158730159 0.01948051948051948 0.08412698412698413
2 0.6493506493506493 0.48412698412698413 0.02727272727272727 0.06190476190476191
2 0.6649350649350649 0.5412698412698412 0.02077922077922078 0.08571428571428572
2 0.6805194805194805 0.4714285714285714 0.02207792207792208 0.06825396825396825
2 0.6948051948051948 0.5031746031746032 0.02727272727272727 0.06984126984126984
2 0.6896103896103896 0.5349206349206349 0.02857142857142857 0.0746031746031746
2 0.5987012987012987 0.40634920634920635 0.01948051948051948 0.05555555555555555
2 0.6233766233766234 0.3984126984126984 0.02207792207792208 0.06507936507936508
2 0.6454545454545455 0.43174603174603177 0.025974025974025976 0.07142857142857142
2 0.5753246753246753 0.34444444444444444 0.01948051948051948 0.05555555555555555
2 0.5922077922077922 0.373015873015873 0.024675324675324677 0.06507936507936508
2 0.6103896103896104 0.36984126984126986 0.016883116883116882 0.05873015873015873
2 0.612987012987013 0.3396825396825397 0.015584415584415584 0.03650793650793651
2 0.5974025974025974 0.3238095238095238 0.015584415584415584 0.049206349206349205
2 0.5688311688311688 0.3 0.01948051948051948 0.04126984126984127
2 0.5818181818181818 0.29365079365079366 0.014285714285714285 0.0380952380952381
2 0.5571428571428572 0.3 0.01948051948051948 0.04126984126984127
2 0.5155844155844156 0.33015873015873015 0.01038961038961039 0.05714285714285714
2 0.535064935064935 0.3126984126984127 0.014285714285714285 0.04285714285714286
2 0.5324675324675324 0.2920634920634921 0.01038961038961039 0.04126984126984127
2 0.5441558441558442 0.26031746031746034 0.016883116883116882 0.04126984126984127
2 0.4727272727272727 0.2396825396825397 0.011688311688311689 0.03333333333333333
2 0.4779220779220779 0.23015873015873015 0.011688311688311689 0.03492063492063492
2 0.4922077922077922 0.24761904761904763 0.007792207792207792 0.01746031746031746
2 0.5064935064935064 0.24761904761904763 0.011688311688311689 0.0380952380952381
2 0.5168831168831168 0.2523809523809524 0.01038961038961039 0.03333333333333333
2 0.525974025974026 0.2698412698412698 0.01038961038961039 0.04285714285714286
2 0.5428571428571428 0.22857142857142856 0.011688311688311689 0.026984126984126985
2 0.5623376623376624 0.25396825396825395 0.012987012987012988 0.03650793650793651
2 0.5194805194805194 0.22698412698412698 0.01818181818181818 0.0380952380952381
2 0.4961038961038961 0.2968253968253968 0.016883116883116882 0.03333333333333333
2 0.509090909090909 0.30634920634920637 0.01038961038961039 0.03492063492063492
2 0.5337662337662338 0.2126984126984127 0.00909090909090909 0.031746031746031744
2 0.5285714285714286 0.20476190476190476 0.00909090909090909 0.025396825396825397
2 0.5181818181818182 0.20634920634920634 0.007792207792207792 0.025396825396825397
2 0.5194805194805194 0.1746031746031746 0.007792207792207792 0.03333333333333333
2 0.4909090909090909 0.18095238095238095 0.00909090909090909 0.03015873015873016
2 0.5142857142857142 0.15873015873015872 0.007792207792207792 0.022222222222222223
2 0.5038961038961038 0.1492063492063492 0.00909090909090909 0.012698412698412698
2 0.5038961038961038 0.10952380952380952 0.005194805194805195 0.014285714285714285
2 0.4636363636363636 0.11904761904761904 0.0025974025974025974 0.014285714285714285
2 0.4727272727272727 0.1365079365079365 0.006493506493506494 0.009523809523809525
2 0.4961038961038961 0.11746031746031746 0.006493506493506494 0.014285714285714285
2 0.5038961038961038 0.1380952380952381 0.003896103896103896 0.009523809523809525
2 0.4987012987012987 0.14761904761904762 0.006493506493506494 0.015873015873015872
2 0.512987012987013 0.17936507936507937 0.007792207792207792 0.01904761904761905
2 0.5285714285714286 0.18412698412698414 0.006493506493506494 0.014285714285714285
1 0.6155844155844156 0.6714285714285714 0.08571428571428572 0.20317460317460317
1 0.5246753246753246 0.5603174603174603 0.06493506493506493 0.13333333333333333
1 0.5636363636363636 0.919047619047619 0.0987012987012987 0.1619047619047619
1 0.7623376623376623 0.8253968253968254 0.12597402597402596 0.21746031746031746
1 0.548051948051948 0.36507936507936506 0.04155844155844156 0.07936507936507936
1 0.4987012987012987 0.3492063492063492 0.03766233766233766 0.07936507936507936
1 0.4961038961038961 0.2777777777777778 0.03636363636363636 0.05555555555555555
1 0.5038961038961038 0.19523809523809524 0.024675324675324677 0.04285714285714286
1 0.5025974025974026 0.1634920634920635 0.01818181818181818 0.020634920634920634
1 0.487012987012987 0.1523809523809524 0.016883116883116882 0.03015873015873016
1 0.474025974025974 0.1111111111111111 0.006493506493506494 0.011111111111111112
2 0.4831168831168831 0.12857142857142856 0.006493506493506494 0.009523809523809525
2 0.4909090909090909 0.12857142857142856 0.007792207792207792 0.011111111111111112
2 0.4857142857142857 0.12222222222222222 0.005194805194805195 0.007936507936507936
2 0.4909090909090909 0.11746031746031746 0.005194805194805195 0.011111111111111112
1 0.4909090909090909 0.10634920634920635 0.00909090909090909 0.007936507936507936
1 0.4831168831168831 0.1126984126984127 0.006493506493506494 0.011111111111111112
0 0.4688311688311688 0.17777777777777778 0.02727272727272727 0.07777777777777778