2 0.5025974025974026 0.2777777777777778 0.00909090909090909 0.023809523809523808
2 0.8402597402597403 0.9444444444444444 0.04285714285714286 0.10793650793650794
2 0.8753246753246753 0.8952380952380953 0.03506493506493506 0.10634920634920635
2 0.8545454545454545 0.819047619047619 0.04415584415584416 0.14126984126984127
2 0.8181818181818182 0.8698412698412699 0.048051948051948054 0.10952380952380952
2 0.8194805194805195 0.7301587301587301 0.04935064935064935 0.1365079365079365
2 0.7792207792207793 0.638095238095238 0.03506493506493506 0.09841269841269841
2 0.7766233766233767 0.4888888888888889 0.04935064935064935 0.09047619047619047
2 0.7337662337662337 0.5873015873015873 0.03636363636363636 0.09682539682539683
2 0.5935064935064935 0.6555555555555556 0.02987012987012987 0.1
2 0.6402597402597403 0.719047619047619 0.04155844155844156 0.14126984126984127
2 0.6844155844155844 0.6666666666666666 0.032467532467532464 0.10158730158730159
2 0.5766233766233766 0.6031746031746031 0.02727272727272727 0.06984126984126984
2 0.5636363636363636 0.5523809523809524 0.02207792207792208 0.09682539682539683
2 0.6714285714285714 0.45555555555555555 0.024675324675324677 0.06349206349206349
2 0.7038961038961039 0.5190476190476191 0.024675324675324677 0.06984126984126984
2 0.7 0.48412698412698413 0.02857142857142857 0.047619047619047616
2 0.6727272727272727 0.4873015873015873 0.024675324675324677 0.0380952380952381
2 0.6376623376623377 0.526984126984127 0.02207792207792208 0.09047619047619047
2 0.6363636363636364 0.4857142857142857 0.024675324675324677 0.07936507936507936
2 0.6506493506493507 0.43333333333333335 0.02207792207792208 0.0761904761904762
2 0.6142857142857143 0.4396825396825397 0.02077922077922078 0.07142857142857142
2 0.6350649350649351 0.44285714285714284 0.024675324675324677 0.05714285714285714
2 0.625974025974026 0.4238095238095238 0.012987012987012988 0.05873015873015873
2 0.6415584415584416 0.39365079365079364 0.02207792207792208 0.06984126984126984
2 0.6194805194805195 0.3682539682539683 0.01818181818181818 0.05714285714285714
2 0.5987012987012987 0.38571428571428573 0.016883116883116882 0.05714285714285714
2 0.612987012987013 0.40793650793650793 0.01038961038961039 0.04126984126984127
2 0.5948051948051948 0.35555555555555557 0.015584415584415584 0.05238095238095238
2 0.5818181818181818 0.3634920634920635 0.01818181818181818 0.05238095238095238
2 0.6077922077922078 0.3523809523809524 0.011688311688311689 0.047619047619047616
2 0.6064935064935065 0.3253968253968254 0.012987012987012988 0.03015873015873016
2 0.6012987012987013 0.30634920634920637 0.01038961038961039 0.04126984126984127
2 0.5909090909090909 0.29365079365079366 0.015584415584415584 0.049206349206349205
2 0.5467532467532468 0.26666666666666666 0.012987012987012988 0.047619047619047616
2 0.5454545454545454 0.2365079365079365 0.011688311688311689 0.031746031746031744
2 0.561038961038961 0.2396825396825397 0.007792207792207792 0.03650793650793651
2 0.5688311688311688 0.2523809523809524 0.00909090909090909 0.03492063492063492
2 0.577922077922078 0.25873015873015875 0.00909090909090909 0.026984126984126985
2 0.5597402597402598 0.2619047619047619 0.011688311688311689 0.015873015873015872
2 0.5428571428571428 0.3047619047619048 0.015584415584415584 0.0380952380952381
2 0.5246753246753246 0.3523809523809524 0.014285714285714285 0.05396825396825397
2 0.5337662337662338 0.346031746031746 0.011688311688311689 0.05238095238095238
2 0.5311688311688312 0.3142857142857143 0.007792207792207792 0.015873015873015872
2 0.5324675324675324 0.2984126984126984 0.007792207792207792 0.01904761904761905
2 0.522077922077922 0.30634920634920637 0.014285714285714285 0.03968253968253968
2 0.5142857142857142 0.326984126984127 0.011688311688311689 0.023809523809523808
2 0.4844155844155844 0.2746031746031746 0.00909090909090909 0.031746031746031744
2 0.4766233766233766 0.2777777777777778 0.01038961038961039 0.03015873015873016
2 0.4714285714285714 0.30158730158730157 0.014285714285714285 0.04285714285714286
2 0.4974025974025974 0.2841269841269841 0.01038961038961039 0.023809523809523808
2 0.5051948051948052 0.2904761904761905 0.007792207792207792 0.015873015873015872
2 0.5012987012987012 0.30952380952380953 0.012987012987012988 0.03492063492063492
2 0.5116883116883116 0.30952380952380953 0.00909090909090909 0.03968253968253968
2 0.4948051948051948 0.24603174603174602 0.012987012987012988 0.03968253968253968
2 0.4818181818181818 0.1873015873015873 0.007792207792207792 0.01746031746031746
2 0.4844155844155844 0.2126984126984127 0.011688311688311689 0.03492063492063492
2 0.4766233766233766 0.15079365079365079 0.006493506493506494 0.022222222222222223
2 0.5441558441558442 0.2015873015873016 0.011688311688311689 0.023809523809523808
2 0.5506493506493506 0.21746031746031746 0.007792207792207792 0.03333333333333333
2 0.5194805194805194 0.1761904761904762 0.006493506493506494 0.01904761904761905
2 0.5272727272727272 0.18095238095238095 0.006493506493506494 0.020634920634920634
2 0.538961038961039 0.18888888888888888 0.006493506493506494 0.01746031746031746
2 0.5298701298701298 0.18888888888888888 0.007792207792207792 0.015873015873015872
2 0.5064935064935064 0.18888888888888888 0.01038961038961039 0.026984126984126985
2 0.5155844155844156 0.19523809523809524 0.00909090909090909 0.026984126984126985
2 0.522077922077922 0.2015873015873016 0.007792207792207792 0.026984126984126985
2 0.5168831168831168 0.2111111111111111 0.005194805194805195 0.023809523809523808
2 0.512987012987013 0.14603174603174604 0.005194805194805195 0.011111111111111112
2 0.509090909090909 0.14761904761904762 0.005194805194805195 0.009523809523809525
2 0.4987012987012987 0.16031746031746033 0.007792207792207792 0.022222222222222223
2 0.4961038961038961 0.1761904761904762 0.007792207792207792 0.015873015873015872
2 0.4909090909090909 0.13968253968253969 0.003896103896103896 0.01746031746031746
2 0.4935064935064935 0.12698412698412698 0.006493506493506494 0.01904761904761905
2 0.5077922077922078 0.12857142857142856 0.005194805194805195 0.011111111111111112
1 0.9311688311688312 0.9380952380952381 0.13636363636363635 0.12380952380952381
1 0.7987012987012987 0.9523809523809523 0.11168831168831168 0.09523809523809523
1 0.7701298701298701 0.746031746031746 0.13246753246753246 0.2365079365079365
1 0.7077922077922078 0.8444444444444444 0.12077922077922078 0.2571428571428571
1 0.6298701298701299 0.9047619047619048 0.12727272727272726 0.19047619047619047
1 0.5766233766233766 0.7444444444444445 0.08571428571428572 0.21587301587301588
1 0.5311688311688312 0.6 0.08311688311688312 0.20317460317460317
1 0.6844155844155844 0.5793650793650794 0.08051948051948052 0.15714285714285714
1 0.6051948051948052 0.5587301587301587 0.07272727272727272 0.14285714285714285
1 0.587012987012987 0.45714285714285713 0.06753246753246753 0.09523809523809523
1 0.5207792207792208 0.4984126984126984 0.06233766233766234 0.12222222222222222
1 0.5701298701298702 0.4174603174603175 0.048051948051948054 0.0746031746031746
1 0.5545454545454546 0.36666666666666664 0.05194805194805195 0.08253968253968254
1 0.5701298701298702 0.3047619047619048 0.046753246753246755 0.07301587301587302
1 0.5311688311688312 0.273015873015873 0.03116883116883117 0.047619047619047616
1 0.5142857142857142 0.2492063492063492 0.02987012987012987 0.05396825396825397
1 0.5337662337662338 0.21746031746031746 0.024675324675324677 0.044444444444444446
1 0.5051948051948052 0.21587301587301588 0.02727272727272727 0.03968253968253968
1 0.487012987012987 0.3238095238095238 0.03766233766233766 0.06031746031746032
1 0.5064935064935064 0.35714285714285715 0.04415584415584416 0.0761904761904762
1 0.5103896103896104 0.4238095238095238 0.05974025974025974 0.09206349206349207
1 0.4766233766233766 0.2571428571428571 0.02987012987012987 0.047619047619047616
1 0.4727272727272727 0.23333333333333334 0.024675324675324677 0.022222222222222223
1 0.4727272727272727 0.22063492063492063 0.024675324675324677 0.031746031746031744
1 0.4688311688311688 0.20634920634920634 0.023376623376623377 0.03968253968253968
1 0.4649350649350649 0.1761904761904762 0.02077922077922078 0.03492063492063492
1 0.4909090909090909 0.16666666666666666 0.016883116883116882 0.03333333333333333
1 0.5077922077922078 0.17142857142857143 0.01948051948051948 0.026984126984126985
1 0.5142857142857142 0.16031746031746033 0.012987012987012988 0.015873015873015872
1 0.5 0.14126984126984127 0.014285714285714285 0.015873015873015872
1 0.4974025974025974 0.1523809523809524 0.014285714285714285 0.01746031746031746
1 0.4844155844155844 0.14603174603174604 0.012987012987012988 0.022222222222222223
1 0.4649350649350649 0.15079365079365079 0.016883116883116882 0.022222222222222223
1 0.4805194805194805 0.13015873015873017 0.01038961038961039 0.01904761904761905
1 0.4844155844155844 0.11587301587301588 0.01038961038961039 0.014285714285714285
1 0.4909090909090909 0.10793650793650794 0.01038961038961039 0.012698412698412698
1 0.4805194805194805 0.10634920634920635 0.00909090909090909 0.014285714285714285
1 0.5038961038961038 0.10793650793650794 0.012987012987012988 0.022222222222222223
1 0.5051948051948052 0.09365079365079365 0.005194805194805195 0.006349206349206349
1 0.4935064935064935 0.09682539682539683 0.006493506493506494 0.007936507936507936
1 0.5 0.1253968253968254 0.01038961038961039 0.015873015873015872
3 0.4688311688311688 0.12380952380952381 0.01948051948051948 0.04285714285714286
2 0.6090909090909091 0.3873015873015873 0.01038961038961039 0.03015873015873016