2 0.787012987012987 0.8301587301587302 0.033766233766233764 0.14761904761904762
2 0.7181818181818181 0.780952380952381 0.03636363636363636 0.15714285714285714
2 0.6337662337662338 0.49206349206349204 0.032467532467532464 0.0873015873015873
2 0.5831168831168831 0.46825396825396826 0.02207792207792208 0.0761904761904762
2 0.6402597402597403 0.4492063492063492 0.02077922077922078 0.08095238095238096
2 0.6324675324675325 0.4031746031746032 0.016883116883116882 0.05238095238095238
3 0.535064935064935 0.4746031746031746 0.09480519480519481 0.2777777777777778
2 0.5753246753246753 0.3746031746031746 0.012987012987012988 0.06190476190476191
2 0.6012987012987013 0.3825396825396825 0.014285714285714285 0.05873015873015873
2 0.5506493506493506 0.3349206349206349 0.006493506493506494 0.007936507936507936
2 0.5961038961038961 0.35079365079365077 0.01038961038961039 0.049206349206349205
2 0.5974025974025974 0.326984126984127 0.014285714285714285 0.03333333333333333
2 0.5766233766233766 0.3396825396825397 0.011688311688311689 0.046031746031746035
2 0.5701298701298702 0.3111111111111111 0.015584415584415584 0.047619047619047616
2 0.5831168831168831 0.2841269841269841 0.015584415584415584 0.04285714285714286
2 0.5584415584415584 0.2968253968253968 0.011688311688311689 0.044444444444444446
2 0.548051948051948 0.2777777777777778 0.011688311688311689 0.044444444444444446
2 0.538961038961039 0.25873015873015875 0.00909090909090909 0.03968253968253968
2 0.5675324675324676 0.25873015873015875 0.011688311688311689 0.04126984126984127
2 0.5402597402597402 0.23492063492063492 0.011688311688311689 0.025396825396825397
2 0.5545454545454546 0.23174603174603176 0.00909090909090909 0.03968253968253968
2 0.5298701298701298 0.20952380952380953 0.00909090909090909 0.031746031746031744
2 0.5402597402597402 0.2126984126984127 0.007792207792207792 0.023809523809523808
2 0.4792207792207792 0.20793650793650795 0.007792207792207792 0.02857142857142857
2 0.4805194805194805 0.18095238095238095 0.00909090909090909 0.023809523809523808
2 0.4922077922077922 0.17936507936507937 0.006493506493506494 0.026984126984126985
2 0.4974025974025974 0.16825396825396827 0.005194805194805195 0.025396825396825397
2 0.4974025974025974 0.173015873015873 0.005194805194805195 0.023809523809523808
2 0.5025974025974026 0.16031746031746033 0.005194805194805195 0.01904761904761905
2 0.5103896103896104 0.1619047619047619 0.003896103896103896 0.022222222222222223
2 0.4883116883116883 0.1492063492063492 0.003896103896103896 0.01746031746031746
2 0.4961038961038961 0.15079365079365079 0.003896103896103896 0.015873015873015872
2 0.5064935064935064 0.14444444444444443 0.005194805194805195 0.015873015873015872
2 0.5025974025974026 0.13333333333333333 0.003896103896103896 0.014285714285714285
2 0.4805194805194805 0.13968253968253969 0.003896103896103896 0.014285714285714285
2 0.4844155844155844 0.11587301587301588 0.003896103896103896 0.020634920634920634
2 0.5051948051948052 0.1111111111111111 0.005194805194805195 0.012698412698412698
1 0.4792207792207792 0.10952380952380952 0.012987012987012988 0.014285714285714285
2 0.487012987012987 0.10793650793650794 0.0025974025974025974 0.009523809523809525
1 0.4948051948051948 0.1111111111111111 0.01038961038961039 0.01904761904761905
1 0.5 0.09682539682539683 0.007792207792207792 0.01746031746031746
1 0.5064935064935064 0.09523809523809523 0.007792207792207792 0.011111111111111112
1 0.4909090909090909 0.09682539682539683 0.00909090909090909 0.012698412698412698
3 0.4662337662337662 0.13333333333333333 0.01818181818181818 0.050793650793650794
1 0.4636363636363636 0.16507936507936508 0.014285714285714285 0.0380952380952381
1 0.4909090909090909 0.1349206349206349 0.012987012987012988 0.025396825396825397
1 0.509090909090909 0.21904761904761905 0.02987012987012987 0.05238095238095238
1 0.5064935064935064 0.18095238095238095 0.014285714285714285 0.011111111111111112
1 0.5181818181818182 0.273015873015873 0.02727272727272727 0.06984126984126984
1 0.6441558441558441 0.638095238095238 0.08961038961038961 0.14761904761904762