0 0.6441558441558441 0.9238095238095239 0.16753246753246753 0.1523809523809524
2 0.5363636363636364 0.9380952380952381 0.033766233766233764 0.12380952380952381
2 0.7506493506493507 0.9873015873015873 0.01818181818181818 0.023809523809523808
2 0.9194805194805195 0.9634920634920635 0.04155844155844156 0.07301587301587302
2 0.8207792207792208 0.765079365079365 0.046753246753246755 0.17936507936507937
2 0.7207792207792207 0.8555555555555555 0.04285714285714286 0.16507936507936508
1 0.7389610389610389 0.6777777777777778 0.1 0.19682539682539682
2 0.7168831168831169 0.5476190476190477 0.02727272727272727 0.09523809523809523
2 0.687012987012987 0.5698412698412698 0.02207792207792208 0.10158730158730159
2 0.638961038961039 0.5142857142857142 0.02207792207792208 0.09047619047619047
2 0.6 0.5174603174603175 0.02077922077922078 0.09841269841269841
2 0.6376623376623377 0.4174603174603175 0.01818181818181818 0.07936507936507936
2 0.6116883116883117 0.3492063492063492 0.016883116883116882 0.05873015873015873
3 0.5233766233766234 0.4793650793650794 0.07012987012987013 0.17936507936507937
2 0.5428571428571428 0.37142857142857144 0.016883116883116882 0.06031746031746032
2 0.5584415584415584 0.2777777777777778 0.014285714285714285 0.05396825396825397
2 0.5337662337662338 0.24126984126984127 0.011688311688311689 0.04126984126984127
2 0.5363636363636364 0.21428571428571427 0.01038961038961039 0.031746031746031744
2 0.5103896103896104 0.15555555555555556 0.006493506493506494 0.023809523809523808
1 0.4766233766233766 0.13333333333333333 0.012987012987012988 0.02857142857142857
2 0.4844155844155844 0.14444444444444443 0.005194805194805195 0.025396825396825397
2 0.4896103896103896 0.14761904761904762 0.005194805194805195 0.022222222222222223
2 0.487012987012987 0.1253968253968254 0.007792207792207792 0.014285714285714285
2 0.4948051948051948 0.12222222222222222 0.005194805194805195 0.01746031746031746
2 0.4948051948051948 0.10952380952380952 0.0025974025974025974 0.011111111111111112
2 0.5038961038961038 0.12857142857142856 0.005194805194805195 0.015873015873015872
2 0.5025974025974026 0.10317460317460317 0.003896103896103896 0.015873015873015872
1 0.5 0.3761904761904762 0.04025974025974026 0.07936507936507936
1 0.5883116883116883 0.4380952380952381 0.04935064935064935 0.09682539682539683
1 0.5441558441558442 0.7206349206349206 0.08181818181818182 0.2126984126984127
1 0.6428571428571429 0.6841269841269841 0.08571428571428572 0.20476190476190476