1 0.7519480519480519 0.9285714285714286 0.14285714285714285 0.14285714285714285
1 0.5415584415584416 0.6428571428571429 0.08181818181818182 0.173015873015873
1 0.4922077922077922 0.30793650793650795 0.033766233766233764 0.08253968253968254
1 0.5493506493506494 0.319047619047619 0.03636363636363636 0.05873015873015873
1 0.5103896103896104 0.2523809523809524 0.02987012987012987 0.050793650793650794
1 0.4831168831168831 0.20952380952380953 0.024675324675324677 0.04126984126984127
1 0.5077922077922078 0.14761904761904762 0.015584415584415584 0.031746031746031744
1 0.4714285714285714 0.11428571428571428 0.00909090909090909 0.022222222222222223
1 0.4935064935064935 0.10158730158730159 0.01818181818181818 0.014285714285714285
1 0.5038961038961038 0.09047619047619047 0.01038961038961039 0.014285714285714285
3 0.4662337662337662 0.13333333333333333 0.014285714285714285 0.046031746031746035
3 0.5051948051948052 0.37777777777777777 0.05974025974025974 0.11587301587301588
0 0.6064935064935065 0.42857142857142855 0.11038961038961038 0.2650793650793651
2 0.8844155844155844 0.9492063492063492 0.04415584415584416 0.10158730158730159
2 0.8025974025974026 0.8888888888888888 0.05844155844155844 0.1349206349206349
2 0.7584415584415585 0.6952380952380952 0.03896103896103896 0.14761904761904762
2 0.7233766233766233 0.6079365079365079 0.023376623376623377 0.10476190476190476
2 0.6038961038961039 0.6682539682539682 0.025974025974025976 0.14285714285714285
2 0.5454545454545454 0.3825396825396825 0.02727272727272727 0.08095238095238096
2 0.5974025974025974 0.2984126984126984 0.03116883116883117 0.04285714285714286
2 0.4844155844155844 0.14761904761904762 0.00909090909090909 0.025396825396825397
2 0.4987012987012987 0.12698412698412698 0.011688311688311689 0.01746031746031746
2 0.5103896103896104 0.10158730158730159 0.007792207792207792 0.020634920634920634