1 0.5688311688311688 0.5761904761904761 0.05194805194805195 0.1634920634920635
1 0.7662337662337663 0.6952380952380952 0.09350649350649351 0.22380952380952382
2 0.5246753246753246 0.734920634920635 0.03766233766233766 0.15555555555555556
2 0.5948051948051948 0.780952380952381 0.04935064935064935 0.17142857142857143
2 0.535064935064935 0.9476190476190476 0.06233766233766234 0.10476190476190476
2 0.6610389610389611 0.6412698412698413 0.03766233766233766 0.14126984126984127
2 0.6038961038961039 0.5142857142857142 0.023376623376623377 0.08571428571428572
2 0.5 0.473015873015873 0.025974025974025976 0.08412698412698413
2 0.5727272727272728 0.34285714285714286 0.01818181818181818 0.06190476190476191
2 0.5194805194805194 0.27936507936507937 0.01948051948051948 0.05714285714285714
1 0.5675324675324676 0.2873015873015873 0.033766233766233764 0.06031746031746032
1 0.5077922077922078 0.1984126984126984 0.02207792207792208 0.050793650793650794
2 0.5441558441558442 0.23492063492063492 0.011688311688311689 0.0380952380952381
2 0.4961038961038961 0.1634920634920635 0.007792207792207792 0.02857142857142857
2 0.4909090909090909 0.1349206349206349 0.00909090909090909 0.02857142857142857
2 0.4909090909090909 0.1 0.005194805194805195 0.01746031746031746
2 0.4974025974025974 0.10476190476190476 0.003896103896103896 0.01746031746031746
2 0.5064935064935064 0.10476190476190476 0.003896103896103896 0.014285714285714285
2 0.5675324675324676 0.2365079365079365 0.014285714285714285 0.044444444444444446