1 0.5636363636363636 0.780952380952381 0.07532467532467532 0.25873015873015875
1 0.6636363636363637 0.7634920634920634 0.07272727272727272 0.23015873015873015
1 0.7155844155844155 0.9206349206349206 0.07532467532467532 0.15873015873015872
1 0.5961038961038961 0.9476190476190476 0.06753246753246753 0.10317460317460317
1 0.5467532467532468 0.6174603174603175 0.06493506493506493 0.17777777777777778
1 0.5272727272727272 0.4984126984126984 0.04285714285714286 0.1
1 0.6142857142857143 0.5428571428571428 0.07532467532467532 0.15873015873015872
1 0.6909090909090909 0.4984126984126984 0.06623376623376623 0.14126984126984127
1 0.525974025974026 0.4126984126984127 0.02987012987012987 0.06984126984126984
1 0.5818181818181818 0.4126984126984127 0.03506493506493506 0.09047619047619047
1 0.6376623376623377 0.43174603174603177 0.02987012987012987 0.08888888888888889
1 0.5441558441558442 0.326984126984127 0.02207792207792208 0.05714285714285714
1 0.5844155844155844 0.326984126984127 0.02857142857142857 0.04285714285714286
1 0.5 0.2984126984126984 0.02727272727272727 0.049206349206349205
1 0.525974025974026 0.2714285714285714 0.02077922077922078 0.049206349206349205
1 0.4922077922077922 0.25555555555555554 0.024675324675324677 0.04285714285714286
1 0.4753246753246753 0.2365079365079365 0.023376623376623377 0.04126984126984127
2 0.4974025974025974 0.2253968253968254 0.01038961038961039 0.03015873015873016
1 0.5077922077922078 0.2126984126984127 0.012987012987012988 0.031746031746031744
1 0.5207792207792208 0.18412698412698414 0.014285714285714285 0.026984126984126985
2 0.4883116883116883 0.18253968253968253 0.00909090909090909 0.03333333333333333
1 0.5 0.16984126984126985 0.012987012987012988 0.03015873015873016
2 0.474025974025974 0.18253968253968253 0.006493506493506494 0.023809523809523808
2 0.4727272727272727 0.1746031746031746 0.007792207792207792 0.03333333333333333
2 0.4805194805194805 0.173015873015873 0.00909090909090909 0.03015873015873016
1 0.4857142857142857 0.15555555555555556 0.01038961038961039 0.01904761904761905
1 0.4636363636363636 0.13968253968253969 0.00909090909090909 0.022222222222222223
2 0.4662337662337662 0.1492063492063492 0.005194805194805195 0.022222222222222223
2 0.4779220779220779 0.1365079365079365 0.006493506493506494 0.022222222222222223
1 0.4844155844155844 0.14285714285714285 0.007792207792207792 0.014285714285714285
1 0.4688311688311688 0.12222222222222222 0.007792207792207792 0.014285714285714285
1 0.4857142857142857 0.12857142857142856 0.007792207792207792 0.01746031746031746
2 0.4792207792207792 0.11746031746031746 0.005194805194805195 0.01904761904761905
1 0.4857142857142857 0.11746031746031746 0.006493506493506494 0.011111111111111112
3 0.4805194805194805 0.09365079365079365 0.01038961038961039 0.02857142857142857
1 0.4831168831168831 0.10634920634920635 0.006493506493506494 0.011111111111111112
1 0.4974025974025974 0.09682539682539683 0.006493506493506494 0.01746031746031746
2 0.5 0.10793650793650794 0.003896103896103896 0.014285714285714285
2 0.5051948051948052 0.10476190476190476 0.005194805194805195 0.015873015873015872
1 0.5038961038961038 0.09841269841269841 0.006493506493506494 0.01746031746031746
1 0.4922077922077922 0.09206349206349207 0.005194805194805195 0.014285714285714285
1 0.4701298701298701 0.20476190476190476 0.016883116883116882 0.03333333333333333
1 0.5558441558441558 0.2365079365079365 0.015584415584415584 0.046031746031746035
1 0.5168831168831168 0.24285714285714285 0.015584415584415584 0.03333333333333333
2 0.9337662337662338 0.9619047619047619 0.02857142857142857 0.0761904761904762
2 0.9077922077922078 0.9095238095238095 0.03766233766233766 0.11587301587301588
2 0.8753246753246753 0.9603174603174603 0.032467532467532464 0.07936507936507936
2 0.8558441558441559 0.9063492063492063 0.04155844155844156 0.11587301587301588
2 0.8077922077922078 0.9476190476190476 0.045454545454545456 0.10476190476190476
2 0.7727272727272727 0.8793650793650793 0.03896103896103896 0.12857142857142856
2 0.8051948051948052 0.8492063492063492 0.03766233766233766 0.1253968253968254
2 0.7402597402597403 0.8047619047619048 0.02727272727272727 0.1
2 0.7740259740259741 0.7714285714285715 0.02987012987012987 0.10476190476190476
2 0.7155844155844155 0.7301587301587301 0.024675324675324677 0.10158730158730159
2 0.7272727272727273 0.7126984126984127 0.024675324675324677 0.0746031746031746
2 0.7454545454545455 0.7158730158730159 0.02987012987012987 0.10793650793650794
2 0.7779220779220779 0.7095238095238096 0.02857142857142857 0.09682539682539683
2 0.7363636363636363 0.638095238095238 0.02077922077922078 0.09206349206349207
2 0.7 0.6047619047619047 0.02077922077922078 0.05396825396825397
2 0.6987012987012987 0.6682539682539682 0.03506493506493506 0.1
2 0.6649350649350649 0.5952380952380952 0.024675324675324677 0.07301587301587302
2 0.6597402597402597 0.6428571428571429 0.02727272727272727 0.046031746031746035
2 0.612987012987013 0.6825396825396826 0.024675324675324677 0.10158730158730159
2 0.6233766233766234 0.6238095238095238 0.024675324675324677 0.0761904761904762
2 0.5987012987012987 0.6142857142857143 0.02077922077922078 0.09206349206349207
2 0.6480519480519481 0.5396825396825397 0.02077922077922078 0.09523809523809523
2 0.6090909090909091 0.4 0.012987012987012988 0.06507936507936508
2 0.6701298701298701 0.4253968253968254 0.02077922077922078 0.04126984126984127
2 0.6545454545454545 0.40793650793650793 0.012987012987012988 0.05396825396825397
2 0.6376623376623377 0.3825396825396825 0.015584415584415584 0.046031746031746035
2 0.612987012987013 0.35873015873015873 0.012987012987012988 0.04285714285714286
2 0.6168831168831169 0.46984126984126984 0.015584415584415584 0.06031746031746032
2 0.6246753246753247 0.35555555555555557 0.012987012987012988 0.050793650793650794
2 0.6298701298701299 0.34285714285714286 0.012987012987012988 0.044444444444444446
2 0.6038961038961039 0.3126984126984127 0.012987012987012988 0.049206349206349205
2 0.577922077922078 0.353968253968254 0.011688311688311689 0.04285714285714286
2 0.5935064935064935 0.37142857142857144 0.015584415584415584 0.050793650793650794
2 0.5922077922077922 0.2968253968253968 0.012987012987012988 0.03492063492063492
2 0.5805194805194805 0.27936507936507937 0.00909090909090909 0.03333333333333333
2 0.5571428571428572 0.3047619047619048 0.01038961038961039 0.049206349206349205
2 0.561038961038961 0.2746031746031746 0.01038961038961039 0.031746031746031744
2 0.5688311688311688 0.26031746031746034 0.01038961038961039 0.03968253968253968
2 0.5792207792207792 0.2619047619047619 0.00909090909090909 0.02857142857142857
2 0.548051948051948 0.4031746031746032 0.016883116883116882 0.05873015873015873
2 0.548051948051948 0.38095238095238093 0.011688311688311689 0.04285714285714286
2 0.5493506493506494 0.3523809523809524 0.014285714285714285 0.026984126984126985
2 0.4987012987012987 0.3333333333333333 0.01038961038961039 0.06031746031746032
2 0.512987012987013 0.3396825396825397 0.011688311688311689 0.044444444444444446
2 0.5012987012987012 0.5428571428571428 0.015584415584415584 0.0873015873015873
2 0.4909090909090909 0.5126984126984127 0.016883116883116882 0.09365079365079365
2 0.5 0.4587301587301587 0.014285714285714285 0.0746031746031746
2 0.4896103896103896 0.4396825396825397 0.011688311688311689 0.06825396825396825
2 0.487012987012987 0.3984126984126984 0.014285714285714285 0.06190476190476191
2 0.4792207792207792 0.36984126984126986 0.01038961038961039 0.047619047619047616
2 0.4909090909090909 0.3603174603174603 0.01038961038961039 0.05396825396825397
2 0.5181818181818182 0.36666666666666664 0.014285714285714285 0.046031746031746035
2 0.4792207792207792 0.3492063492063492 0.007792207792207792 0.04126984126984127
2 0.4779220779220779 0.326984126984127 0.01038961038961039 0.03968253968253968
2 0.4753246753246753 0.3 0.011688311688311689 0.050793650793650794
2 0.4844155844155844 0.2904761904761905 0.007792207792207792 0.03968253968253968
2 0.4779220779220779 0.24444444444444444 0.00909090909090909 0.026984126984126985
2 0.5337662337662338 0.2253968253968254 0.005194805194805195 0.03492063492063492
2 0.5467532467532468 0.26666666666666666 0.007792207792207792 0.0380952380952381
2 0.5402597402597402 0.2492063492063492 0.006493506493506494 0.03492063492063492
2 0.5415584415584416 0.23333333333333334 0.007792207792207792 0.025396825396825397
2 0.5272727272727272 0.21428571428571427 0.006493506493506494 0.03015873015873016
2 0.5207792207792208 0.20476190476190476 0.007792207792207792 0.025396825396825397
2 0.5337662337662338 0.20793650793650795 0.006493506493506494 0.022222222222222223
2 0.5 0.18571428571428572 0.00909090909090909 0.023809523809523808
2 0.4948051948051948 0.14126984126984127 0.003896103896103896 0.01904761904761905
2 0.4987012987012987 0.14603174603174604 0.003896103896103896 0.020634920634920634
2 0.5077922077922078 0.1492063492063492 0.005194805194805195 0.025396825396825397
2 0.5116883116883116 0.1523809523809524 0.005194805194805195 0.026984126984126985
2 0.5194805194805194 0.15714285714285714 0.006493506493506494 0.020634920634920634
2 0.5051948051948052 0.14126984126984127 0.006493506493506494 0.025396825396825397
2 0.4935064935064935 0.11904761904761904 0.005194805194805195 0.01904761904761905
2 0.4987012987012987 0.13174603174603175 0.005194805194805195 0.01746031746031746
2 0.4987012987012987 0.12380952380952381 0.005194805194805195 0.01746031746031746
2 0.5116883116883116 0.09841269841269841 0.003896103896103896 0.014285714285714285
2 0.5038961038961038 0.12380952380952381 0.003896103896103896 0.020634920634920634