2 0.8103896103896104 0.9174603174603174 0.03896103896103896 0.13333333333333333
2 0.8051948051948052 0.8047619047619048 0.032467532467532464 0.1349206349206349
2 0.7428571428571429 0.7380952380952381 0.02987012987012987 0.1365079365079365
2 0.7610389610389611 0.7047619047619048 0.02727272727272727 0.12857142857142856
2 0.7064935064935065 0.6571428571428571 0.03116883116883117 0.1253968253968254
2 0.7259740259740259 0.6317460317460317 0.02727272727272727 0.11587301587301588
2 0.6077922077922078 0.753968253968254 0.03506493506493506 0.12857142857142856
2 0.5051948051948052 0.765079365079365 0.02987012987012987 0.13968253968253969
2 0.5896103896103896 0.6015873015873016 0.02077922077922078 0.10634920634920635
2 0.5805194805194805 0.5396825396825397 0.01818181818181818 0.09365079365079365
2 0.5935064935064935 0.5095238095238095 0.01818181818181818 0.08571428571428572
2 0.5818181818181818 0.4777777777777778 0.016883116883116882 0.0761904761904762
2 0.625974025974026 0.4777777777777778 0.02077922077922078 0.08253968253968254
2 0.6909090909090909 0.4873015873015873 0.01948051948051948 0.07936507936507936
2 0.6623376623376623 0.4650793650793651 0.01818181818181818 0.05714285714285714
2 0.6337662337662338 0.4380952380952381 0.014285714285714285 0.06031746031746032
2 0.6454545454545455 0.4380952380952381 0.015584415584415584 0.07142857142857142
2 0.6584415584415585 0.42857142857142855 0.01948051948051948 0.06507936507936508
2 0.6246753246753247 0.4126984126984127 0.012987012987012988 0.05714285714285714
2 0.6350649350649351 0.4 0.015584415584415584 0.044444444444444446
2 0.6311688311688312 0.373015873015873 0.012987012987012988 0.046031746031746035
2 0.6441558441558441 0.35714285714285715 0.015584415584415584 0.06190476190476191
2 0.5974025974025974 0.4158730158730159 0.016883116883116882 0.06031746031746032
2 0.6012987012987013 0.39365079365079364 0.011688311688311689 0.05555555555555555
2 0.6077922077922078 0.3746031746031746 0.014285714285714285 0.06031746031746032
2 0.5844155844155844 0.36507936507936506 0.012987012987012988 0.050793650793650794
2 0.5714285714285714 0.3476190476190476 0.014285714285714285 0.044444444444444446
2 0.5896103896103896 0.3412698412698413 0.014285714285714285 0.05714285714285714
2 0.6090909090909091 0.3492063492063492 0.012987012987012988 0.03968253968253968
2 0.6090909090909091 0.33015873015873015 0.012987012987012988 0.04126984126984127
2 0.6038961038961039 0.3142857142857143 0.01038961038961039 0.04285714285714286
2 0.5909090909090909 0.3111111111111111 0.011688311688311689 0.044444444444444446
2 0.5909090909090909 0.29523809523809524 0.011688311688311689 0.03650793650793651
2 0.564935064935065 0.3047619047619048 0.015584415584415584 0.04285714285714286
2 0.5155844155844156 0.34444444444444444 0.014285714285714285 0.05555555555555555
2 0.5103896103896104 0.3238095238095238 0.00909090909090909 0.049206349206349205
2 0.5168831168831168 0.30952380952380953 0.011688311688311689 0.049206349206349205
2 0.5272727272727272 0.29365079365079366 0.00909090909090909 0.03968253968253968
2 0.5337662337662338 0.319047619047619 0.011688311688311689 0.05396825396825397
2 0.5506493506493506 0.28095238095238095 0.011688311688311689 0.05238095238095238
2 0.5636363636363636 0.2841269841269841 0.01038961038961039 0.0380952380952381
2 0.564935064935065 0.26666666666666666 0.01038961038961039 0.04126984126984127
1 0.535064935064935 0.6444444444444445 0.05584415584415584 0.15873015873015872
1 0.6454545454545455 0.6349206349206349 0.05714285714285714 0.1380952380952381
3 0.6324675324675325 0.9142857142857143 0.11948051948051948 0.17142857142857143
1 0.5584415584415584 0.8476190476190476 0.05714285714285714 0.23333333333333334
1 0.6857142857142857 0.8015873015873016 0.07662337662337662 0.18412698412698414
1 0.6727272727272727 0.5253968253968254 0.04155844155844156 0.09841269841269841
1 0.5311688311688312 0.5301587301587302 0.03766233766233766 0.09365079365079365
1 0.5077922077922078 0.44761904761904764 0.03636363636363636 0.09523809523809523
1 0.5636363636363636 0.4095238095238095 0.032467532467532464 0.08095238095238096
1 0.4987012987012987 0.3761904761904762 0.03116883116883117 0.06507936507936508
1 0.5493506493506494 0.3523809523809524 0.024675324675324677 0.06031746031746032
1 0.4922077922077922 0.2920634920634921 0.025974025974025976 0.05396825396825397
2 0.4883116883116883 0.33650793650793653 0.01818181818181818 0.05555555555555555
1 0.5233766233766234 0.25873015873015875 0.02077922077922078 0.044444444444444446
1 0.4792207792207792 0.2571428571428571 0.01948051948051948 0.044444444444444446
2 0.5012987012987012 0.25555555555555554 0.012987012987012988 0.04126984126984127
1 0.5116883116883116 0.22698412698412698 0.016883116883116882 0.03015873015873016
1 0.4779220779220779 0.22698412698412698 0.016883116883116882 0.031746031746031744
1 0.535064935064935 0.21428571428571427 0.015584415584415584 0.0380952380952381
1 0.474025974025974 0.19523809523809524 0.012987012987012988 0.03333333333333333
1 0.5 0.19047619047619047 0.01038961038961039 0.025396825396825397
1 0.4636363636363636 0.18253968253968253 0.00909090909090909 0.023809523809523808
1 0.4844155844155844 0.17142857142857143 0.00909090909090909 0.020634920634920634
1 0.512987012987013 0.18095238095238095 0.01038961038961039 0.023809523809523808
1 0.4623376623376623 0.1634920634920635 0.011688311688311689 0.01904761904761905
1 0.4636363636363636 0.14603174603174604 0.01038961038961039 0.022222222222222223
1 0.4662337662337662 0.12380952380952381 0.01038961038961039 0.022222222222222223
1 0.4766233766233766 0.11587301587301588 0.00909090909090909 0.020634920634920634
1 0.4857142857142857 0.14285714285714285 0.01038961038961039 0.020634920634920634
1 0.5025974025974026 0.1523809523809524 0.014285714285714285 0.022222222222222223
2 0.4935064935064935 0.22380952380952382 0.00909090909090909 0.03650793650793651
2 0.574025974025974 0.2396825396825397 0.01038961038961039 0.0380952380952381
2 0.5558441558441558 0.23174603174603176 0.01038961038961039 0.02857142857142857
2 0.5545454545454546 0.2523809523809524 0.01038961038961039 0.025396825396825397
2 0.5233766233766234 0.20317460317460317 0.007792207792207792 0.031746031746031744
2 0.4896103896103896 0.18253968253968253 0.00909090909090909 0.03015873015873016
2 0.4987012987012987 0.16825396825396827 0.00909090909090909 0.023809523809523808
2 0.522077922077922 0.18095238095238095 0.005194805194805195 0.020634920634920634
2 0.5311688311688312 0.19047619047619047 0.01038961038961039 0.022222222222222223
2 0.4857142857142857 0.15079365079365079 0.006493506493506494 0.022222222222222223
3 0.4909090909090909 0.12857142857142856 0.00909090909090909 0.020634920634920634
2 0.5168831168831168 0.16507936507936508 0.006493506493506494 0.023809523809523808
2 0.5116883116883116 0.1523809523809524 0.006493506493506494 0.025396825396825397
2 0.5025974025974026 0.12857142857142856 0.005194805194805195 0.01746031746031746
1 0.5 0.20634920634920634 0.012987012987012988 0.023809523809523808
2 0.4818181818181818 0.10634920634920635 0.007792207792207792 0.022222222222222223
2 0.487012987012987 0.10317460317460317 0.003896103896103896 0.023809523809523808
2 0.5 0.11746031746031746 0.005194805194805195 0.020634920634920634
2 0.5051948051948052 0.11428571428571428 0.003896103896103896 0.01746031746031746
2 0.9285714285714286 0.9777777777777777 0.05064935064935065 0.044444444444444446