1 0.7155844155844155 0.9555555555555556 0.10909090909090909 0.0873015873015873
1 0.5337662337662338 0.6857142857142857 0.05714285714285714 0.18888888888888888
1 0.6285714285714286 0.753968253968254 0.07792207792207792 0.2714285714285714
1 0.6909090909090909 0.5952380952380952 0.07792207792207792 0.23333333333333334
2 0.5857142857142857 0.5920634920634921 0.04285714285714286 0.08571428571428572
2 0.587012987012987 0.580952380952381 0.006493506493506494 0.0761904761904762
2 0.6051948051948052 0.5492063492063493 0.04285714285714286 0.08571428571428572
2 0.6285714285714286 0.5682539682539682 0.023376623376623377 0.06507936507936508
2 0.6233766233766234 0.5333333333333333 0.033766233766233764 0.08095238095238096
2 0.6337662337662338 0.49206349206349204 0.02987012987012987 0.0746031746031746
1 0.6519480519480519 0.44285714285714284 0.06753246753246753 0.17142857142857143
2 0.4935064935064935 0.4888888888888889 0.03506493506493506 0.07936507936507936
2 0.522077922077922 0.45714285714285713 0.04415584415584416 0.06031746031746032
2 0.5467532467532468 0.44603174603174606 0.025974025974025976 0.08095238095238096
2 0.574025974025974 0.4777777777777778 0.032467532467532464 0.08571428571428572
2 0.5597402597402598 0.4587301587301587 0.006493506493506494 0.06666666666666667
1 0.5766233766233766 0.4365079365079365 0.04155844155844156 0.15873015873015872
1 0.5 0.40476190476190477 0.05454545454545454 0.09365079365079365
1 0.5207792207792208 0.5476190476190477 0.06623376623376623 0.1126984126984127
1 0.4805194805194805 0.2873015873015873 0.05064935064935065 0.08095238095238096
2 0.5415584415584416 0.37936507936507935 0.045454545454545456 0.07777777777777778
2 0.5324675324675324 0.33650793650793653 0.05194805194805195 0.0873015873015873
1 0.5428571428571428 0.24444444444444444 0.04155844155844156 0.06507936507936508
1 0.4662337662337662 0.17936507936507937 0.016883116883116882 0.08095238095238096
1 0.4961038961038961 0.17777777777777778 0.03116883116883117 0.06190476190476191
2 0.4844155844155844 0.12380952380952381 0.02857142857142857 0.04126984126984127
2 0.5142857142857142 0.16666666666666666 0.015584415584415584 0.06984126984126984
2 0.5701298701298702 0.3142857142857143 0.023376623376623377 0.08253968253968254
2 0.5831168831168831 0.373015873015873 0.02077922077922078 0.06666666666666667
2 0.6025974025974026 0.4031746031746032 0.01948051948051948 0.07142857142857142
2 0.6051948051948052 0.34285714285714286 0.02727272727272727 0.08095238095238096
2 0.6337662337662338 0.35555555555555557 0.024675324675324677 0.07936507936507936
2 0.6961038961038961 0.6587301587301587 0.04285714285714286 0.06507936507936508
2 0.7350649350649351 0.7317460317460317 0.05064935064935065 0.15079365079365079
2 0.7402597402597403 0.8746031746031746 0.08051948051948052 0.17142857142857143
2 0.7805194805194805 0.7698412698412699 0.04935064935064935 0.07777777777777778
2 0.7740259740259741 0.7317460317460317 0.04025974025974026 0.13333333333333333
2 0.7714285714285715 0.6777777777777778 0.06233766233766234 0.1634920634920635
2 0.7181818181818181 0.6682539682539682 0.04415584415584416 0.13174603174603175
2 0.7948051948051948 0.8476190476190476 0.05454545454545454 0.10476190476190476
2 0.8103896103896104 0.9523809523809523 0.045454545454545456 0.09523809523809523
2 0.8233766233766234 0.9571428571428572 0.05974025974025974 0.07301587301587302
2 0.8597402597402597 0.8936507936507937 0.05714285714285714 0.09365079365079365
2 0.8974025974025974 0.9492063492063492 0.03636363636363636 0.10158730158730159
2 0.951948051948052 0.9571428571428572 0.033766233766233764 0.08412698412698413
2 0.687012987012987 0.8650793650793651 0.07272727272727272 0.16825396825396827
2 0.5805194805194805 0.9555555555555556 0.04415584415584416 0.08888888888888889
2 0.6298701298701299 0.9428571428571428 0.07532467532467532 0.11428571428571428
2 0.5402597402597402 0.8904761904761904 0.06883116883116883 0.1365079365079365
2 0.5792207792207792 0.861904761904762 0.03896103896103896 0.11746031746031746
2 0.5038961038961038 0.7952380952380952 0.05194805194805195 0.08571428571428572