2 0.5545454545454546 0.8873015873015873 0.09610389610389611 0.16507936507936508
2 0.7 0.9349206349206349 0.07272727272727272 0.10793650793650794
2 0.787012987012987 0.9587301587301588 0.046753246753246755 0.08253968253968254
2 0.9025974025974026 0.9063492063492063 0.06103896103896104 0.14285714285714285
2 0.7792207792207793 0.7952380952380952 0.07532467532467532 0.16666666666666666
2 0.8181818181818182 0.7761904761904762 0.05714285714285714 0.1984126984126984
2 0.6493506493506493 0.7761904761904762 0.06753246753246753 0.11904761904761904
2 0.7051948051948052 0.6619047619047619 0.02207792207792208 0.12698412698412698
2 0.7701298701298701 0.6825396825396826 0.04935064935064935 0.07936507936507936
2 0.7467532467532467 0.638095238095238 0.048051948051948054 0.12380952380952381
2 0.6272727272727273 0.6936507936507936 0.06753246753246753 0.1634920634920635
2 0.6168831168831169 0.5825396825396826 0.046753246753246755 0.09682539682539683
2 0.6480519480519481 0.5777777777777777 0.046753246753246755 0.09206349206349207
2 0.7025974025974026 0.5761904761904761 0.03896103896103896 0.11746031746031746
1 0.5415584415584416 0.653968253968254 0.07922077922077922 0.173015873015873
2 0.5545454545454546 0.5555555555555556 0.05584415584415584 0.09523809523809523
2 0.6038961038961039 0.5063492063492063 0.05064935064935065 0.11746031746031746
2 0.6467532467532467 0.5190476190476191 0.04155844155844156 0.0873015873015873
2 0.638961038961039 0.3984126984126984 0.06623376623376623 0.07142857142857142
1 0.5558441558441558 0.42698412698412697 0.05194805194805195 0.0746031746031746
1 0.5883116883116883 0.38571428571428573 0.05194805194805195 0.1111111111111111
2 0.6103896103896104 0.3603174603174603 0.05714285714285714 0.09206349206349207
2 0.535064935064935 0.33015873015873015 0.02857142857142857 0.06984126984126984
2 0.5051948051948052 0.2650793650793651 0.03636363636363636 0.08412698412698413
2 0.5142857142857142 0.2761904761904762 0.03896103896103896 0.05238095238095238
2 0.5428571428571428 0.23174603174603176 0.045454545454545456 0.07936507936507936
1 0.4675324675324675 0.17142857142857143 0.03116883116883117 0.047619047619047616
1 0.4675324675324675 0.13174603174603175 0.01818181818181818 0.050793650793650794
1 0.4844155844155844 0.1492063492063492 0.01038961038961039 0.044444444444444446
2 0.5103896103896104 0.13968253968253969 0.014285714285714285 0.04126984126984127
2 0.4987012987012987 0.11428571428571428 0.02207792207792208 0.02857142857142857
1 0.6103896103896104 0.973015873015873 0.08051948051948052 0.05238095238095238