3 0.5857142857142857 0.7888888888888889 0.15194805194805194 0.41904761904761906
1 0.7064935064935065 0.8761904761904762 0.10779220779220779 0.24761904761904763
1 0.6675324675324675 0.6841269841269841 0.09740259740259741 0.17936507936507937
1 0.6168831168831169 0.5571428571428572 0.1025974025974026 0.11904761904761904
1 0.577922077922078 0.44126984126984126 0.06623376623376623 0.0761904761904762
1 0.6545454545454545 0.43333333333333335 0.1 0.14126984126984127
1 0.5142857142857142 0.273015873015873 0.04415584415584416 0.06507936507936508
1 0.4922077922077922 0.11904761904761904 0.01818181818181818 0.02857142857142857
2 0.8597402597402597 0.973015873015873 0.025974025974025976 0.05238095238095238
2 0.9896103896103896 0.9793650793650793 0.01948051948051948 0.03968253968253968
2 0.9116883116883117 0.9634920634920635 0.048051948051948054 0.07301587301587302
2 0.9103896103896104 0.9015873015873016 0.06103896103896104 0.08253968253968254
2 0.8454545454545455 0.9142857142857143 0.04415584415584416 0.1111111111111111
2 0.7896103896103897 0.9317460317460318 0.04935064935064935 0.1365079365079365
2 0.8363636363636363 0.8158730158730159 0.053246753246753244 0.1253968253968254
2 0.7987012987012987 0.8238095238095238 0.053246753246753244 0.1634920634920635
2 0.7558441558441559 0.8269841269841269 0.03766233766233766 0.15079365079365079
2 0.7428571428571429 0.734920634920635 0.02987012987012987 0.11904761904761904
2 0.5 0.6793650793650794 0.03506493506493506 0.1
2 0.6194805194805195 0.4142857142857143 0.04155844155844156 0.06984126984126984
2 0.5662337662337662 0.37142857142857144 0.01818181818181818 0.06507936507936508
2 0.5909090909090909 0.36984126984126986 0.01948051948051948 0.050793650793650794
2 0.5922077922077922 0.3333333333333333 0.023376623376623377 0.047619047619047616
2 0.4818181818181818 0.2222222222222222 0.012987012987012988 0.044444444444444446
2 0.5038961038961038 0.17777777777777778 0.00909090909090909 0.03968253968253968
2 0.4948051948051948 0.15555555555555556 0.016883116883116882 0.02857142857142857
2 0.4753246753246753 0.13333333333333333 0.00909090909090909 0.025396825396825397
2 0.4727272727272727 0.11746031746031746 0.01038961038961039 0.015873015873015872
2 0.4987012987012987 0.10476190476190476 0.01038961038961039 0.011111111111111112
2 0.5064935064935064 0.10317460317460317 0.006493506493506494 0.012698412698412698
2 0.5 0.09365079365079365 0.006493506493506494 0.014285714285714285