1 0.5727272727272728 0.8777777777777778 0.06883116883116883 0.2253968253968254
1 0.7493506493506493 0.9 0.09090909090909091 0.2
1 0.7311688311688311 0.7111111111111111 0.06623376623376623 0.1523809523809524
1 0.6298701298701299 0.6698412698412698 0.07272727272727272 0.16031746031746033
1 0.5415584415584416 0.6682539682539682 0.06233766233766234 0.14761904761904762
1 0.5207792207792208 0.5507936507936508 0.03896103896103896 0.09047619047619047
1 0.6688311688311688 0.5238095238095238 0.04025974025974026 0.09523809523809523
1 0.6168831168831169 0.4492063492063492 0.04025974025974026 0.09206349206349207
1 0.5753246753246753 0.4634920634920635 0.03636363636363636 0.07777777777777778
3 0.512987012987013 0.42857142857142855 0.033766233766233764 0.1365079365079365
1 0.5883116883116883 0.3761904761904762 0.03896103896103896 0.08412698412698413
1 0.5454545454545454 0.3238095238095238 0.02727272727272727 0.06190476190476191
3 0.4792207792207792 0.2111111111111111 0.03506493506493506 0.08412698412698413
1 0.4818181818181818 0.3142857142857143 0.016883116883116882 0.05555555555555555
1 0.5038961038961038 0.3253968253968254 0.02207792207792208 0.03015873015873016
1 0.5636363636363636 0.28095238095238095 0.01818181818181818 0.03968253968253968
1 0.5584415584415584 0.24444444444444444 0.01038961038961039 0.023809523809523808
1 0.5207792207792208 0.24285714285714285 0.02207792207792208 0.022222222222222223
1 0.5194805194805194 0.2746031746031746 0.015584415584415584 0.023809523809523808
1 0.525974025974026 0.30317460317460315 0.01948051948051948 0.03492063492063492
1 0.4844155844155844 0.2746031746031746 0.01818181818181818 0.023809523809523808
1 0.5051948051948052 0.21904761904761905 0.014285714285714285 0.026984126984126985
1 0.5272727272727272 0.19365079365079366 0.012987012987012988 0.023809523809523808
1 0.5155844155844156 0.1761904761904762 0.007792207792207792 0.026984126984126985
1 0.5038961038961038 0.18571428571428572 0.006493506493506494 0.020634920634920634
1 0.4844155844155844 0.15396825396825398 0.007792207792207792 0.01746031746031746
1 0.4896103896103896 0.14126984126984127 0.006493506493506494 0.020634920634920634
2 0.5181818181818182 0.9698412698412698 0.02857142857142857 0.06031746031746032
2 0.6766233766233766 0.946031746031746 0.033766233766233764 0.09841269841269841
2 0.6324675324675325 0.8555555555555555 0.023376623376623377 0.11746031746031746
2 0.6688311688311688 0.8142857142857143 0.02857142857142857 0.10952380952380952
2 0.6727272727272727 0.6460317460317461 0.02727272727272727 0.1
2 0.9181818181818182 0.9492063492063492 0.033766233766233764 0.08412698412698413
2 0.8662337662337662 0.9809523809523809 0.016883116883116882 0.0380952380952381
2 0.9584415584415584 0.9809523809523809 0.02077922077922078 0.0380952380952381
2 0.8948051948051948 0.9698412698412698 0.02207792207792208 0.06031746031746032
2 0.8285714285714286 0.946031746031746 0.01948051948051948 0.09841269841269841
2 0.8571428571428571 0.9015873015873016 0.025974025974025976 0.1
2 0.8805194805194805 0.873015873015873 0.032467532467532464 0.1
2 0.8220779220779221 0.819047619047619 0.025974025974025976 0.0746031746031746
2 0.7922077922077922 0.8523809523809524 0.02987012987012987 0.09523809523809523
2 0.8012987012987013 0.7492063492063492 0.025974025974025976 0.08253968253968254
2 0.7636363636363637 0.6777777777777778 0.033766233766233764 0.1
2 0.7376623376623377 0.5587301587301587 0.02207792207792208 0.08571428571428572
2 0.7025974025974026 0.6238095238095238 0.011688311688311689 0.06825396825396825
2 0.712987012987013 0.5873015873015873 0.014285714285714285 0.07936507936507936
2 0.6779220779220779 0.5904761904761905 0.01818181818181818 0.04126984126984127
2 0.7077922077922078 0.5444444444444444 0.02077922077922078 0.05714285714285714
2 0.687012987012987 0.5015873015873016 0.02207792207792208 0.06031746031746032
2 0.6792207792207792 0.45714285714285713 0.01818181818181818 0.049206349206349205
2 0.6467532467532467 0.43492063492063493 0.016883116883116882 0.05396825396825397
2 0.6623376623376623 0.4253968253968254 0.01948051948051948 0.06349206349206349
2 0.6428571428571429 0.3904761904761905 0.015584415584415584 0.04285714285714286
2 0.6194805194805195 0.38095238095238093 0.007792207792207792 0.03492063492063492
2 0.5584415584415584 0.40793650793650793 0.012987012987012988 0.04285714285714286
2 0.5454545454545454 0.4095238095238095 0.011688311688311689 0.06349206349206349
2 0.5831168831168831 0.5682539682539682 0.02077922077922078 0.05238095238095238
2 0.6116883116883117 0.5603174603174603 0.01818181818181818 0.06031746031746032
2 0.574025974025974 0.6095238095238096 0.02207792207792208 0.0873015873015873
2 0.5597402597402598 0.5507936507936508 0.012987012987012988 0.06031746031746032
2 0.5636363636363636 0.5063492063492063 0.02207792207792208 0.049206349206349205
2 0.6363636363636364 0.353968253968254 0.012987012987012988 0.03492063492063492
2 0.6415584415584416 0.3873015873015873 0.012987012987012988 0.031746031746031744
2 0.612987012987013 0.34285714285714286 0.011688311688311689 0.050793650793650794
2 0.5571428571428572 0.3603174603174603 0.015584415584415584 0.03968253968253968
2 0.5012987012987012 0.28253968253968254 0.014285714285714285 0.049206349206349205
2 0.5363636363636364 0.24444444444444444 0.007792207792207792 0.0380952380952381
2 0.5805194805194805 0.26031746031746034 0.01818181818181818 0.0380952380952381
2 0.5792207792207792 0.3 0.00909090909090909 0.031746031746031744
2 0.5662337662337662 0.3126984126984127 0.01038961038961039 0.026984126984126985
2 0.6038961038961039 0.3142857142857143 0.011688311688311689 0.022222222222222223
2 0.6 0.3349206349206349 0.015584415584415584 0.0380952380952381
2 0.5883116883116883 0.3238095238095238 0.011688311688311689 0.03015873015873016
2 0.5909090909090909 0.30634920634920637 0.012987012987012988 0.03333333333333333
2 0.5727272727272728 0.3333333333333333 0.00909090909090909 0.025396825396825397
2 0.5532467532467532 0.21587301587301588 0.007792207792207792 0.03015873015873016
2 0.5402597402597402 0.21904761904761905 0.014285714285714285 0.02857142857142857
2 0.45324675324675323 0.19523809523809524 0.00909090909090909 0.031746031746031744
2 0.5 0.15396825396825398 0.007792207792207792 0.025396825396825397