1 0.5246753246753246 0.719047619047619 0.09480519480519481 0.23333333333333334
1 0.4935064935064935 0.3984126984126984 0.06103896103896104 0.09206349206349207
1 0.4974025974025974 0.2365079365079365 0.03506493506493506 0.05873015873015873
2 0.44935064935064933 0.10317460317460317 0.00909090909090909 0.015873015873015872
2 0.4584415584415584 0.13015873015873017 0.014285714285714285 0.023809523809523808
2 0.4779220779220779 0.14603174603174604 0.014285714285714285 0.026984126984126985
2 0.4636363636363636 0.23333333333333334 0.015584415584415584 0.04126984126984127
2 0.5012987012987012 0.1746031746031746 0.016883116883116882 0.03015873015873016
2 0.5038961038961038 0.20317460317460317 0.016883116883116882 0.03015873015873016
2 0.5701298701298702 0.33174603174603173 0.02857142857142857 0.07142857142857142
2 0.6090909090909091 0.49047619047619045 0.02857142857142857 0.08571428571428572
2 0.7753246753246753 0.7603174603174603 0.05064935064935065 0.1365079365079365