2 0.6844155844155844 0.7523809523809524 0.04935064935064935 0.1492063492063492
2 0.8623376623376623 0.873015873015873 0.05194805194805195 0.15555555555555556
2 0.7532467532467533 0.6984126984126984 0.04285714285714286 0.1365079365079365
2 0.7285714285714285 0.6095238095238096 0.03116883116883117 0.11904761904761904
2 0.8363636363636363 0.3968253968253968 0.012987012987012988 0.04285714285714286
2 0.6636363636363637 0.5603174603174603 0.03116883116883117 0.10952380952380952
2 0.687012987012987 0.5365079365079365 0.025974025974025976 0.09365079365079365
2 0.6779220779220779 0.4888888888888889 0.025974025974025976 0.07936507936507936
2 0.6571428571428571 0.44126984126984126 0.024675324675324677 0.08888888888888889
2 0.4961038961038961 0.5079365079365079 0.025974025974025976 0.10158730158730159
2 0.4883116883116883 0.38412698412698415 0.016883116883116882 0.05238095238095238
2 0.5116883116883116 0.36507936507936506 0.016883116883116882 0.05555555555555555
2 0.5246753246753246 0.40634920634920635 0.02077922077922078 0.0746031746031746
2 0.5168831168831168 0.3126984126984127 0.01948051948051948 0.05714285714285714
2 0.5298701298701298 0.3349206349206349 0.01948051948051948 0.06507936507936508
2 0.5532467532467532 0.3492063492063492 0.016883116883116882 0.050793650793650794
2 0.5792207792207792 0.38095238095238093 0.01818181818181818 0.05396825396825397
2 0.6285714285714286 0.38571428571428573 0.02077922077922078 0.05714285714285714
2 0.6155844155844156 0.35555555555555557 0.015584415584415584 0.06507936507936508
2 0.6038961038961039 0.3634920634920635 0.015584415584415584 0.06031746031746032
2 0.5623376623376624 0.2873015873015873 0.00909090909090909 0.03333333333333333
2 0.5818181818181818 0.33650793650793653 0.01818181818181818 0.05238095238095238
2 0.5974025974025974 0.32063492063492066 0.015584415584415584 0.05396825396825397
2 0.5883116883116883 0.2968253968253968 0.02207792207792208 0.05238095238095238
2 0.5701298701298702 0.32222222222222224 0.016883116883116882 0.05555555555555555
2 0.4779220779220779 0.2714285714285714 0.016883116883116882 0.031746031746031744
2 0.4909090909090909 0.2714285714285714 0.01038961038961039 0.03015873015873016
2 0.5025974025974026 0.28888888888888886 0.011688311688311689 0.03015873015873016
2 0.535064935064935 0.2523809523809524 0.014285714285714285 0.03492063492063492
2 0.564935064935065 0.24444444444444444 0.014285714285714285 0.020634920634920634
2 0.4857142857142857 0.23015873015873015 0.011688311688311689 0.03968253968253968
2 0.4987012987012987 0.21428571428571427 0.011688311688311689 0.03333333333333333
2 0.525974025974026 0.19047619047619047 0.007792207792207792 0.026984126984126985
2 0.535064935064935 0.18571428571428572 0.00909090909090909 0.023809523809523808
2 0.4818181818181818 0.1761904761904762 0.00909090909090909 0.026984126984126985
2 0.5103896103896104 0.1984126984126984 0.01038961038961039 0.020634920634920634
2 0.4909090909090909 0.16507936507936508 0.005194805194805195 0.011111111111111112
2 0.5 0.16031746031746033 0.006493506493506494 0.023809523809523808
2 0.5064935064935064 0.14761904761904762 0.005194805194805195 0.022222222222222223
2 0.512987012987013 0.15079365079365079 0.00909090909090909 0.01904761904761905
2 0.522077922077922 0.16507936507936508 0.011688311688311689 0.03015873015873016
1 0.8051948051948052 0.8888888888888888 0.14805194805194805 0.2222222222222222
1 0.612987012987013 0.6 0.08441558441558442 0.1761904761904762
1 0.5363636363636364 0.6523809523809524 0.07792207792207792 0.18095238095238095
1 0.509090909090909 0.44126984126984126 0.053246753246753244 0.1126984126984127
1 0.564935064935065 0.42698412698412697 0.05584415584415584 0.1126984126984127
1 0.6168831168831169 0.43492063492063493 0.05844155844155844 0.09682539682539683
1 0.538961038961039 0.30158730158730157 0.033766233766233764 0.06031746031746032
1 0.5675324675324676 0.2761904761904762 0.033766233766233764 0.050793650793650794
1 0.512987012987013 0.25555555555555554 0.03636363636363636 0.05555555555555555
1 0.4896103896103896 0.32063492063492066 0.04155844155844156 0.0761904761904762
1 0.4753246753246753 0.24761904761904763 0.02727272727272727 0.050793650793650794
1 0.5168831168831168 0.22698412698412698 0.02077922077922078 0.0380952380952381
1 0.5376623376623376 0.21746031746031746 0.024675324675324677 0.044444444444444446
1 0.4688311688311688 0.2126984126984127 0.023376623376623377 0.03968253968253968
1 0.4662337662337662 0.18253968253968253 0.02077922077922078 0.03492063492063492
1 0.4935064935064935 0.18888888888888888 0.016883116883116882 0.03333333333333333
1 0.512987012987013 0.1761904761904762 0.02077922077922078 0.03492063492063492
1 0.4623376623376623 0.15079365079365079 0.01948051948051948 0.02857142857142857
1 0.4987012987012987 0.13333333333333333 0.014285714285714285 0.01904761904761905
1 0.5 0.12222222222222222 0.014285714285714285 0.007936507936507936
1 0.5012987012987012 0.11428571428571428 0.01038961038961039 0.009523809523809525
1 0.5038961038961038 0.10476190476190476 0.006493506493506494 0.009523809523809525
1 0.4857142857142857 0.14603174603174604 0.01818181818181818 0.03333333333333333
1 0.4779220779220779 0.14761904761904762 0.01038961038961039 0.020634920634920634
1 0.4805194805194805 0.13015873015873017 0.011688311688311689 0.011111111111111112
1 0.4818181818181818 0.12222222222222222 0.014285714285714285 0.011111111111111112
1 0.4857142857142857 0.10952380952380952 0.011688311688311689 0.014285714285714285
1 0.4922077922077922 0.10793650793650794 0.01038961038961039 0.01904761904761905
1 0.4987012987012987 0.10158730158730159 0.006493506493506494 0.014285714285714285
1 0.461038961038961 0.13333333333333333 0.014285714285714285 0.01746031746031746
2 0.5077922077922078 0.13174603174603175 0.003896103896103896 0.012698412698412698
1 0.4831168831168831 0.1 0.007792207792207792 0.006349206349206349
1 0.4896103896103896 0.09682539682539683 0.00909090909090909 0.006349206349206349
2 0.5051948051948052 0.09523809523809523 0.007792207792207792 0.006349206349206349
3 0.4662337662337662 0.11746031746031746 0.016883116883116882 0.0380952380952381
1 0.4766233766233766 0.10793650793650794 0.005194805194805195 0.012698412698412698
2 0.509090909090909 0.11587301587301588 0.003896103896103896 0.023809523809523808