3 0.6038961038961039 0.8317460317460318 0.12987012987012986 0.33650793650793653
1 0.6467532467532467 0.7 0.06363636363636363 0.16984126984126985
1 0.5311688311688312 0.5253968253968254 0.05714285714285714 0.1126984126984127
1 0.5844155844155844 0.4444444444444444 0.04415584415584416 0.10634920634920635
1 0.6103896103896104 0.4031746031746032 0.03506493506493506 0.07936507936507936
1 0.548051948051948 0.3396825396825397 0.03116883116883117 0.05238095238095238
1 0.5415584415584416 0.2920634920634921 0.02207792207792208 0.046031746031746035
2 0.5051948051948052 0.26031746031746034 0.011688311688311689 0.04285714285714286
1 0.5285714285714286 0.2619047619047619 0.01948051948051948 0.03650793650793651
1 0.5194805194805194 0.22857142857142856 0.01818181818181818 0.03650793650793651
3 0.4805194805194805 0.24603174603174602 0.025974025974025976 0.07777777777777778
1 0.4701298701298701 0.20952380952380953 0.016883116883116882 0.023809523809523808
1 0.5064935064935064 0.19523809523809524 0.012987012987012988 0.03015873015873016
0 0.4649350649350649 0.14603174603174604 0.01818181818181818 0.05555555555555555
1 0.4948051948051948 0.16666666666666666 0.012987012987012988 0.025396825396825397
2 0.4844155844155844 0.15555555555555556 0.006493506493506494 0.02857142857142857
1 0.4818181818181818 0.14444444444444443 0.01038961038961039 0.01904761904761905
1 0.4974025974025974 0.1365079365079365 0.01038961038961039 0.020634920634920634
1 0.4805194805194805 0.13174603174603175 0.00909090909090909 0.011111111111111112
1 0.4818181818181818 0.12380952380952381 0.006493506493506494 0.011111111111111112
2 0.8675324675324675 0.9428571428571428 0.06103896103896104 0.1126984126984127
2 0.7896103896103897 0.9095238095238095 0.04935064935064935 0.14444444444444443
2 0.812987012987013 0.753968253968254 0.03506493506493506 0.12857142857142856
2 0.7831168831168831 0.7952380952380952 0.033766233766233764 0.12063492063492064
2 0.7298701298701299 0.7 0.032467532467532464 0.12857142857142856
2 0.6909090909090909 0.6412698412698413 0.023376623376623377 0.11746031746031746
2 0.7155844155844155 0.6174603174603175 0.023376623376623377 0.09841269841269841
2 0.6610389610389611 0.5857142857142857 0.02077922077922078 0.09365079365079365
2 0.7 0.5412698412698412 0.02207792207792208 0.08571428571428572
2 0.6675324675324675 0.4777777777777778 0.01948051948051948 0.07936507936507936
2 0.6636363636363637 0.43492063492063493 0.015584415584415584 0.06349206349206349
2 0.6272727272727273 0.3761904761904762 0.02207792207792208 0.07142857142857142
2 0.535064935064935 0.6111111111111112 0.03116883116883117 0.1126984126984127
2 0.5181818181818182 0.7142857142857143 0.02857142857142857 0.13333333333333333
2 0.4948051948051948 0.4523809523809524 0.02077922077922078 0.09047619047619047
2 0.4896103896103896 0.3952380952380952 0.016883116883116882 0.05555555555555555
2 0.5194805194805194 0.4142857142857143 0.015584415584415584 0.06666666666666667
2 0.5454545454545454 0.42063492063492064 0.016883116883116882 0.07142857142857142
2 0.5415584415584416 0.37777777777777777 0.014285714285714285 0.05238095238095238
2 0.5103896103896104 0.36984126984126986 0.012987012987012988 0.06349206349206349
2 0.5181818181818182 0.3523809523809524 0.014285714285714285 0.06349206349206349
2 0.4883116883116883 0.32857142857142857 0.015584415584415584 0.05714285714285714
2 0.4896103896103896 0.2984126984126984 0.012987012987012988 0.050793650793650794
2 0.509090909090909 0.30634920634920637 0.012987012987012988 0.047619047619047616
2 0.4961038961038961 0.20952380952380953 0.006493506493506494 0.03492063492063492
2 0.4805194805194805 0.19523809523809524 0.007792207792207792 0.03015873015873016
2 0.6103896103896104 0.3476190476190476 0.011688311688311689 0.03968253968253968
2 0.6051948051948052 0.33015873015873015 0.01038961038961039 0.031746031746031744
2 0.5961038961038961 0.31587301587301586 0.01038961038961039 0.046031746031746035
2 0.5883116883116883 0.346031746031746 0.01038961038961039 0.04285714285714286
2 0.5818181818181818 0.3396825396825397 0.01038961038961039 0.046031746031746035
2 0.5688311688311688 0.31746031746031744 0.00909090909090909 0.04126984126984127
2 0.5818181818181818 0.30634920634920637 0.006493506493506494 0.0380952380952381
2 0.5844155844155844 0.28888888888888886 0.01038961038961039 0.03968253968253968
2 0.5662337662337662 0.2968253968253968 0.007792207792207792 0.03650793650793651
2 0.561038961038961 0.27936507936507937 0.007792207792207792 0.03492063492063492
2 0.5753246753246753 0.2698412698412698 0.006493506493506494 0.03333333333333333
2 0.5506493506493506 0.2619047619047619 0.007792207792207792 0.03968253968253968
2 0.561038961038961 0.2571428571428571 0.007792207792207792 0.03333333333333333
2 0.5662337662337662 0.24603174603174602 0.006493506493506494 0.0380952380952381
2 0.5428571428571428 0.2492063492063492 0.005194805194805195 0.03015873015873016
2 0.5493506493506494 0.23333333333333334 0.006493506493506494 0.026984126984126985
2 0.5363636363636364 0.22857142857142856 0.007792207792207792 0.03015873015873016
2 0.5441558441558442 0.21587301587301588 0.006493506493506494 0.02857142857142857
2 0.5272727272727272 0.21428571428571427 0.00909090909090909 0.03015873015873016
2 0.5337662337662338 0.19523809523809524 0.007792207792207792 0.02857142857142857
2 0.5207792207792208 0.20317460317460317 0.00909090909090909 0.023809523809523808
2 0.5207792207792208 0.18888888888888888 0.006493506493506494 0.025396825396825397
2 0.5272727272727272 0.18253968253968253 0.005194805194805195 0.02857142857142857
2 0.5155844155844156 0.17142857142857143 0.005194805194805195 0.025396825396825397
2 0.474025974025974 0.1126984126984127 0.006493506493506494 0.01904761904761905
2 0.4883116883116883 0.11746031746031746 0.006493506493506494 0.01904761904761905
2 0.4948051948051948 0.10158730158730159 0.005194805194805195 0.012698412698412698
2 0.5012987012987012 0.1 0.005194805194805195 0.01746031746031746
2 0.5077922077922078 0.10317460317460317 0.003896103896103896 0.022222222222222223
2 0.5051948051948052 0.13968253968253969 0.006493506493506494 0.026984126984126985
2 0.5012987012987012 0.1619047619047619 0.005194805194805195 0.020634920634920634
2 0.5077922077922078 0.16666666666666666 0.005194805194805195 0.022222222222222223
2 0.5155844155844156 0.15714285714285714 0.005194805194805195 0.014285714285714285
2 0.5207792207792208 0.173015873015873 0.005194805194805195 0.020634920634920634
2 0.4909090909090909 0.1253968253968254 0.003896103896103896 0.01904761904761905
2 0.4948051948051948 0.11904761904761904 0.003896103896103896 0.01746031746031746
2 0.5012987012987012 0.11746031746031746 0.005194805194805195 0.01904761904761905