3 0.5571428571428572 0.8253968253968254 0.1038961038961039 0.3492063492063492
1 0.6454545454545455 0.6698412698412698 0.06623376623376623 0.19047619047619047
1 0.7428571428571429 0.7396825396825397 0.07402597402597402 0.16031746031746033
1 0.7090909090909091 0.9396825396825397 0.08311688311688312 0.12063492063492064
1 0.5974025974025974 0.5142857142857142 0.053246753246753244 0.12063492063492064
1 0.4935064935064935 0.37777777777777777 0.032467532467532464 0.07936507936507936
1 0.5571428571428572 0.38412698412698415 0.03766233766233766 0.08253968253968254
1 0.6155844155844156 0.3968253968253968 0.03766233766233766 0.0761904761904762
3 0.525974025974026 0.5333333333333333 0.06753246753246753 0.20634920634920634
1 0.4935064935064935 0.319047619047619 0.024675324675324677 0.05238095238095238
1 0.5415584415584416 0.3333333333333333 0.023376623376623377 0.047619047619047616
1 0.5922077922077922 0.35555555555555557 0.02727272727272727 0.06825396825396825
1 0.5948051948051948 0.3047619047619048 0.024675324675324677 0.05238095238095238
1 0.5324675324675324 0.29523809523809524 0.02207792207792208 0.04126984126984127
1 0.4792207792207792 0.3 0.01948051948051948 0.03968253968253968
1 0.4792207792207792 0.26666666666666666 0.016883116883116882 0.031746031746031744
1 0.5298701298701298 0.2634920634920635 0.016883116883116882 0.022222222222222223
1 0.5441558441558442 0.25555555555555554 0.015584415584415584 0.03015873015873016
1 0.522077922077922 0.2396825396825397 0.016883116883116882 0.03492063492063492
1 0.5155844155844156 0.2126984126984127 0.01818181818181818 0.022222222222222223
1 0.4727272727272727 0.23492063492063492 0.015584415584415584 0.0380952380952381
1 0.4662337662337662 0.2015873015873016 0.016883116883116882 0.01904761904761905
1 0.4727272727272727 0.20952380952380953 0.007792207792207792 0.012698412698412698
3 0.4701298701298701 0.17777777777777778 0.01948051948051948 0.049206349206349205
1 0.5103896103896104 0.1984126984126984 0.011688311688311689 0.015873015873015872
2 0.4922077922077922 0.21428571428571427 0.005194805194805195 0.03015873015873016
2 0.4844155844155844 0.1984126984126984 0.007792207792207792 0.026984126984126985
1 0.5025974025974026 0.19365079365079366 0.01038961038961039 0.011111111111111112
1 0.4987012987012987 0.17936507936507937 0.011688311688311689 0.015873015873015872
1 0.4974025974025974 0.16666666666666666 0.01038961038961039 0.007936507936507936
2 0.4857142857142857 0.1761904761904762 0.006493506493506494 0.023809523809523808
1 0.4909090909090909 0.16031746031746033 0.011688311688311689 0.012698412698412698
1 0.4636363636363636 0.14603174603174604 0.011688311688311689 0.014285714285714285
2 0.4727272727272727 0.1349206349206349 0.003896103896103896 0.022222222222222223
1 0.4805194805194805 0.14126984126984127 0.007792207792207792 0.012698412698412698
1 0.487012987012987 0.14603174603174604 0.012987012987012988 0.012698412698412698
2 0.4987012987012987 0.1523809523809524 0.005194805194805195 0.015873015873015872
1 0.5025974025974026 0.14126984126984127 0.00909090909090909 0.015873015873015872
2 0.5077922077922078 0.1746031746031746 0.005194805194805195 0.020634920634920634
1 0.5155844155844156 0.17142857142857143 0.00909090909090909 0.015873015873015872
1 0.5233766233766234 0.18253968253968253 0.01038961038961039 0.01746031746031746
1 0.5311688311688312 0.2015873015873016 0.014285714285714285 0.023809523809523808
2 0.5493506493506494 0.23333333333333334 0.007792207792207792 0.025396825396825397
2 0.5324675324675324 0.21904761904761905 0.006493506493506494 0.025396825396825397
2 0.535064935064935 0.21587301587301588 0.006493506493506494 0.025396825396825397
2 0.5428571428571428 0.21746031746031746 0.007792207792207792 0.023809523809523808
1 0.551948051948052 0.21746031746031746 0.012987012987012988 0.022222222222222223
1 0.4597402597402597 0.1365079365079365 0.006493506493506494 0.011111111111111112
1 0.461038961038961 0.13174603174603175 0.006493506493506494 0.009523809523809525
1 0.4662337662337662 0.12698412698412698 0.007792207792207792 0.012698412698412698
1 0.4701298701298701 0.12063492063492064 0.00909090909090909 0.014285714285714285
1 0.4805194805194805 0.13174603174603175 0.007792207792207792 0.011111111111111112
1 0.4844155844155844 0.12063492063492064 0.01038961038961039 0.012698412698412698
1 0.4883116883116883 0.10793650793650794 0.007792207792207792 0.011111111111111112
1 0.5025974025974026 0.13015873015873017 0.006493506493506494 0.01746031746031746
2 0.4948051948051948 0.11587301587301588 0.003896103896103896 0.015873015873015872
1 0.5012987012987012 0.11428571428571428 0.007792207792207792 0.015873015873015872
0 0.4753246753246753 0.09523809523809523 0.011688311688311689 0.0380952380952381
2 0.4844155844155844 0.09841269841269841 0.003896103896103896 0.014285714285714285
1 0.4909090909090909 0.09841269841269841 0.006493506493506494 0.007936507936507936
1 0.4909090909090909 0.09047619047619047 0.005194805194805195 0.007936507936507936
1 0.4961038961038961 0.09206349206349207 0.005194805194805195 0.009523809523809525
2 0.4948051948051948 0.10317460317460317 0.0025974025974025974 0.009523809523809525
2 0.5 0.10476190476190476 0.003896103896103896 0.011111111111111112
1 0.5025974025974026 0.09841269841269841 0.006493506493506494 0.011111111111111112
1 0.5025974025974026 0.08571428571428572 0.005194805194805195 0.007936507936507936
1 0.5064935064935064 0.08571428571428572 0.003896103896103896 0.006349206349206349
2 0.4883116883116883 0.13333333333333333 0.003896103896103896 0.014285714285714285
2 0.4935064935064935 0.1380952380952381 0.005194805194805195 0.015873015873015872
1 0.4948051948051948 0.12857142857142856 0.007792207792207792 0.007936507936507936
2 0.4896103896103896 0.46984126984126984 0.00909090909090909 0.07142857142857142
2 0.5324675324675324 0.43492063492063493 0.01948051948051948 0.031746031746031744
2 0.5155844155844156 0.33174603174603173 0.011688311688311689 0.047619047619047616
2 0.7909090909090909 0.6841269841269841 0.024675324675324677 0.11904761904761904
2 0.9545454545454546 0.834920634920635 0.02207792207792208 0.13968253968253969
2 0.8753246753246753 0.8809523809523809 0.03506493506493506 0.12698412698412698
2 0.8922077922077922 0.9571428571428572 0.04285714285714286 0.08412698412698413
2 0.9935064935064936 0.6682539682539682 0.012987012987012988 0.1126984126984127
2 0.9623376623376624 0.6158730158730159 0.03116883116883117 0.09682539682539683
2 0.7246753246753247 0.6111111111111112 0.02857142857142857 0.09682539682539683
2 0.7285714285714285 0.5619047619047619 0.02987012987012987 0.09206349206349207
2 0.6857142857142857 0.6111111111111112 0.024675324675324677 0.09841269841269841
2 0.6831168831168831 0.5555555555555556 0.01818181818181818 0.06507936507936508
2 0.6896103896103896 0.526984126984127 0.023376623376623377 0.08888888888888889
2 0.6883116883116883 0.48412698412698413 0.02077922077922078 0.06984126984126984
2 0.6519480519480519 0.5317460317460317 0.016883116883116882 0.06825396825396825
2 0.6324675324675325 0.5 0.014285714285714285 0.0746031746031746
2 0.6558441558441559 0.5 0.01818181818181818 0.06349206349206349
2 0.6194805194805195 0.47619047619047616 0.02077922077922078 0.06825396825396825
2 0.6402597402597403 0.4666666666666667 0.015584415584415584 0.0746031746031746
2 0.6662337662337663 0.4603174603174603 0.016883116883116882 0.07936507936507936
2 0.6441558441558441 0.4 0.011688311688311689 0.06825396825396825
2 0.6558441558441559 0.4174603174603175 0.014285714285714285 0.06349206349206349
2 0.6337662337662338 0.37777777777777777 0.015584415584415584 0.06349206349206349
2 0.625974025974026 0.353968253968254 0.011688311688311689 0.049206349206349205
2 0.6181818181818182 0.33650793650793653 0.011688311688311689 0.05396825396825397
2 0.6142857142857143 0.3238095238095238 0.01038961038961039 0.05238095238095238
2 0.561038961038961 0.33174603174603173 0.006493506493506494 0.046031746031746035
2 0.5688311688311688 0.32857142857142857 0.00909090909090909 0.044444444444444446
2 0.5584415584415584 0.3 0.011688311688311689 0.03492063492063492
2 0.5714285714285714 0.2984126984126984 0.007792207792207792 0.02857142857142857
2 0.551948051948052 0.2920634920634921 0.007792207792207792 0.02857142857142857
2 0.5701298701298702 0.27936507936507937 0.007792207792207792 0.03968253968253968
2 0.5831168831168831 0.28095238095238095 0.007792207792207792 0.025396825396825397
2 0.5948051948051948 0.27936507936507937 0.00909090909090909 0.026984126984126985
2 0.5597402597402598 0.2571428571428571 0.00909090909090909 0.026984126984126985
2 0.548051948051948 0.28095238095238095 0.006493506493506494 0.026984126984126985
2 0.5662337662337662 0.2650793650793651 0.007792207792207792 0.03015873015873016
2 0.5753246753246753 0.2523809523809524 0.007792207792207792 0.025396825396825397
2 0.5805194805194805 0.2650793650793651 0.00909090909090909 0.03333333333333333
2 0.5584415584415584 0.2396825396825397 0.00909090909090909 0.022222222222222223
2 0.5675324675324676 0.23809523809523808 0.007792207792207792 0.025396825396825397
2 0.5363636363636364 0.23174603174603176 0.007792207792207792 0.020634920634920634
2 0.5415584415584416 0.20634920634920634 0.005194805194805195 0.01746031746031746
2 0.5077922077922078 0.30317460317460315 0.007792207792207792 0.04285714285714286
2 0.4987012987012987 0.2873015873015873 0.01038961038961039 0.031746031746031744
2 0.4935064935064935 0.25555555555555554 0.00909090909090909 0.0380952380952381
2 0.5 0.2634920634920635 0.00909090909090909 0.03015873015873016
2 0.5025974025974026 0.24444444444444444 0.006493506493506494 0.026984126984126985
2 0.4961038961038961 0.23492063492063492 0.006493506493506494 0.03015873015873016
2 0.4857142857142857 0.21904761904761905 0.005194805194805195 0.03333333333333333
2 0.4974025974025974 0.22857142857142856 0.006493506493506494 0.025396825396825397
2 0.5051948051948052 0.22857142857142856 0.005194805194805195 0.023809523809523808
2 0.4922077922077922 0.20317460317460317 0.005194805194805195 0.025396825396825397
2 0.45194805194805193 0.17936507936507937 0.005194805194805195 0.03968253968253968
2 0.5181818181818182 0.15714285714285714 0.003896103896103896 0.01904761904761905
2 0.509090909090909 0.1380952380952381 0.003896103896103896 0.01904761904761905
2 0.4779220779220779 0.11428571428571428 0.003896103896103896 0.015873015873015872
2 0.5064935064935064 0.10476190476190476 0.0025974025974025974 0.015873015873015872
2 0.509090909090909 0.09682539682539683 0.003896103896103896 0.014285714285714285