2 0.9753246753246754 0.6031746031746031 0.02987012987012987 0.10634920634920635
2 0.9688311688311688 0.6984126984126984 0.03116883116883117 0.12063492063492064
2 0.9571428571428572 0.9476190476190476 0.05584415584415584 0.10476190476190476
2 0.9051948051948052 0.953968253968254 0.05584415584415584 0.09206349206349207
1 0.8207792207792208 0.9031746031746032 0.12597402597402596 0.19365079365079366
2 0.8701298701298701 0.8920634920634921 0.03896103896103896 0.14126984126984127
2 0.812987012987013 0.6968253968253968 0.04155844155844156 0.1111111111111111
2 0.8181818181818182 0.7571428571428571 0.032467532467532464 0.11746031746031746
2 0.8480519480519481 0.7952380952380952 0.04415584415584416 0.14444444444444443
2 0.7389610389610389 0.8476190476190476 0.04155844155844156 0.14761904761904762
2 0.6935064935064935 0.7476190476190476 0.03896103896103896 0.09365079365079365
2 0.6285714285714286 0.7793650793650794 0.032467532467532464 0.12857142857142856
2 0.6597402597402597 0.7365079365079366 0.02987012987012987 0.08888888888888889
2 0.625974025974026 0.6952380952380952 0.03636363636363636 0.11587301587301588
2 0.7 0.6460317460317461 0.03116883116883117 0.11904761904761904
1 0.7558441558441559 0.719047619047619 0.10519480519480519 0.20476190476190476
2 0.7740259740259741 0.6587301587301587 0.032467532467532464 0.08253968253968254
2 0.7350649350649351 0.5825396825396826 0.023376623376623377 0.07777777777777778
2 0.7610389610389611 0.6063492063492063 0.02727272727272727 0.06031746031746032
1 0.6441558441558441 0.6142857142857143 0.08181818181818182 0.15873015873015872
2 0.6792207792207792 0.5841269841269842 0.023376623376623377 0.08571428571428572
2 0.7142857142857143 0.5904761904761905 0.023376623376623377 0.07777777777777778
2 0.6688311688311688 0.5523809523809524 0.025974025974025976 0.08253968253968254
2 0.6922077922077922 0.546031746031746 0.02207792207792208 0.07777777777777778
2 0.7077922077922078 0.5158730158730159 0.024675324675324677 0.08888888888888889
2 0.7220779220779221 0.5396825396825397 0.01818181818181818 0.06507936507936508
2 0.6324675324675325 0.5095238095238095 0.01948051948051948 0.06507936507936508
1 0.6454545454545455 0.4396825396825397 0.06493506493506493 0.1349206349206349
2 0.6402597402597403 0.48412698412698413 0.01948051948051948 0.05555555555555555
2 0.6805194805194805 0.46825396825396826 0.016883116883116882 0.07301587301587302
2 0.6961038961038961 0.48095238095238096 0.016883116883116882 0.05555555555555555
1 0.5961038961038961 0.5190476190476191 0.07272727272727272 0.1380952380952381
2 0.6194805194805195 0.4746031746031746 0.01948051948051948 0.06984126984126984
2 0.6441558441558441 0.5317460317460317 0.014285714285714285 0.026984126984126985
1 0.522077922077922 0.5190476190476191 0.06883116883116883 0.1253968253968254
2 0.5454545454545454 0.45555555555555555 0.014285714285714285 0.07777777777777778
2 0.5597402597402598 0.473015873015873 0.016883116883116882 0.06825396825396825
1 0.5155844155844156 0.44603174603174606 0.046753246753246755 0.06825396825396825
2 0.5311688311688312 0.4238095238095238 0.014285714285714285 0.06031746031746032
2 0.525974025974026 0.3952380952380952 0.016883116883116882 0.044444444444444446
2 0.525974025974026 0.373015873015873 0.014285714285714285 0.03968253968253968
2 0.6688311688311688 0.42857142857142855 0.014285714285714285 0.047619047619047616
2 0.6584415584415585 0.39365079365079364 0.006493506493506494 0.014285714285714285
2 0.6337662337662338 0.3476190476190476 0.02207792207792208 0.049206349206349205
2 0.6363636363636364 0.36666666666666664 0.01948051948051948 0.03015873015873016
1 0.6116883116883117 0.3888888888888889 0.046753246753246755 0.09841269841269841
2 0.6155844155844156 0.3412698412698413 0.014285714285714285 0.02857142857142857
3 0.5701298701298702 0.3984126984126984 0.06103896103896104 0.12698412698412698
2 0.5805194805194805 0.3333333333333333 0.01818181818181818 0.04285714285714286
2 0.5987012987012987 0.33650793650793653 0.015584415584415584 0.023809523809523808
2 0.5948051948051948 0.3253968253968254 0.00909090909090909 0.02857142857142857
2 0.6038961038961039 0.32063492063492066 0.006493506493506494 0.02857142857142857
2 0.6116883116883117 0.33015873015873015 0.00909090909090909 0.03333333333333333
1 0.4974025974025974 0.3619047619047619 0.03896103896103896 0.06666666666666667
2 0.5116883116883116 0.34444444444444444 0.01038961038961039 0.05396825396825397
2 0.5246753246753246 0.3380952380952381 0.011688311688311689 0.0380952380952381
2 0.535064935064935 0.3412698412698413 0.007792207792207792 0.05238095238095238
1 0.5558441558441558 0.33650793650793653 0.03506493506493506 0.049206349206349205
2 0.5675324675324676 0.3126984126984127 0.00909090909090909 0.03492063492063492
2 0.5727272727272728 0.3126984126984127 0.007792207792207792 0.023809523809523808
2 0.5818181818181818 0.3047619047619048 0.011688311688311689 0.026984126984126985
2 0.5753246753246753 0.2857142857142857 0.01038961038961039 0.026984126984126985
2 0.5883116883116883 0.2904761904761905 0.011688311688311689 0.03968253968253968
2 0.5974025974025974 0.2920634920634921 0.014285714285714285 0.03492063492063492
1 0.5402597402597402 0.3 0.04155844155844156 0.04126984126984127
2 0.5558441558441558 0.29365079365079366 0.011688311688311689 0.044444444444444446
2 0.564935064935065 0.2873015873015873 0.01038961038961039 0.025396825396825397
2 0.5155844155844156 0.31746031746031744 0.012987012987012988 0.03333333333333333
1 0.4909090909090909 0.32222222222222224 0.03896103896103896 0.05873015873015873
2 0.5025974025974026 0.30158730158730157 0.011688311688311689 0.03333333333333333
2 0.512987012987013 0.3 0.011688311688311689 0.03015873015873016
1 0.487012987012987 0.28253968253968254 0.02727272727272727 0.044444444444444446
2 0.5038961038961038 0.2777777777777778 0.01038961038961039 0.03968253968253968
2 0.512987012987013 0.2857142857142857 0.00909090909090909 0.023809523809523808
1 0.5194805194805194 0.2507936507936508 0.02857142857142857 0.044444444444444446
2 0.5103896103896104 0.2634920634920635 0.006493506493506494 0.020634920634920634
1 0.4792207792207792 0.26666666666666666 0.025974025974025976 0.05238095238095238
1 0.4727272727272727 0.24444444444444444 0.025974025974025976 0.04126984126984127
1 0.4675324675324675 0.23015873015873015 0.02077922077922078 0.04126984126984127
2 0.4857142857142857 0.23333333333333334 0.011688311688311689 0.025396825396825397
2 0.4961038961038961 0.24444444444444444 0.00909090909090909 0.0380952380952381
1 0.5337662337662338 0.2841269841269841 0.02857142857142857 0.04126984126984127
2 0.548051948051948 0.2714285714285714 0.007792207792207792 0.026984126984126985
2 0.5402597402597402 0.26031746031746034 0.007792207792207792 0.020634920634920634
2 0.5571428571428572 0.2619047619047619 0.00909090909090909 0.023809523809523808
2 0.564935064935065 0.2619047619047619 0.007792207792207792 0.02857142857142857
2 0.574025974025974 0.2650793650793651 0.007792207792207792 0.022222222222222223
2 0.577922077922078 0.2619047619047619 0.00909090909090909 0.025396825396825397
2 0.5402597402597402 0.24444444444444444 0.006493506493506494 0.026984126984126985
2 0.548051948051948 0.24603174603174602 0.00909090909090909 0.025396825396825397
2 0.5506493506493506 0.2396825396825397 0.007792207792207792 0.022222222222222223
2 0.5571428571428572 0.24126984126984127 0.005194805194805195 0.025396825396825397
2 0.561038961038961 0.23015873015873015 0.007792207792207792 0.026984126984126985
2 0.5662337662337662 0.23492063492063492 0.00909090909090909 0.026984126984126985
2 0.5714285714285714 0.24285714285714285 0.00909090909090909 0.023809523809523808
1 0.5103896103896104 0.2253968253968254 0.024675324675324677 0.03968253968253968
2 0.522077922077922 0.21746031746031746 0.005194805194805195 0.022222222222222223
2 0.5207792207792208 0.20952380952380953 0.006493506493506494 0.01904761904761905
2 0.5285714285714286 0.22380952380952382 0.00909090909090909 0.03333333333333333
1 0.4948051948051948 0.2015873015873016 0.023376623376623377 0.03968253968253968
2 0.512987012987013 0.20317460317460317 0.005194805194805195 0.01746031746031746
2 0.5272727272727272 0.20634920634920634 0.006493506493506494 0.01904761904761905
2 0.5324675324675324 0.23015873015873015 0.007792207792207792 0.03333333333333333
2 0.5337662337662338 0.20476190476190476 0.006493506493506494 0.022222222222222223
2 0.5402597402597402 0.22380952380952382 0.01038961038961039 0.03492063492063492
2 0.5402597402597402 0.20317460317460317 0.007792207792207792 0.022222222222222223
2 0.548051948051948 0.2222222222222222 0.005194805194805195 0.022222222222222223
2 0.5467532467532468 0.20476190476190476 0.00909090909090909 0.022222222222222223
2 0.5545454545454546 0.21746031746031746 0.007792207792207792 0.025396825396825397
2 0.5051948051948052 0.19523809523809524 0.00909090909090909 0.020634920634920634
2 0.5064935064935064 0.17777777777777778 0.006493506493506494 0.012698412698412698
2 0.512987012987013 0.1873015873015873 0.006493506493506494 0.015873015873015872
2 0.5181818181818182 0.19365079365079366 0.005194805194805195 0.020634920634920634
2 0.5194805194805194 0.18888888888888888 0.005194805194805195 0.014285714285714285
1 0.5311688311688312 0.19047619047619047 0.01818181818181818 0.023809523809523808
1 0.5155844155844156 0.16666666666666666 0.015584415584415584 0.02857142857142857
2 0.5246753246753246 0.173015873015873 0.006493506493506494 0.012698412698412698
2 0.5298701298701298 0.173015873015873 0.003896103896103896 0.007936507936507936
2 0.5402597402597402 0.18571428571428572 0.005194805194805195 0.009523809523809525
3 0.4688311688311688 0.1746031746031746 0.024675324675324677 0.05555555555555555
1 0.4636363636363636 0.14126984126984127 0.012987012987012988 0.012698412698412698
2 0.4714285714285714 0.1380952380952381 0.006493506493506494 0.01746031746031746
1 0.4623376623376623 0.13174603174603175 0.00909090909090909 0.009523809523809525
1 0.4623376623376623 0.12222222222222222 0.00909090909090909 0.011111111111111112
2 0.4714285714285714 0.12380952380952381 0.005194805194805195 0.009523809523809525
1 0.5 0.1634920634920635 0.014285714285714285 0.015873015873015872
1 0.4883116883116883 0.15555555555555556 0.012987012987012988 0.020634920634920634
2 0.4974025974025974 0.14603174603174604 0.006493506493506494 0.012698412698412698
2 0.5025974025974026 0.1492063492063492 0.003896103896103896 0.014285714285714285
1 0.4831168831168831 0.14285714285714285 0.012987012987012988 0.01746031746031746
1 0.4805194805194805 0.1349206349206349 0.01038961038961039 0.015873015873015872
2 0.4909090909090909 0.14285714285714285 0.005194805194805195 0.011111111111111112
2 0.5077922077922078 0.14761904761904762 0.005194805194805195 0.009523809523809525
1 0.4987012987012987 0.1380952380952381 0.00909090909090909 0.011111111111111112
2 0.509090909090909 0.1365079365079365 0.00909090909090909 0.011111111111111112
2 0.4896103896103896 0.13174603174603175 0.006493506493506494 0.012698412698412698
1 0.5012987012987012 0.1253968253968254 0.011688311688311689 0.015873015873015872
2 0.509090909090909 0.12698412698412698 0.006493506493506494 0.011111111111111112
1 0.4792207792207792 0.12380952380952381 0.01038961038961039 0.007936507936507936
2 0.4896103896103896 0.12222222222222222 0.00909090909090909 0.009523809523809525
1 0.4792207792207792 0.11428571428571428 0.01038961038961039 0.007936507936507936
2 0.487012987012987 0.1111111111111111 0.005194805194805195 0.011111111111111112
2 0.4922077922077922 0.11428571428571428 0.005194805194805195 0.009523809523809525
1 0.4987012987012987 0.11428571428571428 0.00909090909090909 0.009523809523809525
2 0.5064935064935064 0.11428571428571428 0.005194805194805195 0.011111111111111112
2 0.5103896103896104 0.11428571428571428 0.005194805194805195 0.015873015873015872
2 0.512987012987013 0.14603174603174604 0.005194805194805195 0.007936507936507936
1 0.4844155844155844 0.10476190476190476 0.00909090909090909 0.006349206349206349
2 0.4922077922077922 0.10634920634920635 0.003896103896103896 0.009523809523809525
1 0.7545454545454545 0.9809523809523809 0.08441558441558442 0.0380952380952381
1 0.687012987012987 0.8841269841269841 0.10649350649350649 0.23174603174603176
1 0.5688311688311688 0.9365079365079365 0.09350649350649351 0.12698412698412698
1 0.5597402597402598 0.7761904761904762 0.08831168831168831 0.20317460317460317
1 0.5428571428571428 0.6047619047619047 0.07792207792207792 0.173015873015873
1 0.4987012987012987 0.4095238095238095 0.04155844155844156 0.09047619047619047
1 0.4701298701298701 0.20793650793650795 0.02207792207792208 0.023809523809523808
1 0.4961038961038961 0.18412698412698414 0.01948051948051948 0.02857142857142857
1 0.4896103896103896 0.1746031746031746 0.015584415584415584 0.023809523809523808
1 0.4662337662337662 0.1111111111111111 0.01038961038961039 0.012698412698412698
1 0.5025974025974026 0.10317460317460317 0.00909090909090909 0.012698412698412698
1 0.4831168831168831 0.09365079365079365 0.007792207792207792 0.01746031746031746
1 0.4909090909090909 0.09365079365079365 0.007792207792207792 0.012698412698412698
1 0.5 0.09206349206349207 0.007792207792207792 0.015873015873015872
3 0.4727272727272727 0.09682539682539683 0.014285714285714285 0.026984126984126985