2 0.7181818181818181 0.5920634920634921 0.03636363636363636 0.12380952380952381
2 0.5298701298701298 0.2396825396825397 0.023376623376623377 0.044444444444444446
2 0.5025974025974026 0.16984126984126985 0.01038961038961039 0.025396825396825397
2 0.4948051948051948 0.14603174603174604 0.011688311688311689 0.022222222222222223
2 0.509090909090909 0.1523809523809524 0.00909090909090909 0.023809523809523808
2 0.4961038961038961 0.1253968253968254 0.01038961038961039 0.01746031746031746
1 0.4675324675324675 0.1619047619047619 0.01948051948051948 0.03650793650793651
1 0.5038961038961038 0.20634920634920634 0.023376623376623377 0.046031746031746035
1 0.4766233766233766 0.10634920634920635 0.01038961038961039 0.01904761904761905
1 0.4974025974025974 0.1 0.012987012987012988 0.023809523809523808
1 0.4844155844155844 0.09841269841269841 0.011688311688311689 0.01746031746031746
2 0.5051948051948052 0.1 0.0025974025974025974 0.014285714285714285