2 0.9025974025974026 0.973015873015873 0.04415584415584416 0.05396825396825397
2 0.8168831168831169 0.9333333333333333 0.05584415584415584 0.13333333333333333
2 0.7610389610389611 0.834920634920635 0.03766233766233766 0.14603174603174604
2 0.7935064935064935 0.8222222222222222 0.032467532467532464 0.1365079365079365
2 0.7753246753246753 0.7333333333333333 0.03116883116883117 0.09206349206349207
2 0.7935064935064935 0.7253968253968254 0.03116883116883117 0.13015873015873017
2 0.7389610389610389 0.6174603174603175 0.03766233766233766 0.12380952380952381
2 0.487012987012987 0.9158730158730158 0.03896103896103896 0.12222222222222222
2 0.4909090909090909 0.9809523809523809 0.03116883116883117 0.0380952380952381
2 0.5012987012987012 0.8476190476190476 0.04935064935064935 0.17936507936507937
2 0.4636363636363636 0.546031746031746 0.02857142857142857 0.10317460317460317
2 0.6701298701298701 0.5111111111111111 0.01948051948051948 0.049206349206349205
2 0.6350649350649351 0.48253968253968255 0.03116883116883117 0.08253968253968254
2 0.6272727272727273 0.4111111111111111 0.02077922077922078 0.07142857142857142
2 0.5922077922077922 0.3904761904761905 0.023376623376623377 0.07301587301587302
2 0.461038961038961 0.37777777777777777 0.02077922077922078 0.07142857142857142
2 0.487012987012987 0.15873015873015872 0.007792207792207792 0.026984126984126985
2 0.4857142857142857 0.14444444444444443 0.007792207792207792 0.01746031746031746
2 0.474025974025974 0.12698412698412698 0.006493506493506494 0.020634920634920634
2 0.461038961038961 0.1253968253968254 0.006493506493506494 0.023809523809523808
2 0.4649350649350649 0.12222222222222222 0.005194805194805195 0.025396825396825397
2 0.4688311688311688 0.1111111111111111 0.007792207792207792 0.01904761904761905
2 0.45454545454545453 0.1111111111111111 0.007792207792207792 0.015873015873015872
2 0.45324675324675323 0.09206349206349207 0.003896103896103896 0.009523809523809525
2 0.4584415584415584 0.09365079365079365 0.007792207792207792 0.014285714285714285
2 0.4662337662337662 0.09047619047619047 0.003896103896103896 0.012698412698412698
2 0.4727272727272727 0.08253968253968254 0.005194805194805195 0.007936507936507936
1 0.4584415584415584 0.08095238095238096 0.01038961038961039 0.015873015873015872
1 0.43766233766233764 0.11587301587301588 0.014285714285714285 0.022222222222222223
1 0.44415584415584414 0.2015873015873016 0.025974025974025976 0.05238095238095238
1 0.535064935064935 0.2698412698412698 0.03506493506493506 0.07142857142857142
1 0.5337662337662338 0.3634920634920635 0.032467532467532464 0.0746031746031746
1 0.5662337662337662 0.4015873015873016 0.05584415584415584 0.10634920634920635
1 0.5675324675324676 0.4857142857142857 0.06493506493506493 0.11587301587301588
1 0.5103896103896104 0.5 0.05844155844155844 0.10317460317460317
1 0.5142857142857142 0.5968253968253968 0.06883116883116883 0.14285714285714285
1 0.6025974025974026 0.5841269841269842 0.05064935064935065 0.16507936507936508
1 0.5428571428571428 0.7507936507936508 0.08181818181818182 0.2253968253968254
1 0.5753246753246753 0.9634920634920635 0.07922077922077922 0.07301587301587302
3 0.674025974025974 0.7206349206349206 0.15194805194805194 0.3888888888888889
3 0.7246753246753247 0.946031746031746 0.13636363636363635 0.10634920634920635