2 0.6428571428571429 0.8904761904761904 0.032467532467532464 0.1746031746031746
2 0.6142857142857143 0.8047619047619048 0.024675324675324677 0.15714285714285714
2 0.9727272727272728 0.8571428571428571 0.02987012987012987 0.15555555555555556
2 0.9558441558441558 0.9412698412698413 0.04935064935064935 0.10793650793650794
2 0.9181818181818182 0.9428571428571428 0.046753246753246755 0.11428571428571428
2 0.9896103896103896 0.9746031746031746 0.01948051948051948 0.050793650793650794
2 0.9454545454545454 0.707936507936508 0.03636363636363636 0.12063492063492064
2 0.8727272727272727 0.9095238095238095 0.04415584415584416 0.173015873015873
2 0.8350649350649351 0.8174603174603174 0.03506493506493506 0.09047619047619047
2 0.8597402597402597 0.8 0.04155844155844156 0.10793650793650794
2 0.8350649350649351 0.7301587301587301 0.046753246753246755 0.11904761904761904
2 0.8051948051948052 0.7396825396825397 0.03116883116883117 0.08888888888888889
2 0.8051948051948052 0.680952380952381 0.03506493506493506 0.10793650793650794
2 0.7753246753246753 0.6841269841269841 0.03636363636363636 0.11428571428571428
2 0.7727272727272727 0.6365079365079365 0.03116883116883117 0.08888888888888889
2 0.7454545454545455 0.6206349206349207 0.032467532467532464 0.06031746031746032
2 0.7519480519480519 0.5904761904761905 0.032467532467532464 0.06825396825396825
2 0.7220779220779221 0.5793650793650794 0.04155844155844156 0.06984126984126984
2 0.7194805194805195 0.5317460317460317 0.04025974025974026 0.06984126984126984
2 0.638961038961039 0.526984126984127 0.02207792207792208 0.09365079365079365
2 0.5805194805194805 0.626984126984127 0.02987012987012987 0.10793650793650794
2 0.5675324675324676 0.5619047619047619 0.02727272727272727 0.08095238095238096
2 0.5545454545454546 0.5285714285714286 0.016883116883116882 0.0746031746031746
2 0.5415584415584416 0.46984126984126984 0.02077922077922078 0.06825396825396825
2 0.625974025974026 0.4984126984126984 0.01818181818181818 0.08571428571428572
2 0.6103896103896104 0.4587301587301587 0.01818181818181818 0.07142857142857142
2 0.6480519480519481 0.46190476190476193 0.016883116883116882 0.03650793650793651
2 0.6558441558441559 0.49682539682539684 0.01818181818181818 0.04126984126984127
2 0.6779220779220779 0.49523809523809526 0.016883116883116882 0.046031746031746035
2 0.6948051948051948 0.5174603174603175 0.015584415584415584 0.049206349206349205
2 0.7012987012987013 0.5015873015873016 0.024675324675324677 0.0746031746031746
2 0.6922077922077922 0.46825396825396826 0.014285714285714285 0.03968253968253968
2 0.5298701298701298 0.3825396825396825 0.012987012987012988 0.05714285714285714
2 0.5402597402597402 0.39365079365079364 0.012987012987012988 0.06666666666666667
2 0.6324675324675325 0.3984126984126984 0.015584415584415584 0.03650793650793651
2 0.6727272727272727 0.44285714285714284 0.02207792207792208 0.05396825396825397
2 0.6675324675324675 0.46984126984126984 0.01948051948051948 0.06825396825396825
2 0.6506493506493507 0.44126984126984126 0.01948051948051948 0.05714285714285714
2 0.6571428571428571 0.40634920634920635 0.02077922077922078 0.0380952380952381
2 0.6480519480519481 0.3825396825396825 0.01818181818181818 0.049206349206349205
2 0.6168831168831169 0.326984126984127 0.01038961038961039 0.03015873015873016
2 0.5844155844155844 0.3873015873015873 0.014285714285714285 0.05714285714285714
2 0.6025974025974026 0.36666666666666664 0.011688311688311689 0.01904761904761905
2 0.6155844155844156 0.35714285714285715 0.011688311688311689 0.04285714285714286
2 0.6311688311688312 0.3523809523809524 0.014285714285714285 0.031746031746031744
2 0.6 0.34444444444444444 0.012987012987012988 0.044444444444444446
2 0.5987012987012987 0.2984126984126984 0.014285714285714285 0.023809523809523808
2 0.5974025974025974 0.326984126984127 0.016883116883116882 0.046031746031746035
2 0.561038961038961 0.30952380952380953 0.011688311688311689 0.04285714285714286
2 0.574025974025974 0.30317460317460315 0.00909090909090909 0.03650793650793651
2 0.5818181818181818 0.32857142857142857 0.014285714285714285 0.047619047619047616
2 0.5701298701298702 0.3476190476190476 0.015584415584415584 0.04285714285714286
2 0.5753246753246753 0.3634920634920635 0.011688311688311689 0.0380952380952381
2 0.5506493506493506 0.2857142857142857 0.011688311688311689 0.031746031746031744
2 0.4805194805194805 0.36984126984126986 0.01038961038961039 0.050793650793650794
2 0.5103896103896104 0.3047619047619048 0.014285714285714285 0.03492063492063492
2 0.5246753246753246 0.3 0.015584415584415584 0.022222222222222223
2 0.5194805194805194 0.33174603174603173 0.015584415584415584 0.04126984126984127
2 0.4909090909090909 0.23174603174603176 0.01038961038961039 0.03333333333333333
2 0.5012987012987012 0.2396825396825397 0.00909090909090909 0.031746031746031744
2 0.5155844155844156 0.2365079365079365 0.011688311688311689 0.01904761904761905
2 0.4974025974025974 0.2619047619047619 0.015584415584415584 0.025396825396825397
2 0.5064935064935064 0.2873015873015873 0.014285714285714285 0.03650793650793651
2 0.5103896103896104 0.2571428571428571 0.00909090909090909 0.015873015873015872
2 0.5506493506493506 0.2507936507936508 0.00909090909090909 0.03015873015873016
2 0.5532467532467532 0.20952380952380953 0.01038961038961039 0.01904761904761905
2 0.5987012987012987 0.28095238095238095 0.011688311688311689 0.022222222222222223
2 0.5636363636363636 0.23492063492063492 0.01038961038961039 0.023809523809523808
2 0.5597402597402598 0.2571428571428571 0.007792207792207792 0.03015873015873016
2 0.5376623376623376 0.1873015873015873 0.007792207792207792 0.012698412698412698
2 0.5376623376623376 0.24126984126984127 0.011688311688311689 0.01746031746031746
2 0.5285714285714286 0.173015873015873 0.007792207792207792 0.009523809523809525
2 0.5337662337662338 0.18095238095238095 0.006493506493506494 0.014285714285714285
2 0.522077922077922 0.1634920634920635 0.006493506493506494 0.012698412698412698
2 0.5168831168831168 0.15079365079365079 0.006493506493506494 0.009523809523809525
2 0.5155844155844156 0.16666666666666666 0.006493506493506494 0.012698412698412698
2 0.5298701298701298 0.20952380952380953 0.005194805194805195 0.031746031746031744
2 0.512987012987013 0.13174603174603175 0.0025974025974025974 0.012698412698412698
2 0.4935064935064935 0.15079365079365079 0.005194805194805195 0.011111111111111112
2 0.5103896103896104 0.14285714285714285 0.005194805194805195 0.012698412698412698
2 0.522077922077922 0.2396825396825397 0.007792207792207792 0.011111111111111112
1 0.5727272727272728 0.9079365079365079 0.11168831168831168 0.18412698412698414
1 0.7194805194805195 0.9380952380952381 0.10779220779220779 0.12380952380952381
1 0.5532467532467532 0.7047619047619048 0.08181818181818182 0.2126984126984127
1 0.6324675324675325 0.6587301587301587 0.08701298701298701 0.15079365079365079
1 0.6857142857142857 0.7936507936507936 0.09480519480519481 0.20793650793650795
1 0.7402597402597403 0.707936507936508 0.1025974025974026 0.20476190476190476
1 0.8012987012987013 0.8746031746031746 0.13116883116883116 0.2507936507936508
1 0.6779220779220779 0.5857142857142857 0.07662337662337662 0.16825396825396827
1 0.5285714285714286 0.5841269841269842 0.06623376623376623 0.17142857142857143
1 0.5896103896103896 0.5095238095238095 0.06623376623376623 0.12698412698412698
1 0.5142857142857142 0.4888888888888889 0.05844155844155844 0.13015873015873017
1 0.6155844155844156 0.42857142857142855 0.05714285714285714 0.10952380952380952
1 0.5662337662337662 0.41904761904761906 0.05064935064935065 0.09047619047619047
1 0.548051948051948 0.34444444444444444 0.04025974025974026 0.07301587301587302
1 0.5064935064935064 0.3904761904761905 0.05194805194805195 0.10476190476190476
1 0.577922077922078 0.2761904761904762 0.03116883116883117 0.06984126984126984
1 0.4987012987012987 0.3349206349206349 0.03636363636363636 0.04126984126984127
1 0.4857142857142857 0.3047619047619048 0.032467532467532464 0.05396825396825397
1 0.5298701298701298 0.2571428571428571 0.024675324675324677 0.01904761904761905
1 0.5285714285714286 0.2904761904761905 0.03116883116883117 0.050793650793650794
1 0.5493506493506494 0.23333333333333334 0.025974025974025976 0.026984126984126985
1 0.4818181818181818 0.2746031746031746 0.025974025974025976 0.026984126984126985
1 0.4779220779220779 0.25555555555555554 0.025974025974025976 0.03333333333333333
1 0.474025974025974 0.23333333333333334 0.02987012987012987 0.0380952380952381
1 0.4675324675324675 0.2111111111111111 0.024675324675324677 0.023809523809523808
1 0.4675324675324675 0.19047619047619047 0.02207792207792208 0.01904761904761905
1 0.4909090909090909 0.18253968253968253 0.01818181818181818 0.025396825396825397
1 0.4844155844155844 0.16031746031746033 0.01038961038961039 0.031746031746031744
1 0.5064935064935064 0.1619047619047619 0.02077922077922078 0.01904761904761905
1 0.4844155844155844 0.1253968253968254 0.014285714285714285 0.014285714285714285
1 0.4844155844155844 0.13968253968253969 0.011688311688311689 0.01904761904761905
1 0.4974025974025974 0.1380952380952381 0.012987012987012988 0.012698412698412698
1 0.5038961038961038 0.1253968253968254 0.00909090909090909 0.009523809523809525
3 0.4675324675324675 0.13015873015873017 0.02207792207792208 0.03968253968253968
3 0.4662337662337662 0.16507936507936508 0.023376623376623377 0.03968253968253968
3 0.5142857142857142 0.20634920634920634 0.032467532467532464 0.07142857142857142
2 0.4987012987012987 0.11428571428571428 0.005194805194805195 0.007936507936507936
2 0.5025974025974026 0.10952380952380952 0.006493506493506494 0.012698412698412698
1 0.5402597402597402 0.2111111111111111 0.02077922077922078 0.04126984126984127
1 0.4883116883116883 0.1111111111111111 0.011688311688311689 0.011111111111111112
1 0.5051948051948052 0.09365079365079365 0.006493506493506494 0.007936507936507936
1 0.5012987012987012 0.1 0.01038961038961039 0.007936507936507936
1 0.4909090909090909 0.10158730158730159 0.007792207792207792 0.007936507936507936
1 0.4766233766233766 0.10793650793650794 0.01038961038961039 0.011111111111111112