1 0.5974025974025974 0.9301587301587302 0.11558441558441558 0.1380952380952381
1 0.587012987012987 0.4142857142857143 0.06233766233766234 0.13015873015873017
1 0.5272727272727272 0.34444444444444444 0.03766233766233766 0.08253968253968254
1 0.5428571428571428 0.26031746031746034 0.05064935064935065 0.08412698412698413
0 0.4896103896103896 0.24285714285714285 0.07272727272727272 0.1634920634920635
2 0.5012987012987012 0.173015873015873 0.02207792207792208 0.03968253968253968
1 0.474025974025974 0.1492063492063492 0.016883116883116882 0.044444444444444446
1 0.4714285714285714 0.12698412698412698 0.02207792207792208 0.03333333333333333
1 0.4844155844155844 0.11587301587301588 0.01948051948051948 0.03333333333333333
2 0.4948051948051948 0.12698412698412698 0.011688311688311689 0.015873015873015872
2 0.5051948051948052 0.14444444444444443 0.011688311688311689 0.02857142857142857
2 0.5 0.09841269841269841 0.011688311688311689 0.026984126984126985
2 0.5155844155844156 0.16031746031746033 0.015584415584415584 0.023809523809523808
2 0.5298701298701298 0.19047619047619047 0.015584415584415584 0.031746031746031744
2 0.5376623376623376 0.20634920634920634 0.01038961038961039 0.020634920634920634
2 0.5636363636363636 0.3111111111111111 0.023376623376623377 0.044444444444444446
2 0.5571428571428572 0.26031746031746034 0.025974025974025976 0.044444444444444446
2 0.574025974025974 0.28888888888888886 0.02727272727272727 0.05714285714285714
2 0.5961038961038961 0.36666666666666664 0.02987012987012987 0.06349206349206349
2 0.6194805194805195 0.35555555555555557 0.03116883116883117 0.05555555555555555
2 0.5376623376623376 0.45555555555555555 0.04285714285714286 0.09841269841269841
2 0.6831168831168831 0.5746031746031746 0.06233766233766234 0.15714285714285714
2 0.8077922077922078 0.7571428571428571 0.06233766233766234 0.10793650793650794
2 0.8493506493506493 0.9619047619047619 0.05844155844155844 0.0761904761904762