1 0.5311688311688312 0.6412698412698413 0.05844155844155844 0.16507936507936508
1 0.5233766233766234 0.5158730158730159 0.02987012987012987 0.09523809523809523
1 0.5857142857142857 0.4936507936507937 0.04155844155844156 0.09682539682539683
1 0.509090909090909 0.43492063492063493 0.03116883116883117 0.08095238095238096
1 0.5051948051948052 0.36984126984126986 0.025974025974025976 0.047619047619047616
1 0.561038961038961 0.3761904761904762 0.024675324675324677 0.06349206349206349
1 0.6 0.3492063492063492 0.02207792207792208 0.050793650793650794
1 0.4844155844155844 0.30634920634920637 0.01818181818181818 0.06190476190476191
3 0.509090909090909 0.3142857142857143 0.02727272727272727 0.06825396825396825
1 0.6363636363636364 0.6158730158730159 0.05194805194805195 0.10476190476190476
1 0.6376623376623377 0.4634920634920635 0.032467532467532464 0.0873015873015873
1 0.7064935064935065 0.834920634920635 0.06883116883116883 0.17777777777777778
1 0.6025974025974026 0.7603174603174603 0.06623376623376623 0.12698412698412698
1 0.787012987012987 0.8 0.07142857142857142 0.19682539682539682
1 0.7233766233766233 0.6444444444444445 0.06493506493506493 0.1365079365079365
3 0.5974025974025974 0.9126984126984127 0.1 0.1746031746031746
1 0.7558441558441559 0.9666666666666667 0.06233766233766234 0.06666666666666667
1 0.8753246753246753 0.9476190476190476 0.06883116883116883 0.10476190476190476
3 0.4909090909090909 0.22380952380952382 0.02727272727272727 0.0746031746031746
3 0.4662337662337662 0.1523809523809524 0.016883116883116882 0.044444444444444446
1 0.5883116883116883 0.2984126984126984 0.025974025974025976 0.046031746031746035
1 0.5688311688311688 0.2841269841269841 0.016883116883116882 0.03968253968253968
1 0.5246753246753246 0.2571428571428571 0.011688311688311689 0.026984126984126985
1 0.5324675324675324 0.2920634920634921 0.02077922077922078 0.025396825396825397
1 0.5207792207792208 0.23492063492063492 0.014285714285714285 0.020634920634920634
1 0.5142857142857142 0.21746031746031746 0.014285714285714285 0.023809523809523808
1 0.4688311688311688 0.17777777777777778 0.012987012987012988 0.023809523809523808
1 0.4688311688311688 0.21746031746031746 0.011688311688311689 0.026984126984126985
2 0.4779220779220779 0.3634920634920635 0.016883116883116882 0.06825396825396825
2 0.4675324675324675 0.2761904761904762 0.01038961038961039 0.049206349206349205
2 0.45324675324675323 0.20476190476190476 0.006493506493506494 0.026984126984126985
2 0.45454545454545453 0.21428571428571427 0.005194805194805195 0.023809523809523808
2 0.45454545454545453 0.23015873015873015 0.006493506493506494 0.025396825396825397
2 0.4597402597402597 0.23015873015873015 0.006493506493506494 0.020634920634920634
2 0.4597402597402597 0.24444444444444444 0.006493506493506494 0.025396825396825397
2 0.4688311688311688 0.2507936507936508 0.007792207792207792 0.03015873015873016
2 0.7051948051948052 0.3523809523809524 0.02987012987012987 0.06507936507936508
2 0.8558441558441559 0.4603174603174603 0.02207792207792208 0.08571428571428572
2 0.6506493506493507 0.5111111111111111 0.01818181818181818 0.05873015873015873
2 0.6545454545454545 0.546031746031746 0.02207792207792208 0.06031746031746032
2 0.6714285714285714 0.5206349206349207 0.014285714285714285 0.09206349206349207
2 0.9662337662337662 0.6682539682539682 0.02987012987012987 0.13174603174603175
2 0.8467532467532467 0.8126984126984127 0.032467532467532464 0.12698412698412698
2 0.861038961038961 0.7793650793650794 0.02857142857142857 0.1349206349206349
2 0.8220779220779221 0.7507936507936508 0.025974025974025976 0.0873015873015873
2 0.8233766233766234 0.7047619047619048 0.03116883116883117 0.1
2 0.7649350649350649 0.6507936507936508 0.02207792207792208 0.0873015873015873
2 0.7883116883116883 0.6730158730158731 0.02207792207792208 0.08095238095238096
2 0.7532467532467533 0.6158730158730159 0.014285714285714285 0.05555555555555555
2 0.7389610389610389 0.5936507936507937 0.015584415584415584 0.06031746031746032
2 0.6909090909090909 0.573015873015873 0.01948051948051948 0.04285714285714286
2 0.7220779220779221 0.5476190476190477 0.012987012987012988 0.05873015873015873
2 0.7077922077922078 0.526984126984127 0.015584415584415584 0.0761904761904762
2 0.6961038961038961 0.5396825396825397 0.01948051948051948 0.05873015873015873
2 0.687012987012987 0.4936507936507937 0.01948051948051948 0.05873015873015873
2 0.6831168831168831 0.4666666666666667 0.016883116883116882 0.07301587301587302
2 0.6688311688311688 0.45396825396825397 0.014285714285714285 0.06825396825396825
2 0.6584415584415585 0.4253968253968254 0.015584415584415584 0.049206349206349205
2 0.6532467532467533 0.3888888888888889 0.012987012987012988 0.03333333333333333
2 0.6402597402597403 0.4 0.01038961038961039 0.0380952380952381
2 0.6324675324675325 0.3761904761904762 0.012987012987012988 0.05396825396825397
2 0.625974025974026 0.35714285714285715 0.011688311688311689 0.049206349206349205
2 0.6194805194805195 0.319047619047619 0.012987012987012988 0.049206349206349205
2 0.5974025974025974 0.319047619047619 0.01948051948051948 0.025396825396825397
2 0.6116883116883117 0.3047619047619048 0.007792207792207792 0.0380952380952381
2 0.5532467532467532 0.42857142857142855 0.01038961038961039 0.07777777777777778
2 0.5636363636363636 0.4380952380952381 0.01038961038961039 0.06666666666666667
3 0.4597402597402597 0.11587301587301588 0.012987012987012988 0.0380952380952381
2 0.5441558441558442 0.40634920634920635 0.01038961038961039 0.05396825396825397
2 0.5909090909090909 0.6412698412698413 0.03116883116883117 0.12063492063492064
2 0.5285714285714286 0.8333333333333334 0.025974025974025976 0.14603174603174604
2 0.5298701298701298 0.8365079365079365 0.023376623376623377 0.10952380952380952
2 0.5233766233766234 0.9222222222222223 0.033766233766233764 0.12857142857142856
2 0.5142857142857142 0.7825396825396825 0.024675324675324677 0.12857142857142856
2 0.6337662337662338 0.7317460317460317 0.025974025974025976 0.10634920634920635
2 0.6363636363636364 0.6825396825396826 0.02987012987012987 0.08253968253968254
2 0.8922077922077922 0.8761904761904762 0.02727272727272727 0.07936507936507936
2 0.9441558441558442 0.9253968253968254 0.03636363636363636 0.14444444444444443
2 0.9844155844155844 0.8873015873015873 0.03116883116883117 0.16507936507936508
2 0.9844155844155844 0.9857142857142858 0.015584415584415584 0.02857142857142857
2 0.5844155844155844 0.42698412698412697 0.014285714285714285 0.04126984126984127
2 0.6051948051948052 0.41904761904761906 0.014285714285714285 0.05873015873015873
2 0.5948051948051948 0.40476190476190477 0.011688311688311689 0.049206349206349205
2 0.6168831168831169 0.4015873015873016 0.00909090909090909 0.026984126984126985
2 0.6142857142857143 0.37777777777777777 0.014285714285714285 0.03015873015873016
2 0.5896103896103896 0.3746031746031746 0.01038961038961039 0.03492063492063492
2 0.5324675324675324 0.3396825396825397 0.01038961038961039 0.06031746031746032
2 0.5415584415584416 0.3523809523809524 0.007792207792207792 0.049206349206349205
2 0.5545454545454546 0.3333333333333333 0.00909090909090909 0.02857142857142857
2 0.5727272727272728 0.35079365079365077 0.014285714285714285 0.044444444444444446
2 0.5623376623376624 0.3253968253968254 0.01038961038961039 0.03333333333333333
2 0.5428571428571428 0.3253968253968254 0.006493506493506494 0.031746031746031744
2 0.5337662337662338 0.30952380952380953 0.011688311688311689 0.026984126984126985
2 0.5597402597402598 0.29523809523809524 0.00909090909090909 0.03015873015873016
2 0.551948051948052 0.2634920634920635 0.007792207792207792 0.02857142857142857
1 0.5506493506493506 0.22063492063492063 0.015584415584415584 0.01904761904761905
2 0.4818181818181818 0.1634920634920635 0.006493506493506494 0.01904761904761905
1 0.4896103896103896 0.1619047619047619 0.007792207792207792 0.01904761904761905
1 0.487012987012987 0.15555555555555556 0.00909090909090909 0.012698412698412698
2 0.5064935064935064 0.18095238095238095 0.006493506493506494 0.022222222222222223
2 0.5 0.173015873015873 0.005194805194805195 0.01746031746031746
2 0.5025974025974026 0.1619047619047619 0.003896103896103896 0.01746031746031746
2 0.5064935064935064 0.16825396825396827 0.003896103896103896 0.01746031746031746
2 0.5116883116883116 0.173015873015873 0.003896103896103896 0.022222222222222223
1 0.5233766233766234 0.17142857142857143 0.011688311688311689 0.01746031746031746
2 0.5 0.15873015873015872 0.005194805194805195 0.015873015873015872
1 0.512987012987013 0.1523809523809524 0.00909090909090909 0.011111111111111112
1 0.5103896103896104 0.14444444444444443 0.007792207792207792 0.012698412698412698
1 0.4987012987012987 0.14761904761904762 0.007792207792207792 0.015873015873015872
1 0.5012987012987012 0.1349206349206349 0.00909090909090909 0.012698412698412698
1 0.4857142857142857 0.14603174603174604 0.007792207792207792 0.012698412698412698
1 0.4844155844155844 0.13333333333333333 0.006493506493506494 0.007936507936507936
3 0.4857142857142857 0.11746031746031746 0.007792207792207792 0.014285714285714285
1 0.4844155844155844 0.10317460317460317 0.006493506493506494 0.01746031746031746
1 0.4974025974025974 0.1126984126984127 0.005194805194805195 0.007936507936507936
1 0.4974025974025974 0.12380952380952381 0.006493506493506494 0.014285714285714285
0 0.4766233766233766 0.10317460317460317 0.005194805194805195 0.007936507936507936
3 0.4935064935064935 0.09841269841269841 0.005194805194805195 0.012698412698412698
2 0.4974025974025974 0.26666666666666666 0.006493506493506494 0.022222222222222223
2 0.5116883116883116 0.273015873015873 0.00909090909090909 0.015873015873015872
2 0.5103896103896104 0.25873015873015875 0.006493506493506494 0.012698412698412698
2 0.5064935064935064 0.24603174603174602 0.006493506493506494 0.026984126984126985
2 0.5506493506493506 0.29365079365079366 0.007792207792207792 0.0380952380952381
2 0.538961038961039 0.2746031746031746 0.006493506493506494 0.023809523809523808
2 0.5428571428571428 0.25555555555555554 0.006493506493506494 0.025396825396825397
2 0.5454545454545454 0.2761904761904762 0.005194805194805195 0.022222222222222223
2 0.5727272727272728 0.24444444444444444 0.005194805194805195 0.031746031746031744
2 0.5623376623376624 0.2523809523809524 0.007792207792207792 0.023809523809523808
2 0.535064935064935 0.24603174603174602 0.006493506493506494 0.02857142857142857
2 0.5337662337662338 0.22857142857142856 0.005194805194805195 0.01904761904761905
2 0.5558441558441558 0.23492063492063492 0.00909090909090909 0.022222222222222223
2 0.5688311688311688 0.22698412698412698 0.005194805194805195 0.020634920634920634
2 0.5402597402597402 0.22698412698412698 0.003896103896103896 0.020634920634920634
1 0.5077922077922078 0.20634920634920634 0.00909090909090909 0.03015873015873016
2 0.5285714285714286 0.21587301587301588 0.006493506493506494 0.022222222222222223
2 0.5194805194805194 0.1984126984126984 0.006493506493506494 0.015873015873015872
2 0.535064935064935 0.20317460317460317 0.005194805194805195 0.025396825396825397
2 0.5402597402597402 0.2 0.006493506493506494 0.026984126984126985
2 0.5285714285714286 0.19047619047619047 0.006493506493506494 0.01904761904761905
2 0.5168831168831168 0.16031746031746033 0.003896103896103896 0.01904761904761905
2 0.5194805194805194 0.15714285714285714 0.003896103896103896 0.015873015873015872
2 0.5181818181818182 0.14126984126984127 0.005194805194805195 0.022222222222222223
2 0.509090909090909 0.13333333333333333 0.005194805194805195 0.015873015873015872
2 0.5051948051948052 0.12222222222222222 0.005194805194805195 0.015873015873015872
2 0.5038961038961038 0.10952380952380952 0.003896103896103896 0.014285714285714285
2 0.5077922077922078 0.1111111111111111 0.003896103896103896 0.015873015873015872
1 0.5038961038961038 0.09841269841269841 0.006493506493506494 0.011111111111111112