1 0.561038961038961 0.8714285714285714 0.1038961038961039 0.2571428571428571
1 0.7831168831168831 0.953968253968254 0.12467532467532468 0.09047619047619047
1 0.5272727272727272 0.5666666666666667 0.07402597402597402 0.15555555555555556
1 0.6467532467532467 0.5920634920634921 0.07662337662337662 0.1523809523809524
1 0.5077922077922078 0.4365079365079365 0.053246753246753244 0.1126984126984127
1 0.5025974025974026 0.3619047619047619 0.04155844155844156 0.07777777777777778
1 0.4818181818181818 0.2571428571428571 0.02987012987012987 0.06031746031746032
1 0.4896103896103896 0.3111111111111111 0.03766233766233766 0.06031746031746032
1 0.538961038961039 0.29365079365079366 0.033766233766233764 0.06507936507936508
1 0.4727272727272727 0.22380952380952382 0.023376623376623377 0.04126984126984127
1 0.4675324675324675 0.20317460317460317 0.01948051948051948 0.03015873015873016
1 0.4636363636363636 0.1746031746031746 0.01818181818181818 0.03492063492063492
1 0.5636363636363636 0.26666666666666666 0.02727272727272727 0.06825396825396825
1 0.5064935064935064 0.22857142857142856 0.02727272727272727 0.05396825396825397
1 0.5012987012987012 0.2 0.02987012987012987 0.03650793650793651
1 0.5272727272727272 0.21746031746031746 0.02077922077922078 0.046031746031746035
1 0.5077922077922078 0.1634920634920635 0.01818181818181818 0.02857142857142857
1 0.5 0.14285714285714285 0.015584415584415584 0.020634920634920634
1 0.4831168831168831 0.13333333333333333 0.012987012987012988 0.023809523809523808
1 0.4649350649350649 0.1380952380952381 0.01948051948051948 0.03015873015873016
1 0.4675324675324675 0.11746031746031746 0.01038961038961039 0.020634920634920634
1 0.474025974025974 0.1 0.011688311688311689 0.012698412698412698
1 0.4818181818181818 0.1111111111111111 0.01038961038961039 0.01746031746031746
1 0.4935064935064935 0.11428571428571428 0.01038961038961039 0.01904761904761905
1 0.4857142857142857 0.09682539682539683 0.00909090909090909 0.015873015873015872
1 0.4948051948051948 0.1 0.00909090909090909 0.014285714285714285
1 0.4974025974025974 0.09047619047619047 0.006493506493506494 0.012698412698412698
1 0.5038961038961038 0.09365079365079365 0.011688311688311689 0.015873015873015872
2 0.6272727272727273 0.8031746031746032 0.03506493506493506 0.15555555555555556
2 0.6597402597402597 0.7619047619047619 0.03506493506493506 0.15555555555555556
2 0.8493506493506493 0.9396825396825397 0.04155844155844156 0.12063492063492064
2 0.8532467532467533 0.8666666666666667 0.04025974025974026 0.13174603174603175
2 0.8714285714285714 0.8507936507936508 0.033766233766233764 0.15555555555555556
2 0.7766233766233767 0.8555555555555555 0.05454545454545454 0.10952380952380952
2 0.7558441558441559 0.773015873015873 0.04155844155844156 0.10952380952380952
2 0.8 0.7761904761904762 0.03766233766233766 0.14126984126984127
2 0.7441558441558441 0.6984126984126984 0.03766233766233766 0.10634920634920635
2 0.6233766233766234 0.6825396825396826 0.033766233766233764 0.09682539682539683
2 0.5948051948051948 0.6365079365079365 0.032467532467532464 0.11746031746031746
2 0.5844155844155844 0.5444444444444444 0.025974025974025976 0.08888888888888889
2 0.5961038961038961 0.5142857142857142 0.02727272727272727 0.09523809523809523
2 0.7246753246753247 0.6301587301587301 0.032467532467532464 0.10476190476190476
2 0.712987012987013 0.5634920634920635 0.02987012987012987 0.09523809523809523
2 0.6792207792207792 0.5571428571428572 0.025974025974025976 0.10158730158730159
2 0.6883116883116883 0.5126984126984127 0.024675324675324677 0.09523809523809523
2 0.6454545454545455 0.5 0.023376623376623377 0.06984126984126984
2 0.6610389610389611 0.49523809523809526 0.01948051948051948 0.08571428571428572
2 0.6207792207792208 0.4746031746031746 0.025974025974025976 0.08888888888888889
2 0.6441558441558441 0.4301587301587302 0.02207792207792208 0.06984126984126984
2 0.6467532467532467 0.40476190476190477 0.024675324675324677 0.07301587301587302
2 0.574025974025974 0.4714285714285714 0.016883116883116882 0.08412698412698413
2 0.5909090909090909 0.44603174603174606 0.01948051948051948 0.06984126984126984
2 0.561038961038961 0.43492063492063493 0.01818181818181818 0.07777777777777778
2 0.5376623376623376 0.4142857142857143 0.016883116883116882 0.07301587301587302
2 0.5506493506493506 0.373015873015873 0.01948051948051948 0.07777777777777778
2 0.5896103896103896 0.4142857142857143 0.02077922077922078 0.05714285714285714
2 0.587012987012987 0.3888888888888889 0.02207792207792208 0.06031746031746032
2 0.6077922077922078 0.4111111111111111 0.015584415584415584 0.06984126984126984
2 0.6103896103896104 0.3476190476190476 0.025974025974025976 0.06825396825396825
2 0.5922077922077922 0.29523809523809524 0.016883116883116882 0.05873015873015873
2 0.5311688311688312 0.34444444444444444 0.01818181818181818 0.06349206349206349
2 0.509090909090909 0.27936507936507937 0.01818181818181818 0.06507936507936508
2 0.525974025974026 0.25396825396825395 0.011688311688311689 0.03968253968253968
2 0.5441558441558442 0.25555555555555554 0.012987012987012988 0.04126984126984127
2 0.5688311688311688 0.2523809523809524 0.016883116883116882 0.046031746031746035
2 0.5571428571428572 0.23174603174603176 0.011688311688311689 0.03015873015873016
2 0.548051948051948 0.22380952380952382 0.01038961038961039 0.026984126984126985
2 0.538961038961039 0.20793650793650795 0.007792207792207792 0.031746031746031744
2 0.4805194805194805 0.19523809523809524 0.00909090909090909 0.03650793650793651
2 0.525974025974026 0.18888888888888888 0.007792207792207792 0.01746031746031746
2 0.4805194805194805 0.17777777777777778 0.007792207792207792 0.022222222222222223
2 0.4883116883116883 0.1746031746031746 0.007792207792207792 0.020634920634920634
2 0.45324675324675323 0.1349206349206349 0.007792207792207792 0.020634920634920634
2 0.4753246753246753 0.16031746031746033 0.006493506493506494 0.01904761904761905
2 0.4714285714285714 0.16031746031746033 0.007792207792207792 0.020634920634920634
2 0.4831168831168831 0.1523809523809524 0.007792207792207792 0.023809523809523808
2 0.4779220779220779 0.1523809523809524 0.01038961038961039 0.01904761904761905
2 0.4961038961038961 0.17142857142857143 0.007792207792207792 0.025396825396825397
2 0.4909090909090909 0.15873015873015872 0.00909090909090909 0.01904761904761905
2 0.522077922077922 0.16666666666666666 0.007792207792207792 0.01904761904761905
2 0.4909090909090909 0.12857142857142856 0.006493506493506494 0.014285714285714285
2 0.5038961038961038 0.13174603174603175 0.005194805194805195 0.012698412698412698
2 0.5064935064935064 0.12222222222222222 0.006493506493506494 0.011111111111111112
2 0.5012987012987012 0.11428571428571428 0.006493506493506494 0.014285714285714285
2 0.5064935064935064 0.10952380952380952 0.005194805194805195 0.014285714285714285
2 0.5103896103896104 0.14285714285714285 0.006493506493506494 0.020634920634920634