2 0.4805194805194805 0.17936507936507937 0.011688311688311689 0.03650793650793651
2 0.4974025974025974 0.14444444444444443 0.01038961038961039 0.03015873015873016
2 0.5 0.12698412698412698 0.005194805194805195 0.01904761904761905
2 0.5 0.1111111111111111 0.006493506493506494 0.01904761904761905
2 0.5012987012987012 0.09365079365079365 0.005194805194805195 0.014285714285714285
2 0.5012987012987012 0.3380952380952381 0.012987012987012988 0.05396825396825397
1 0.5311688311688312 0.29365079365079366 0.033766233766233764 0.044444444444444446
1 0.5441558441558442 0.3349206349206349 0.03116883116883117 0.05555555555555555
2 0.5714285714285714 0.33015873015873015 0.01038961038961039 0.047619047619047616
2 0.5597402597402598 0.36984126984126986 0.014285714285714285 0.046031746031746035
1 0.5831168831168831 0.41904761904761906 0.04025974025974026 0.08253968253968254
2 0.577922077922078 0.36507936507936506 0.012987012987012988 0.02857142857142857
1 0.6337662337662338 0.40634920634920635 0.046753246753246755 0.10952380952380952
2 0.6194805194805195 0.3333333333333333 0.01038961038961039 0.03015873015873016
2 0.6025974025974026 0.35873015873015873 0.00909090909090909 0.03492063492063492
2 0.5948051948051948 0.37777777777777777 0.015584415584415584 0.05238095238095238
2 0.5753246753246753 0.4714285714285714 0.023376623376623377 0.07142857142857142
2 0.5766233766233766 0.5349206349206349 0.02207792207792208 0.10634920634920635
2 0.6 0.5904761904761905 0.02207792207792208 0.10793650793650794
2 0.5974025974025974 0.9793650793650793 0.05194805194805195 0.04126984126984127
3 0.487012987012987 0.2904761904761905 0.033766233766233764 0.0761904761904762
1 0.4844155844155844 0.2396825396825397 0.024675324675324677 0.026984126984126985
1 0.6480519480519481 0.5412698412698412 0.06363636363636363 0.12857142857142856
1 0.6402597402597403 0.7333333333333333 0.09610389610389611 0.20317460317460317
1 0.7415584415584415 0.7317460317460317 0.09350649350649351 0.21428571428571427
1 0.7610389610389611 0.9412698412698413 0.14155844155844155 0.11746031746031746
3 0.5168831168831168 0.5047619047619047 0.08311688311688312 0.2746031746031746
1 0.5298701298701298 0.22857142857142856 0.032467532467532464 0.06507936507936508