2 0.4779220779220779 0.6079365079365079 0.04025974025974026 0.1349206349206349
2 0.5714285714285714 0.43492063492063493 0.02727272727272727 0.08888888888888889
2 0.4987012987012987 0.4158730158730159 0.024675324675324677 0.08095238095238096
2 0.5181818181818182 0.3904761904761905 0.02077922077922078 0.07936507936507936
2 0.45714285714285713 0.3746031746031746 0.02207792207792208 0.0746031746031746
2 0.5597402597402598 0.2904761904761905 0.01948051948051948 0.06031746031746032
2 0.4584415584415584 0.23333333333333334 0.016883116883116882 0.050793650793650794
2 0.45454545454545453 0.16507936507936508 0.011688311688311689 0.03492063492063492
2 0.4623376623376623 0.173015873015873 0.012987012987012988 0.03650793650793651
2 0.4701298701298701 0.16507936507936508 0.014285714285714285 0.031746031746031744
2 0.43506493506493504 0.12857142857142856 0.00909090909090909 0.022222222222222223
2 0.4662337662337662 0.10634920634920635 0.00909090909090909 0.015873015873015872
2 0.4714285714285714 0.08253968253968254 0.007792207792207792 0.014285714285714285
2 0.4636363636363636 0.0873015873015873 0.007792207792207792 0.020634920634920634
1 0.45454545454545453 0.08412698412698413 0.015584415584415584 0.023809523809523808