2 0.8662337662337662 0.9587301587301588 0.06233766233766234 0.08253968253968254
2 0.6493506493506493 0.773015873015873 0.04935064935064935 0.12857142857142856
2 0.5844155844155844 0.48412698412698413 0.03896103896103896 0.09841269841269841
2 0.6064935064935065 0.4111111111111111 0.045454545454545456 0.05555555555555555
2 0.5571428571428572 0.4126984126984127 0.02857142857142857 0.08253968253968254
2 0.4883116883116883 0.32222222222222224 0.025974025974025976 0.06825396825396825
2 0.5311688311688312 0.3111111111111111 0.02207792207792208 0.06349206349206349
2 0.5584415584415584 0.30317460317460315 0.01818181818181818 0.06349206349206349
2 0.5285714285714286 0.24761904761904763 0.01948051948051948 0.03650793650793651
2 0.5168831168831168 0.20793650793650795 0.02207792207792208 0.0380952380952381
2 0.4896103896103896 0.173015873015873 0.00909090909090909 0.02857142857142857
2 0.4974025974025974 0.1619047619047619 0.01038961038961039 0.026984126984126985
2 0.4948051948051948 0.10793650793650794 0.01038961038961039 0.023809523809523808
2 0.5025974025974026 0.09523809523809523 0.003896103896103896 0.012698412698412698