1 0.7233766233766233 0.9174603174603174 0.13766233766233765 0.16507936507936508
1 0.6688311688311688 0.726984126984127 0.09480519480519481 0.19682539682539682
1 0.4753246753246753 0.18253968253968253 0.023376623376623377 0.03492063492063492
1 0.4597402597402597 0.16507936507936508 0.02077922077922078 0.031746031746031744
1 0.4857142857142857 0.14444444444444443 0.01818181818181818 0.025396825396825397
1 0.4753246753246753 0.12698412698412698 0.016883116883116882 0.026984126984126985
1 0.4727272727272727 0.10634920634920635 0.01038961038961039 0.023809523809523808
2 0.487012987012987 0.1126984126984127 0.005194805194805195 0.012698412698412698
2 0.5 0.10634920634920635 0.007792207792207792 0.012698412698412698
2 0.4909090909090909 0.1253968253968254 0.005194805194805195 0.012698412698412698
2 0.5 0.14761904761904762 0.006493506493506494 0.023809523809523808
2 0.4987012987012987 0.12698412698412698 0.005194805194805195 0.012698412698412698
2 0.5025974025974026 0.12380952380952381 0.003896103896103896 0.011111111111111112
2 0.509090909090909 0.18095238095238095 0.006493506493506494 0.02857142857142857
2 0.5194805194805194 0.17142857142857143 0.007792207792207792 0.025396825396825397
2 0.5181818181818182 0.1984126984126984 0.006493506493506494 0.03015873015873016
2 0.5246753246753246 0.21904761904761905 0.006493506493506494 0.02857142857142857
2 0.5701298701298702 0.2619047619047619 0.00909090909090909 0.03492063492063492
2 0.5272727272727272 0.2904761904761905 0.015584415584415584 0.047619047619047616
2 0.6168831168831169 0.33650793650793653 0.016883116883116882 0.049206349206349205
2 0.6064935064935065 0.37142857142857144 0.01948051948051948 0.06507936507936508
2 0.5792207792207792 0.346031746031746 0.011688311688311689 0.05714285714285714
2 0.5506493506493506 0.35555555555555557 0.025974025974025976 0.047619047619047616
2 0.5532467532467532 0.4 0.025974025974025976 0.06666666666666667
2 0.5285714285714286 0.43492063492063493 0.016883116883116882 0.06190476190476191
2 0.5051948051948052 0.46825396825396826 0.01818181818181818 0.07301587301587302
2 0.5532467532467532 0.5253968253968254 0.01948051948051948 0.08888888888888889
2 0.6376623376623377 0.5015873015873016 0.024675324675324677 0.09841269841269841
2 0.6766233766233766 0.4936507936507937 0.024675324675324677 0.0873015873015873
2 0.548051948051948 0.6571428571428571 0.02727272727272727 0.12063492063492064
2 0.7077922077922078 0.5984126984126984 0.033766233766233764 0.1
2 0.7974025974025974 0.8428571428571429 0.05194805194805195 0.14444444444444443