2 0.7454545454545455 0.6730158730158731 0.04155844155844156 0.11746031746031746
2 0.7909090909090909 0.8476190476190476 0.03766233766233766 0.15714285714285714
2 0.8519480519480519 0.8968253968253969 0.033766233766233764 0.15873015873015872
2 0.9402597402597402 0.9333333333333333 0.05194805194805195 0.13333333333333333
2 0.874025974025974 0.9809523809523809 0.03116883116883117 0.0380952380952381
2 0.7337662337662337 0.5920634920634921 0.02857142857142857 0.10952380952380952
2 0.6467532467532467 0.546031746031746 0.02857142857142857 0.10317460317460317
2 0.6610389610389611 0.5063492063492063 0.025974025974025976 0.09682539682539683
1 0.5714285714285714 0.6952380952380952 0.06883116883116883 0.173015873015873
1 0.6519480519480519 0.6857142857142857 0.07012987012987013 0.173015873015873
1 0.5844155844155844 0.8920634920634921 0.09350649350649351 0.21587301587301588
1 0.7116883116883117 0.9238095238095239 0.09610389610389611 0.1523809523809524
3 0.5766233766233766 0.37936507936507935 0.045454545454545456 0.17777777777777778
2 0.5285714285714286 0.4396825396825397 0.01948051948051948 0.08412698412698413
2 0.5142857142857142 0.3761904761904762 0.01818181818181818 0.06825396825396825
2 0.6246753246753247 0.37142857142857144 0.015584415584415584 0.06349206349206349
2 0.5311688311688312 0.2650793650793651 0.012987012987012988 0.044444444444444446
2 0.5753246753246753 0.2777777777777778 0.01948051948051948 0.044444444444444446
2 0.5376623376623376 0.23174603174603176 0.012987012987012988 0.03968253968253968
2 0.5207792207792208 0.2 0.00909090909090909 0.03492063492063492
2 0.4779220779220779 0.15079365079365079 0.007792207792207792 0.0380952380952381
2 0.4987012987012987 0.1492063492063492 0.012987012987012988 0.03015873015873016
2 0.4961038961038961 0.11587301587301588 0.007792207792207792 0.01904761904761905
2 0.4987012987012987 0.10158730158730159 0.007792207792207792 0.014285714285714285
2 0.5064935064935064 0.1 0.005194805194805195 0.014285714285714285
2 0.5142857142857142 0.16031746031746033 0.00909090909090909 0.031746031746031744