1 0.5948051948051948 0.8 0.08961038961038961 0.2015873015873016
2 0.5168831168831168 0.707936507936508 0.06623376623376623 0.1492063492063492
1 0.6077922077922078 0.5238095238095238 0.053246753246753244 0.10634920634920635
1 0.5168831168831168 0.4158730158730159 0.05844155844155844 0.09841269841269841
1 0.587012987012987 0.4158730158730159 0.06233766233766234 0.12380952380952381
1 0.6181818181818182 0.39206349206349206 0.06493506493506493 0.12063492063492064
2 0.674025974025974 0.5682539682539682 0.024675324675324677 0.1111111111111111
2 0.5493506493506494 0.5380952380952381 0.03506493506493506 0.08571428571428572
2 0.4948051948051948 0.1492063492063492 0.007792207792207792 0.02857142857142857
2 0.4831168831168831 0.1523809523809524 0.01038961038961039 0.04126984126984127
2 0.5 0.13174603174603175 0.007792207792207792 0.01746031746031746
2 0.487012987012987 0.12698412698412698 0.005194805194805195 0.01904761904761905
2 0.4896103896103896 0.11587301587301588 0.00909090909090909 0.014285714285714285
2 0.4961038961038961 0.1111111111111111 0.01038961038961039 0.025396825396825397
2 0.5051948051948052 0.10634920634920635 0.011688311688311689 0.025396825396825397