2 0.7311688311688311 0.5825396825396826 0.03506493506493506 0.12380952380952381
1 0.7103896103896103 0.7761904761904762 0.12857142857142856 0.2761904761904762
2 0.7610389610389611 0.6666666666666666 0.03896103896103896 0.12222222222222222
2 0.7844155844155845 0.807936507936508 0.04415584415584416 0.13015873015873017
2 0.7948051948051948 0.9349206349206349 0.11948051948051948 0.13015873015873017
2 0.8233766233766234 0.8634920634920635 0.023376623376623377 0.08888888888888889
2 0.6155844155844156 0.7063492063492064 0.03116883116883117 0.08571428571428572
2 0.6038961038961039 0.6396825396825396 0.02857142857142857 0.09523809523809523
2 0.6038961038961039 0.5777777777777777 0.016883116883116882 0.025396825396825397
2 0.5311688311688312 0.9333333333333333 0.03506493506493506 0.12380952380952381
2 0.5298701298701298 0.8317460317460318 0.032467532467532464 0.12857142857142856
2 0.5038961038961038 0.7603174603174603 0.024675324675324677 0.12857142857142856
2 0.5402597402597402 0.2634920634920635 0.011688311688311689 0.04285714285714286
2 0.4818181818181818 0.22857142857142856 0.011688311688311689 0.03650793650793651
2 0.5012987012987012 0.22380952380952382 0.01038961038961039 0.03333333333333333
2 0.5337662337662338 0.2253968253968254 0.01038961038961039 0.02857142857142857
2 0.5103896103896104 0.1984126984126984 0.011688311688311689 0.04285714285714286
2 0.4727272727272727 0.1492063492063492 0.007792207792207792 0.02857142857142857
2 0.4948051948051948 0.15396825396825398 0.011688311688311689 0.03015873015873016
2 0.5116883116883116 0.14603174603174604 0.011688311688311689 0.025396825396825397
2 0.4844155844155844 0.1365079365079365 0.005194805194805195 0.022222222222222223
2 0.4792207792207792 0.11587301587301588 0.006493506493506494 0.01904761904761905
2 0.4987012987012987 0.12698412698412698 0.005194805194805195 0.020634920634920634
2 0.5 0.11428571428571428 0.012987012987012988 0.026984126984126985
1 0.587012987012987 0.4365079365079365 0.06103896103896104 0.10952380952380952
1 0.6155844155844156 0.4984126984126984 0.06103896103896104 0.1380952380952381
1 0.5493506493506494 0.680952380952381 0.08961038961038961 0.15873015873015872
1 0.6727272727272727 0.6222222222222222 0.07662337662337662 0.1492063492063492
1 0.6194805194805195 0.8698412698412699 0.10909090909090909 0.26031746031746034
2 0.8727272727272727 0.9587301587301588 0.03636363636363636 0.08253968253968254