2 0.6935064935064935 0.5285714285714286 0.023376623376623377 0.10476190476190476
2 0.5792207792207792 0.32222222222222224 0.015584415584415584 0.05714285714285714
2 0.5246753246753246 0.2222222222222222 0.01038961038961039 0.04126984126984127
2 0.5 0.19523809523809524 0.011688311688311689 0.03492063492063492
2 0.5181818181818182 0.2 0.00909090909090909 0.0380952380952381
1 0.4779220779220779 0.1634920634920635 0.015584415584415584 0.03492063492063492
2 0.4948051948051948 0.16666666666666666 0.007792207792207792 0.026984126984126985
2 0.4974025974025974 0.1523809523809524 0.006493506493506494 0.025396825396825397
2 0.5116883116883116 0.14761904761904762 0.006493506493506494 0.03333333333333333
1 0.4922077922077922 0.1365079365079365 0.012987012987012988 0.025396825396825397
1 0.4714285714285714 0.11746031746031746 0.011688311688311689 0.023809523809523808
2 0.4805194805194805 0.1111111111111111 0.005194805194805195 0.012698412698412698
2 0.4844155844155844 0.10793650793650794 0.003896103896103896 0.015873015873015872
1 0.4922077922077922 0.10952380952380952 0.01038961038961039 0.022222222222222223
2 0.5012987012987012 0.09523809523809523 0.005194805194805195 0.012698412698412698