2 0.9467532467532468 0.9682539682539683 0.04415584415584416 0.06349206349206349
2 0.8961038961038961 0.9682539682539683 0.03766233766233766 0.06190476190476191
2 0.8818181818181818 0.8873015873015873 0.05584415584415584 0.1380952380952381
2 0.7844155844155845 0.9317460317460318 0.05194805194805195 0.1365079365079365
2 0.7077922077922078 0.8222222222222222 0.045454545454545456 0.16031746031746033
2 0.8090909090909091 0.7666666666666667 0.03766233766233766 0.15714285714285714
2 0.7571428571428571 0.665079365079365 0.03116883116883117 0.11746031746031746
2 0.5597402597402598 0.6746031746031746 0.033766233766233764 0.1365079365079365
2 0.5675324675324676 0.5698412698412698 0.02727272727272727 0.10317460317460317
2 0.5558441558441558 0.5063492063492063 0.023376623376623377 0.08571428571428572
2 0.512987012987013 0.4396825396825397 0.01948051948051948 0.06507936507936508
2 0.5272727272727272 0.4222222222222222 0.02077922077922078 0.07777777777777778
1 0.5636363636363636 0.3968253968253968 0.04025974025974026 0.0746031746031746
3 0.6181818181818182 0.46825396825396826 0.07792207792207792 0.20952380952380953
2 0.5909090909090909 0.3476190476190476 0.01948051948051948 0.050793650793650794
2 0.6090909090909091 0.3412698412698413 0.023376623376623377 0.06349206349206349
1 0.5896103896103896 0.8761904761904762 0.10909090909090909 0.24761904761904763
1 0.6272727272727273 0.653968253968254 0.08571428571428572 0.16507936507936508
1 0.5142857142857142 0.546031746031746 0.05844155844155844 0.14761904761904762
1 0.5337662337662338 0.33174603174603173 0.03766233766233766 0.06666666666666667
1 0.5688311688311688 0.30158730158730157 0.032467532467532464 0.06984126984126984
3 0.4753246753246753 0.20634920634920634 0.03896103896103896 0.1111111111111111
1 0.461038961038961 0.14126984126984127 0.016883116883116882 0.01904761904761905
1 0.4636363636363636 0.12380952380952381 0.01038961038961039 0.012698412698412698
1 0.461038961038961 0.12857142857142856 0.01038961038961039 0.009523809523809525
1 0.4662337662337662 0.11587301587301588 0.01038961038961039 0.009523809523809525
1 0.4675324675324675 0.10952380952380952 0.006493506493506494 0.009523809523809525
1 0.4818181818181818 0.14444444444444443 0.012987012987012988 0.020634920634920634
3 0.4844155844155844 0.12222222222222222 0.014285714285714285 0.03015873015873016
3 0.5142857142857142 0.19047619047619047 0.03766233766233766 0.09841269841269841
1 0.4961038961038961 0.12698412698412698 0.00909090909090909 0.014285714285714285
1 0.4935064935064935 0.1126984126984127 0.005194805194805195 0.009523809523809525
1 0.4818181818181818 0.10476190476190476 0.006493506493506494 0.009523809523809525
1 0.4961038961038961 0.10634920634920635 0.006493506493506494 0.009523809523809525
3 0.4805194805194805 0.08888888888888889 0.012987012987012988 0.022222222222222223
1 0.4909090909090909 0.09523809523809523 0.005194805194805195 0.011111111111111112
1 0.5 0.09523809523809523 0.005194805194805195 0.011111111111111112
1 0.5038961038961038 0.0873015873015873 0.006493506493506494 0.007936507936507936
1 0.6545454545454545 0.45396825396825397 0.032467532467532464 0.12222222222222222