1 0.8389610389610389 0.873015873015873 0.15064935064935064 0.25396825396825395
1 0.6532467532467533 0.765079365079365 0.11038961038961038 0.24761904761904763
1 0.5428571428571428 0.6873015873015873 0.07402597402597402 0.21746031746031746
1 0.7220779220779221 0.6730158730158731 0.09610389610389611 0.20634920634920634
1 0.6012987012987013 0.5698412698412698 0.06623376623376623 0.12857142857142856
1 0.5792207792207792 0.46825396825396826 0.053246753246753244 0.12857142857142856
1 0.6064935064935065 0.4238095238095238 0.08961038961038961 0.10793650793650794
1 0.5103896103896104 0.41904761904761906 0.03766233766233766 0.09523809523809523
1 0.5506493506493506 0.35873015873015873 0.04935064935064935 0.07301587301587302
1 0.535064935064935 0.2984126984126984 0.04155844155844156 0.08253968253968254
1 0.577922077922078 0.32222222222222224 0.03766233766233766 0.06507936507936508
1 0.4909090909090909 0.2984126984126984 0.05194805194805195 0.09523809523809523
1 0.5285714285714286 0.23333333333333334 0.024675324675324677 0.044444444444444446
1 0.474025974025974 0.2492063492063492 0.02987012987012987 0.05555555555555555
1 0.5038961038961038 0.21587301587301588 0.02857142857142857 0.0380952380952381
1 0.509090909090909 0.19047619047619047 0.032467532467532464 0.05873015873015873
1 0.4636363636363636 0.17777777777777778 0.01818181818181818 0.03650793650793651
1 0.4623376623376623 0.14761904761904762 0.016883116883116882 0.04285714285714286
1 0.4857142857142857 0.1619047619047619 0.02077922077922078 0.03015873015873016
1 0.4818181818181818 0.14285714285714285 0.016883116883116882 0.03333333333333333
2 0.4974025974025974 0.1619047619047619 0.00909090909090909 0.022222222222222223
1 0.5038961038961038 0.1523809523809524 0.023376623376623377 0.031746031746031744
1 0.4636363636363636 0.1253968253968254 0.014285714285714285 0.03968253968253968
1 0.5038961038961038 0.14603174603174604 0.014285714285714285 0.031746031746031744
1 0.4805194805194805 0.10952380952380952 0.012987012987012988 0.01746031746031746
2 0.4948051948051948 0.11904761904761904 0.00909090909090909 0.011111111111111112
1 0.4961038961038961 0.10317460317460317 0.00909090909090909 0.025396825396825397
1 0.4922077922077922 0.10158730158730159 0.011688311688311689 0.02857142857142857
2 0.5051948051948052 0.1253968253968254 0.00909090909090909 0.007936507936507936
2 0.5025974025974026 0.11587301587301588 0.00909090909090909 0.012698412698412698
2 0.5051948051948052 0.10317460317460317 0.00909090909090909 0.020634920634920634
2 0.5181818181818182 0.19365079365079366 0.006493506493506494 0.03015873015873016
2 0.5233766233766234 0.16984126984126985 0.015584415584415584 0.02857142857142857
2 0.5168831168831168 0.15714285714285714 0.011688311688311689 0.014285714285714285
2 0.5363636363636364 0.2 0.014285714285714285 0.03015873015873016
2 0.5454545454545454 0.22063492063492063 0.011688311688311689 0.026984126984126985
2 0.5454545454545454 0.26825396825396824 0.011688311688311689 0.05873015873015873
2 0.5558441558441558 0.25873015873015875 0.014285714285714285 0.0380952380952381
2 0.5623376623376624 0.24761904761904763 0.01818181818181818 0.044444444444444446
2 0.5662337662337662 0.2777777777777778 0.014285714285714285 0.02857142857142857
2 0.5701298701298702 0.26031746031746034 0.01818181818181818 0.02857142857142857
2 0.5883116883116883 0.2920634920634921 0.023376623376623377 0.05396825396825397
2 0.5935064935064935 0.3111111111111111 0.02207792207792208 0.031746031746031744
2 0.6155844155844156 0.3476190476190476 0.01948051948051948 0.03968253968253968
2 0.5883116883116883 0.36507936507936506 0.02077922077922078 0.05555555555555555
2 0.5116883116883116 0.3603174603174603 0.025974025974025976 0.050793650793650794
2 0.4844155844155844 0.3682539682539683 0.01818181818181818 0.06666666666666667
2 0.5051948051948052 0.2873015873015873 0.02077922077922078 0.05873015873015873
2 0.512987012987013 0.2650793650793651 0.00909090909090909 0.04126984126984127
2 0.5233766233766234 0.2714285714285714 0.01818181818181818 0.031746031746031744
2 0.6376623376623377 0.4 0.02207792207792208 0.06825396825396825
2 0.6597402597402597 0.44761904761904764 0.02727272727272727 0.0761904761904762
2 0.6844155844155844 0.5031746031746032 0.024675324675324677 0.05873015873015873
2 0.548051948051948 0.526984126984127 0.03896103896103896 0.09523809523809523
2 0.4935064935064935 0.5349206349206349 0.02857142857142857 0.10476190476190476
2 0.5246753246753246 0.5650793650793651 0.02857142857142857 0.08888888888888889
2 0.6532467532467533 0.5698412698412698 0.03116883116883117 0.1126984126984127
2 0.7350649350649351 0.5984126984126984 0.045454545454545456 0.10476190476190476