1 0.5792207792207792 0.8841269841269841 0.11428571428571428 0.23174603174603176
1 0.7571428571428571 0.9333333333333333 0.12597402597402596 0.13333333333333333
2 0.5909090909090909 0.7206349206349206 0.03636363636363636 0.1126984126984127
2 0.8519480519480519 0.9238095238095239 0.046753246753246755 0.15079365079365079
2 0.8805194805194805 0.8793650793650793 0.046753246753246755 0.18095238095238095
2 0.8051948051948052 0.8047619047619048 0.048051948051948054 0.16825396825396827
1 0.6974025974025974 0.7507936507936508 0.12207792207792208 0.25873015873015875
2 0.7454545454545455 0.7047619047619048 0.03116883116883117 0.1365079365079365
2 0.7207792207792207 0.6412698412698413 0.03636363636363636 0.10634920634920635
2 0.7649350649350649 0.6507936507936508 0.03636363636363636 0.11587301587301588
2 0.6753246753246753 0.5777777777777777 0.02857142857142857 0.09365079365079365
2 0.7051948051948052 0.5682539682539682 0.03116883116883117 0.1
2 0.6155844155844156 0.5111111111111111 0.07142857142857142 0.15873015873015872
2 0.6636363636363637 0.5111111111111111 0.025974025974025976 0.09682539682539683
2 0.7051948051948052 0.5079365079365079 0.02987012987012987 0.07301587301587302
2 0.5324675324675324 0.5936507936507937 0.06883116883116883 0.16825396825396827
2 0.5636363636363636 0.5428571428571428 0.02727272727272727 0.1
2 0.5597402597402598 0.47619047619047616 0.02207792207792208 0.0761904761904762
2 0.6324675324675325 0.45714285714285713 0.02207792207792208 0.06507936507936508
2 0.6649350649350649 0.45555555555555555 0.01818181818181818 0.07777777777777778
2 0.6012987012987013 0.43492063492063493 0.02077922077922078 0.04285714285714286
2 0.625974025974026 0.4253968253968254 0.023376623376623377 0.05714285714285714
2 0.6480519480519481 0.4380952380952381 0.02207792207792208 0.06190476190476191
2 0.6168831168831169 0.3968253968253968 0.024675324675324677 0.07142857142857142
2 0.6441558441558441 0.3952380952380952 0.02077922077922078 0.05238095238095238
1 0.5636363636363636 0.3396825396825397 0.04285714285714286 0.09047619047619047
2 0.5909090909090909 0.33015873015873015 0.012987012987012988 0.05714285714285714
2 0.6103896103896104 0.3412698412698413 0.02077922077922078 0.06190476190476191
2 0.577922077922078 0.30952380952380953 0.012987012987012988 0.0380952380952381
2 0.5987012987012987 0.31746031746031744 0.01038961038961039 0.049206349206349205
2 0.4974025974025974 0.35079365079365077 0.011688311688311689 0.03650793650793651
2 0.4935064935064935 0.3126984126984127 0.014285714285714285 0.050793650793650794
2 0.4948051948051948 0.28095238095238095 0.011688311688311689 0.0380952380952381
1 0.5181818181818182 0.33650793650793653 0.03636363636363636 0.08412698412698413
1 0.564935064935065 0.27936507936507937 0.03116883116883117 0.044444444444444446
2 0.574025974025974 0.2619047619047619 0.011688311688311689 0.02857142857142857
3 0.535064935064935 0.28253968253968254 0.04155844155844156 0.07777777777777778
1 0.512987012987013 0.2523809523809524 0.023376623376623377 0.049206349206349205
2 0.5311688311688312 0.2253968253968254 0.011688311688311689 0.0380952380952381
2 0.5441558441558442 0.2222222222222222 0.014285714285714285 0.04126984126984127
1 0.4792207792207792 0.2396825396825397 0.025974025974025976 0.047619047619047616
1 0.4909090909090909 0.21904761904761905 0.024675324675324677 0.06190476190476191
1 0.4701298701298701 0.2015873015873016 0.01818181818181818 0.04126984126984127
2 0.4805194805194805 0.18571428571428572 0.00909090909090909 0.02857142857142857
1 0.5012987012987012 0.18888888888888888 0.01818181818181818 0.03650793650793651
1 0.474025974025974 0.16825396825396827 0.016883116883116882 0.03333333333333333
2 0.512987012987013 0.18253968253968253 0.007792207792207792 0.031746031746031744
2 0.5207792207792208 0.19365079365079366 0.007792207792207792 0.031746031746031744
2 0.5246753246753246 0.1746031746031746 0.007792207792207792 0.03015873015873016
1 0.4675324675324675 0.14603174603174604 0.016883116883116882 0.03015873015873016
2 0.4948051948051948 0.15079365079365079 0.007792207792207792 0.025396825396825397
2 0.4922077922077922 0.15714285714285714 0.006493506493506494 0.026984126984126985
2 0.4597402597402597 0.13333333333333333 0.006493506493506494 0.020634920634920634
2 0.4597402597402597 0.12063492063492064 0.006493506493506494 0.01746031746031746
1 0.4727272727272727 0.13333333333333333 0.015584415584415584 0.022222222222222223
2 0.474025974025974 0.12063492063492064 0.006493506493506494 0.015873015873015872
2 0.4779220779220779 0.12063492063492064 0.003896103896103896 0.020634920634920634
1 0.4896103896103896 0.13968253968253969 0.015584415584415584 0.02857142857142857
1 0.4922077922077922 0.11746031746031746 0.015584415584415584 0.020634920634920634
2 0.4844155844155844 0.1126984126984127 0.007792207792207792 0.026984126984126985
2 0.4883116883116883 0.1 0.00909090909090909 0.01904761904761905
1 0.509090909090909 0.15396825396825398 0.01948051948051948 0.025396825396825397
2 0.5025974025974026 0.13333333333333333 0.007792207792207792 0.01904761904761905
2 0.5012987012987012 0.1126984126984127 0.00909090909090909 0.015873015873015872
2 0.512987012987013 0.1365079365079365 0.00909090909090909 0.015873015873015872