1 0.551948051948052 0.8238095238095238 0.1012987012987013 0.26825396825396824
1 0.7623376623376623 0.7365079365079366 0.12597402597402596 0.23015873015873015
1 0.4818181818181818 0.20476190476190476 0.03636363636363636 0.06031746031746032
1 0.43376623376623374 0.1492063492063492 0.016883116883116882 0.04126984126984127
1 0.45194805194805193 0.08095238095238096 0.014285714285714285 0.025396825396825397
1 0.4727272727272727 0.13968253968253969 0.01038961038961039 0.023809523809523808
3 0.4597402597402597 0.13968253968253969 0.02727272727272727 0.06507936507936508
2 0.6792207792207792 0.7936507936507936 0.04155844155844156 0.15555555555555556
2 0.6298701298701299 0.45555555555555555 0.023376623376623377 0.08571428571428572
2 0.5727272727272728 0.33015873015873015 0.01948051948051948 0.06349206349206349
2 0.5597402597402598 0.27936507936507937 0.014285714285714285 0.05238095238095238
2 0.525974025974026 0.2507936507936508 0.014285714285714285 0.06031746031746032
2 0.43636363636363634 0.12222222222222222 0.012987012987012988 0.025396825396825397
2 0.4662337662337662 0.09682539682539683 0.006493506493506494 0.015873015873015872
2 0.4701298701298701 0.08571428571428572 0.005194805194805195 0.014285714285714285
2 0.4584415584415584 0.08888888888888889 0.00909090909090909 0.01904761904761905