1 0.625974025974026 0.6174603174603175 0.07532467532467532 0.16507936507936508
1 0.5337662337662338 0.6603174603174603 0.06883116883116883 0.16825396825396827
3 0.6064935064935065 0.9174603174603174 0.14155844155844155 0.1634920634920635
1 0.8090909090909091 0.8857142857142857 0.12857142857142856 0.22857142857142856
1 0.6792207792207792 0.49047619047619045 0.05194805194805195 0.10952380952380952
1 0.587012987012987 0.5031746031746032 0.05584415584415584 0.11428571428571428
1 0.5103896103896104 0.42698412698412697 0.048051948051948054 0.08888888888888889
1 0.5675324675324676 0.4301587301587302 0.04285714285714286 0.07301587301587302
1 0.6220779220779221 0.4158730158730159 0.05064935064935065 0.09682539682539683
1 0.564935064935065 0.37936507936507935 0.04025974025974026 0.06190476190476191
1 0.5038961038961038 0.353968253968254 0.03896103896103896 0.06666666666666667
1 0.5428571428571428 0.3380952380952381 0.04025974025974026 0.07142857142857142
1 0.5 0.3 0.02857142857142857 0.03968253968253968
1 0.5272727272727272 0.2857142857142857 0.02987012987012987 0.049206349206349205
1 0.4831168831168831 0.26825396825396824 0.024675324675324677 0.04285714285714286
1 0.5103896103896104 0.24761904761904763 0.02857142857142857 0.05396825396825397
1 0.4779220779220779 0.2365079365079365 0.02207792207792208 0.03333333333333333
1 0.4662337662337662 0.19523809523809524 0.01948051948051948 0.03492063492063492
1 0.461038961038961 0.16031746031746033 0.011688311688311689 0.023809523809523808
1 0.4662337662337662 0.16825396825396827 0.011688311688311689 0.020634920634920634
1 0.4623376623376623 0.14444444444444443 0.014285714285714285 0.014285714285714285
1 0.461038961038961 0.13015873015873017 0.00909090909090909 0.015873015873015872
1 0.5 0.1984126984126984 0.01948051948051948 0.050793650793650794
3 0.5181818181818182 0.17777777777777778 0.02077922077922078 0.050793650793650794
2 0.4766233766233766 0.1873015873015873 0.005194805194805195 0.026984126984126985
2 0.4779220779220779 0.17142857142857143 0.003896103896103896 0.022222222222222223
1 0.4857142857142857 0.17142857142857143 0.00909090909090909 0.01904761904761905
1 0.4844155844155844 0.15079365079365079 0.012987012987012988 0.01746031746031746
2 0.4935064935064935 0.1634920634920635 0.005194805194805195 0.01746031746031746
2 0.5 0.16666666666666666 0.007792207792207792 0.015873015873015872
1 0.5038961038961038 0.15396825396825398 0.01038961038961039 0.014285714285714285
1 0.4961038961038961 0.14444444444444443 0.00909090909090909 0.01746031746031746
2 0.4727272727272727 0.15714285714285714 0.005194805194805195 0.023809523809523808
2 0.4727272727272727 0.13968253968253969 0.003896103896103896 0.012698412698412698
2 0.4727272727272727 0.1349206349206349 0.003896103896103896 0.014285714285714285
1 0.4805194805194805 0.1365079365079365 0.01038961038961039 0.015873015873015872
2 0.4935064935064935 0.13015873015873017 0.003896103896103896 0.01746031746031746
1 0.5025974025974026 0.12857142857142856 0.00909090909090909 0.014285714285714285
2 0.4675324675324675 0.13015873015873017 0.003896103896103896 0.01904761904761905
1 0.4792207792207792 0.12063492063492064 0.00909090909090909 0.009523809523809525
2 0.4727272727272727 0.10952380952380952 0.003896103896103896 0.025396825396825397
1 0.4792207792207792 0.10793650793650794 0.006493506493506494 0.009523809523809525
1 0.4831168831168831 0.10634920634920635 0.006493506493506494 0.009523809523809525
1 0.487012987012987 0.1 0.006493506493506494 0.007936507936507936
2 0.4883116883116883 0.12857142857142856 0.003896103896103896 0.01746031746031746
1 0.4948051948051948 0.11587301587301588 0.007792207792207792 0.011111111111111112
1 0.4922077922077922 0.1126984126984127 0.006493506493506494 0.009523809523809525
2 0.4922077922077922 0.10158730158730159 0.003896103896103896 0.014285714285714285
1 0.4961038961038961 0.10476190476190476 0.007792207792207792 0.009523809523809525
1 0.5051948051948052 0.1380952380952381 0.007792207792207792 0.014285714285714285
2 0.9792207792207792 0.8238095238095238 0.03116883116883117 0.1619047619047619
2 0.9311688311688312 0.9238095238095239 0.048051948051948054 0.10158730158730159
2 0.9155844155844156 0.9587301587301588 0.03896103896103896 0.08095238095238096
2 0.977922077922078 0.692063492063492 0.024675324675324677 0.10952380952380952
2 0.9896103896103896 0.6285714285714286 0.01948051948051948 0.11587301587301588
2 0.9584415584415584 0.5317460317460317 0.01818181818181818 0.09047619047619047
2 0.8636363636363636 0.8253968253968254 0.03506493506493506 0.12063492063492064
2 0.8441558441558441 0.834920634920635 0.01948051948051948 0.0873015873015873
2 0.7909090909090909 0.6682539682539682 0.02727272727272727 0.08571428571428572
2 0.8 0.7222222222222222 0.03116883116883117 0.10317460317460317
2 0.7675324675324675 0.7222222222222222 0.02987012987012987 0.09841269841269841
2 0.7051948051948052 0.8031746031746032 0.032467532467532464 0.13174603174603175
2 0.7038961038961039 0.7095238095238096 0.02727272727272727 0.11746031746031746
2 0.7207792207792207 0.680952380952381 0.024675324675324677 0.12857142857142856
2 0.7350649350649351 0.6253968253968254 0.025974025974025976 0.10317460317460317
2 0.7233766233766233 0.5714285714285714 0.02727272727272727 0.10476190476190476
2 0.6883116883116883 0.6031746031746031 0.023376623376623377 0.10952380952380952
2 0.6532467532467533 0.5841269841269842 0.02857142857142857 0.09841269841269841
2 0.6311688311688312 0.5 0.02077922077922078 0.08095238095238096
2 0.5454545454545454 0.5619047619047619 0.02207792207792208 0.09047619047619047
2 0.5038961038961038 0.5634920634920635 0.02077922077922078 0.08888888888888889
2 0.5155844155844156 0.5174603174603175 0.024675324675324677 0.10317460317460317
2 0.5402597402597402 0.5031746031746032 0.024675324675324677 0.08412698412698413
2 0.6181818181818182 0.7285714285714285 0.02857142857142857 0.11587301587301588
2 0.5896103896103896 0.7873015873015873 0.03506493506493506 0.11587301587301588
2 0.6207792207792208 0.8238095238095238 0.033766233766233764 0.06507936507936508
2 0.6974025974025974 0.9428571428571428 0.03636363636363636 0.11428571428571428
2 0.5766233766233766 0.34285714285714286 0.00909090909090909 0.047619047619047616
2 0.5857142857142857 0.373015873015873 0.01038961038961039 0.06666666666666667
2 0.6025974025974026 0.36984126984126986 0.00909090909090909 0.044444444444444446
2 0.6116883116883117 0.34444444444444444 0.011688311688311689 0.05714285714285714
2 0.6246753246753247 0.36666666666666664 0.014285714285714285 0.05396825396825397
2 0.587012987012987 0.3349206349206349 0.014285714285714285 0.05714285714285714
2 0.6 0.33174603174603173 0.011688311688311689 0.04126984126984127
2 0.6051948051948052 0.31587301587301586 0.01038961038961039 0.0380952380952381
2 0.5688311688311688 0.32063492063492066 0.01038961038961039 0.046031746031746035
2 0.5805194805194805 0.3126984126984127 0.00909090909090909 0.026984126984126985
2 0.5844155844155844 0.30317460317460315 0.007792207792207792 0.04126984126984127
2 0.5935064935064935 0.3047619047619048 0.011688311688311689 0.047619047619047616
2 0.5948051948051948 0.2841269841269841 0.00909090909090909 0.025396825396825397
2 0.5636363636363636 0.2873015873015873 0.007792207792207792 0.03015873015873016
2 0.5727272727272728 0.2698412698412698 0.00909090909090909 0.031746031746031744
2 0.5714285714285714 0.3 0.007792207792207792 0.03492063492063492
2 0.5792207792207792 0.2920634920634921 0.00909090909090909 0.04285714285714286
2 0.5844155844155844 0.26666666666666666 0.007792207792207792 0.026984126984126985
2 0.5545454545454546 0.3047619047619048 0.007792207792207792 0.03650793650793651
2 0.548051948051948 0.2777777777777778 0.006493506493506494 0.03333333333333333
2 0.5571428571428572 0.273015873015873 0.006493506493506494 0.02857142857142857
2 0.5623376623376624 0.25873015873015875 0.007792207792207792 0.02857142857142857
2 0.5753246753246753 0.25555555555555554 0.006493506493506494 0.020634920634920634
2 0.551948051948052 0.26031746031746034 0.00909090909090909 0.03650793650793651
2 0.5441558441558442 0.2523809523809524 0.006493506493506494 0.03333333333333333
2 0.5337662337662338 0.25396825396825395 0.00909090909090909 0.031746031746031744
2 0.5545454545454546 0.23492063492063492 0.006493506493506494 0.023809523809523808
2 0.564935064935065 0.23809523809523808 0.006493506493506494 0.025396825396825397
2 0.5571428571428572 0.21587301587301588 0.006493506493506494 0.031746031746031744
1 0.5454545454545454 0.21746031746031746 0.014285714285714285 0.02857142857142857
2 0.522077922077922 0.23492063492063492 0.007792207792207792 0.03492063492063492
2 0.5285714285714286 0.23809523809523808 0.005194805194805195 0.03333333333333333
2 0.5337662337662338 0.22698412698412698 0.006493506493506494 0.023809523809523808
2 0.5168831168831168 0.22063492063492063 0.005194805194805195 0.03015873015873016
2 0.4987012987012987 0.22063492063492063 0.005194805194805195 0.01904761904761905
2 0.5038961038961038 0.20952380952380953 0.006493506493506494 0.025396825396825397
2 0.5246753246753246 0.20317460317460317 0.007792207792207792 0.02857142857142857
3 0.4662337662337662 0.10793650793650794 0.012987012987012988 0.02857142857142857
2 0.5337662337662338 0.20634920634920634 0.007792207792207792 0.02857142857142857
2 0.5376623376623376 0.19682539682539682 0.006493506493506494 0.014285714285714285
2 0.5337662337662338 0.1873015873015873 0.005194805194805195 0.022222222222222223
2 0.5181818181818182 0.15079365079365079 0.005194805194805195 0.015873015873015872
2 0.5116883116883116 0.14126984126984127 0.005194805194805195 0.01904761904761905
2 0.5103896103896104 0.12380952380952381 0.005194805194805195 0.01904761904761905
2 0.4636363636363636 0.25873015873015875 0.01038961038961039 0.03968253968253968
2 0.4922077922077922 0.24285714285714285 0.00909090909090909 0.01746031746031746
1 0.5038961038961038 0.1111111111111111 0.007792207792207792 0.012698412698412698
2 0.5064935064935064 0.1126984126984127 0.003896103896103896 0.014285714285714285
1 0.5012987012987012 0.1 0.007792207792207792 0.009523809523809525
2 0.5051948051948052 0.10158730158730159 0.003896103896103896 0.009523809523809525