2 0.5623376623376624 0.9555555555555556 0.05974025974025974 0.08888888888888889
2 0.8662337662337662 0.9682539682539683 0.06103896103896104 0.06190476190476191
2 0.8194805194805195 0.8031746031746032 0.045454545454545456 0.14285714285714285
1 0.6909090909090909 0.8523809523809524 0.11818181818181818 0.29523809523809524
2 0.7246753246753247 0.7222222222222222 0.03506493506493506 0.1349206349206349
2 0.7584415584415585 0.6634920634920635 0.033766233766233764 0.11587301587301588
2 0.5415584415584416 0.5095238095238095 0.03896103896103896 0.08888888888888889
2 0.6181818181818182 0.4301587301587302 0.03766233766233766 0.10317460317460317
2 0.6545454545454545 0.4523809523809524 0.02207792207792208 0.0761904761904762
2 0.5467532467532468 0.2968253968253968 0.023376623376623377 0.06507936507936508
2 0.5402597402597402 0.21587301587301588 0.01818181818181818 0.046031746031746035
2 0.5168831168831168 0.19206349206349208 0.01038961038961039 0.0380952380952381
0 0.4818181818181818 0.18095238095238095 0.02987012987012987 0.0761904761904762
2 0.4987012987012987 0.17936507936507937 0.006493506493506494 0.026984126984126985
2 0.4649350649350649 0.15714285714285714 0.00909090909090909 0.02857142857142857
2 0.4948051948051948 0.15079365079365079 0.005194805194805195 0.02857142857142857
2 0.509090909090909 0.15396825396825398 0.00909090909090909 0.01904761904761905
1 0.4688311688311688 0.14126984126984127 0.00909090909090909 0.025396825396825397
2 0.4818181818181818 0.1365079365079365 0.005194805194805195 0.026984126984126985
2 0.4883116883116883 0.14285714285714285 0.00909090909090909 0.014285714285714285
1 0.4961038961038961 0.12698412698412698 0.01038961038961039 0.02857142857142857
2 0.509090909090909 0.13333333333333333 0.00909090909090909 0.023809523809523808
2 0.474025974025974 0.11746031746031746 0.005194805194805195 0.020634920634920634
2 0.4805194805194805 0.10952380952380952 0.005194805194805195 0.022222222222222223
2 0.4896103896103896 0.1126984126984127 0.007792207792207792 0.015873015873015872
2 0.5025974025974026 0.10476190476190476 0.006493506493506494 0.01746031746031746
1 0.5571428571428572 0.3904761904761905 0.048051948051948054 0.09523809523809523