2 0.9597402597402598 0.9746031746031746 0.03506493506493506 0.050793650793650794
2 0.9337662337662338 0.9873015873015873 0.02987012987012987 0.025396825396825397
2 0.8831168831168831 0.9396825396825397 0.046753246753246755 0.12063492063492064
2 0.8545454545454545 0.919047619047619 0.03116883116883117 0.04285714285714286
2 0.8402597402597403 0.8571428571428571 0.04285714285714286 0.09206349206349207
2 0.8402597402597403 0.753968253968254 0.048051948051948054 0.13333333333333333
2 0.8103896103896104 0.792063492063492 0.04155844155844156 0.09206349206349207
2 0.7909090909090909 0.7238095238095238 0.03506493506493506 0.08888888888888889
2 0.7701298701298701 0.6746031746031746 0.02077922077922078 0.08412698412698413
2 0.5922077922077922 0.6253968253968254 0.03116883116883117 0.1111111111111111
2 0.6584415584415585 0.5968253968253968 0.02727272727272727 0.1126984126984127
2 0.7467532467532467 0.6428571428571429 0.02987012987012987 0.08412698412698413
2 0.7298701298701299 0.5825396825396826 0.033766233766233764 0.05873015873015873
2 0.7194805194805195 0.5412698412698412 0.032467532467532464 0.06984126984126984
2 0.7077922077922078 0.5174603174603175 0.02077922077922078 0.07936507936507936
2 0.6948051948051948 0.49206349206349204 0.016883116883116882 0.08253968253968254
2 0.6766233766233766 0.45555555555555555 0.02077922077922078 0.0380952380952381
2 0.5636363636363636 0.5015873015873016 0.024675324675324677 0.0873015873015873
2 0.6012987012987013 0.4746031746031746 0.01948051948051948 0.04126984126984127
2 0.6233766233766234 0.4873015873015873 0.016883116883116882 0.08571428571428572
2 0.6116883116883117 0.4587301587301587 0.01948051948051948 0.0746031746031746
2 0.6480519480519481 0.45396825396825397 0.024675324675324677 0.03650793650793651
2 0.6272727272727273 0.4365079365079365 0.012987012987012988 0.05555555555555555
2 0.6402597402597403 0.42063492063492064 0.012987012987012988 0.047619047619047616
2 0.6584415584415585 0.4126984126984127 0.01948051948051948 0.03650793650793651
2 0.6441558441558441 0.39206349206349206 0.006493506493506494 0.023809523809523808
2 0.6012987012987013 0.3047619047619048 0.014285714285714285 0.04285714285714286
2 0.6220779220779221 0.34285714285714286 0.00909090909090909 0.025396825396825397
2 0.638961038961039 0.373015873015873 0.014285714285714285 0.05238095238095238
2 0.5142857142857142 0.3476190476190476 0.012987012987012988 0.05238095238095238
2 0.45714285714285713 0.21904761904761905 0.00909090909090909 0.022222222222222223
2 0.45454545454545453 0.1984126984126984 0.007792207792207792 0.014285714285714285
2 0.45324675324675323 0.18253968253968253 0.006493506493506494 0.014285714285714285
2 0.4987012987012987 0.24126984126984127 0.01038961038961039 0.023809523809523808
2 0.4831168831168831 0.21746031746031746 0.005194805194805195 0.011111111111111112
2 0.4896103896103896 0.21746031746031746 0.007792207792207792 0.015873015873015872
2 0.4883116883116883 0.20317460317460317 0.006493506493506494 0.011111111111111112
2 0.5584415584415584 0.21904761904761905 0.00909090909090909 0.01746031746031746
2 0.5558441558441558 0.2396825396825397 0.00909090909090909 0.026984126984126985
2 0.5298701298701298 0.21746031746031746 0.00909090909090909 0.025396825396825397
2 0.5376623376623376 0.21428571428571427 0.006493506493506494 0.020634920634920634
2 0.5 0.09841269841269841 0.005194805194805195 0.009523809523809525
2 0.4688311688311688 0.11904761904761904 0.005194805194805195 0.007936507936507936
2 0.4714285714285714 0.13015873015873017 0.003896103896103896 0.007936507936507936
2 0.474025974025974 0.14444444444444443 0.006493506493506494 0.01746031746031746
2 0.4766233766233766 0.16507936507936508 0.006493506493506494 0.012698412698412698
2 0.5038961038961038 0.16666666666666666 0.0025974025974025974 0.012698412698412698
2 0.5116883116883116 0.17142857142857143 0.006493506493506494 0.020634920634920634
2 0.5181818181818182 0.173015873015873 0.005194805194805195 0.01746031746031746
2 0.5272727272727272 0.173015873015873 0.005194805194805195 0.01746031746031746
2 0.5363636363636364 0.1873015873015873 0.00909090909090909 0.014285714285714285
2 0.5441558441558442 0.19047619047619047 0.005194805194805195 0.012698412698412698
2 0.5155844155844156 0.1523809523809524 0.005194805194805195 0.01746031746031746
2 0.5103896103896104 0.1349206349206349 0.007792207792207792 0.011111111111111112
2 0.5012987012987012 0.13333333333333333 0.007792207792207792 0.011111111111111112
2 0.5025974025974026 0.11587301587301588 0.006493506493506494 0.011111111111111112
2 0.5051948051948052 0.10476190476190476 0.003896103896103896 0.009523809523809525
2 0.509090909090909 0.09841269841269841 0.003896103896103896 0.009523809523809525
2 0.5064935064935064 0.12380952380952381 0.0025974025974025974 0.007936507936507936
2 0.4974025974025974 0.10476190476190476 0.0025974025974025974 0.006349206349206349
1 0.5558441558441558 0.9126984126984127 0.10909090909090909 0.173015873015873
1 0.5558441558441558 0.7111111111111111 0.1012987012987013 0.2222222222222222
1 0.6376623376623377 0.753968253968254 0.07012987012987013 0.1984126984126984
1 0.7051948051948052 0.6365079365079365 0.09090909090909091 0.10476190476190476
1 0.6675324675324675 0.5301587301587302 0.07792207792207792 0.1365079365079365
1 0.5987012987012987 0.553968253968254 0.06753246753246753 0.1365079365079365
1 0.5233766233766234 0.5603174603174603 0.06623376623376623 0.13333333333333333
1 0.5168831168831168 0.4666666666666667 0.05064935064935065 0.12380952380952381
1 0.5701298701298702 0.4238095238095238 0.048051948051948054 0.09682539682539683
1 0.612987012987013 0.3904761904761905 0.048051948051948054 0.08888888888888889
1 0.5493506493506494 0.36984126984126986 0.03636363636363636 0.08095238095238096
1 0.5 0.37142857142857144 0.048051948051948054 0.08412698412698413
1 0.5883116883116883 0.3476190476190476 0.03896103896103896 0.06190476190476191
1 0.4935064935064935 0.30952380952380953 0.03636363636363636 0.044444444444444446
1 0.5441558441558442 0.33174603174603173 0.03896103896103896 0.06507936507936508
1 0.5766233766233766 0.3047619047619048 0.03116883116883117 0.049206349206349205
1 0.5662337662337662 0.2873015873015873 0.02857142857142857 0.05238095238095238
1 0.5311688311688312 0.27936507936507937 0.03116883116883117 0.047619047619047616
1 0.4909090909090909 0.2777777777777778 0.03896103896103896 0.06190476190476191
1 0.4831168831168831 0.2507936507936508 0.02987012987012987 0.050793650793650794
1 0.5194805194805194 0.25396825396825395 0.024675324675324677 0.049206349206349205
1 0.5441558441558442 0.24761904761904763 0.024675324675324677 0.050793650793650794
1 0.5662337662337662 0.24761904761904763 0.02077922077922078 0.03015873015873016
1 0.5077922077922078 0.20793650793650795 0.015584415584415584 0.01746031746031746
1 0.512987012987013 0.22063492063492063 0.02207792207792208 0.022222222222222223
1 0.4727272727272727 0.23492063492063492 0.01818181818181818 0.050793650793650794
1 0.4701298701298701 0.20317460317460317 0.016883116883116882 0.020634920634920634
1 0.4688311688311688 0.18571428571428572 0.01818181818181818 0.026984126984126985
1 0.4623376623376623 0.16984126984126985 0.012987012987012988 0.023809523809523808
1 0.4662337662337662 0.1523809523809524 0.015584415584415584 0.009523809523809525
1 0.4636363636363636 0.14603174603174604 0.01038961038961039 0.012698412698412698
1 0.4636363636363636 0.12698412698412698 0.006493506493506494 0.014285714285714285
1 0.4909090909090909 0.11904761904761904 0.012987012987012988 0.020634920634920634
1 0.5233766233766234 0.19523809523809524 0.02207792207792208 0.022222222222222223
1 0.548051948051948 0.2111111111111111 0.01948051948051948 0.026984126984126985
1 0.4935064935064935 0.18253968253968253 0.016883116883116882 0.020634920634920634
1 0.4896103896103896 0.16507936507936508 0.012987012987012988 0.014285714285714285
3 0.4857142857142857 0.14126984126984127 0.01818181818181818 0.03333333333333333
1 0.474025974025974 0.10476190476190476 0.007792207792207792 0.022222222222222223
3 0.7545454545454545 0.8365079365079365 0.22077922077922077 0.326984126984127
1 0.5038961038961038 0.1492063492063492 0.011688311688311689 0.01904761904761905