2 0.522077922077922 0.9746031746031746 0.045454545454545456 0.050793650793650794
2 0.8662337662337662 0.9714285714285714 0.03506493506493506 0.05555555555555555
2 0.9298701298701298 0.9888888888888889 0.01818181818181818 0.022222222222222223
2 0.8402597402597403 0.8444444444444444 0.04155844155844156 0.16825396825396827
2 0.5 0.15396825396825398 0.012987012987012988 0.022222222222222223
2 0.522077922077922 0.17936507936507937 0.014285714285714285 0.02857142857142857
2 0.5103896103896104 0.14761904761904762 0.006493506493506494 0.01904761904761905
2 0.5415584415584416 0.24126984126984127 0.014285714285714285 0.04285714285714286
2 0.5493506493506494 0.2650793650793651 0.01038961038961039 0.044444444444444446
2 0.5636363636363636 0.30317460317460315 0.012987012987012988 0.047619047619047616
2 0.5792207792207792 0.3380952380952381 0.014285714285714285 0.05873015873015873
2 0.6038961038961039 0.33174603174603173 0.015584415584415584 0.050793650793650794
2 0.5948051948051948 0.35079365079365077 0.011688311688311689 0.05714285714285714
2 0.6363636363636364 0.3634920634920635 0.015584415584415584 0.026984126984126985
2 0.6376623376623377 0.39206349206349206 0.015584415584415584 0.0380952380952381
2 0.522077922077922 0.3492063492063492 0.011688311688311689 0.023809523809523808
1 0.5935064935064935 0.9126984126984127 0.12467532467532468 0.1746031746031746
1 0.5077922077922078 0.3952380952380952 0.03896103896103896 0.08412698412698413
1 0.538961038961039 0.32857142857142857 0.04025974025974026 0.06190476190476191
1 0.561038961038961 0.38412698412698415 0.05064935064935065 0.09682539682539683
1 0.6272727272727273 0.4301587301587302 0.05844155844155844 0.09523809523809523
1 0.5909090909090909 0.47619047619047616 0.05194805194805195 0.10793650793650794
1 0.7 0.5349206349206349 0.06753246753246753 0.10793650793650794
3 0.5311688311688312 0.49206349206349204 0.06753246753246753 0.1984126984126984
3 0.4779220779220779 0.20793650793650795 0.04415584415584416 0.09841269841269841
3 0.4857142857142857 0.09682539682539683 0.011688311688311689 0.03333333333333333
3 0.5038961038961038 0.09206349206349207 0.014285714285714285 0.015873015873015872
1 0.6012987012987013 0.5714285714285714 0.02857142857142857 0.1253968253968254
0 0.7272727272727273 0.746031746031746 0.2519480519480519 0.5079365079365079