1 0.5857142857142857 0.9238095238095239 0.11558441558441558 0.15079365079365079
1 0.7337662337662337 0.6507936507936508 0.11558441558441558 0.19365079365079366
1 0.5532467532467532 0.5333333333333333 0.08311688311688312 0.17936507936507937
1 0.5051948051948052 0.41904761904761906 0.04025974025974026 0.12063492063492064
1 0.6025974025974026 0.44285714285714284 0.07012987012987013 0.11904761904761904
3 0.4987012987012987 0.2857142857142857 0.05064935064935065 0.13174603174603175
1 0.5454545454545454 0.29365079365079366 0.033766233766233764 0.08095238095238096
1 0.574025974025974 0.2777777777777778 0.02857142857142857 0.05873015873015873
1 0.548051948051948 0.21904761904761905 0.02857142857142857 0.0380952380952381
1 0.522077922077922 0.23333333333333334 0.024675324675324677 0.049206349206349205
1 0.4792207792207792 0.20952380952380953 0.02077922077922078 0.06349206349206349
2 0.5688311688311688 0.2492063492063492 0.015584415584415584 0.023809523809523808
2 0.5454545454545454 0.2619047619047619 0.012987012987012988 0.022222222222222223
2 0.5402597402597402 0.23174603174603176 0.014285714285714285 0.03492063492063492
2 0.5246753246753246 0.20952380952380953 0.014285714285714285 0.01746031746031746
2 0.5181818181818182 0.20476190476190476 0.007792207792207792 0.025396825396825397
2 0.5103896103896104 0.19047619047619047 0.01038961038961039 0.023809523809523808
2 0.5337662337662338 0.19206349206349208 0.01038961038961039 0.026984126984126985
2 0.522077922077922 0.1761904761904762 0.005194805194805195 0.014285714285714285
2 0.5298701298701298 0.1746031746031746 0.007792207792207792 0.01904761904761905
2 0.5207792207792208 0.18412698412698414 0.006493506493506494 0.015873015873015872
2 0.5051948051948052 0.173015873015873 0.003896103896103896 0.020634920634920634
2 0.5142857142857142 0.173015873015873 0.005194805194805195 0.020634920634920634
2 0.4818181818181818 0.14603174603174604 0.01038961038961039 0.012698412698412698
2 0.4714285714285714 0.15873015873015872 0.012987012987012988 0.026984126984126985
2 0.4831168831168831 0.1619047619047619 0.007792207792207792 0.023809523809523808
2 0.4948051948051948 0.15714285714285714 0.006493506493506494 0.015873015873015872
2 0.5194805194805194 0.1492063492063492 0.011688311688311689 0.031746031746031744
2 0.5116883116883116 0.14603174603174604 0.011688311688311689 0.014285714285714285
2 0.5077922077922078 0.12857142857142856 0.015584415584415584 0.015873015873015872
2 0.4961038961038961 0.11904761904761904 0.01038961038961039 0.011111111111111112
2 0.4766233766233766 0.1253968253968254 0.00909090909090909 0.025396825396825397
2 0.45714285714285713 0.1349206349206349 0.011688311688311689 0.01746031746031746
2 0.4597402597402597 0.12063492063492064 0.00909090909090909 0.014285714285714285
2 0.474025974025974 0.1111111111111111 0.00909090909090909 0.014285714285714285
2 0.487012987012987 0.11746031746031746 0.007792207792207792 0.012698412698412698
2 0.5 0.10158730158730159 0.005194805194805195 0.014285714285714285
2 0.5064935064935064 0.11428571428571428 0.00909090909090909 0.012698412698412698
2 0.509090909090909 0.10476190476190476 0.007792207792207792 0.007936507936507936
2 0.4922077922077922 0.10634920634920635 0.005194805194805195 0.015873015873015872
2 0.5038961038961038 0.08412698412698413 0.006493506493506494 0.014285714285714285
1 0.4948051948051948 0.08571428571428572 0.007792207792207792 0.009523809523809525
1 0.4857142857142857 0.09206349206349207 0.007792207792207792 0.014285714285714285
1 0.4831168831168831 0.10158730158730159 0.012987012987012988 0.011111111111111112
1 0.4948051948051948 0.09365079365079365 0.01038961038961039 0.009523809523809525
1 0.4909090909090909 0.10158730158730159 0.01038961038961039 0.012698412698412698
1 0.474025974025974 0.10317460317460317 0.011688311688311689 0.012698412698412698
1 0.4649350649350649 0.10952380952380952 0.011688311688311689 0.015873015873015872
1 0.4688311688311688 0.12380952380952381 0.01038961038961039 0.012698412698412698
1 0.4844155844155844 0.13174603174603175 0.01038961038961039 0.01904761904761905
1 0.4831168831168831 0.11587301587301588 0.00909090909090909 0.011111111111111112
1 0.4948051948051948 0.14285714285714285 0.015584415584415584 0.026984126984126985
1 0.4662337662337662 0.1380952380952381 0.015584415584415584 0.020634920634920634
1 0.461038961038961 0.16666666666666666 0.016883116883116882 0.031746031746031744
1 0.4935064935064935 0.1761904761904762 0.016883116883116882 0.025396825396825397
1 0.4727272727272727 0.18095238095238095 0.01818181818181818 0.03015873015873016
1 0.5064935064935064 0.1634920634920635 0.023376623376623377 0.03492063492063492
1 0.4753246753246753 0.21428571428571427 0.025974025974025976 0.06984126984126984
1 0.5012987012987012 0.20317460317460317 0.01948051948051948 0.044444444444444446
1 0.5454545454545454 0.2126984126984127 0.02207792207792208 0.03650793650793651
2 0.5467532467532468 0.19206349206349208 0.01038961038961039 0.014285714285714285
1 0.5 0.2015873015873016 0.02207792207792208 0.04126984126984127
1 0.5246753246753246 0.2365079365079365 0.02727272727272727 0.05238095238095238
1 0.5714285714285714 0.28095238095238095 0.02857142857142857 0.05396825396825397
2 0.6025974025974026 0.3047619047619048 0.012987012987012988 0.049206349206349205
2 0.6155844155844156 0.34285714285714286 0.014285714285714285 0.04285714285714286
2 0.6 0.3492063492063492 0.01818181818181818 0.05873015873015873
2 0.577922077922078 0.3412698412698413 0.01818181818181818 0.03968253968253968
2 0.5545454545454546 0.38412698412698415 0.01948051948051948 0.06984126984126984
2 0.5805194805194805 0.36984126984126986 0.025974025974025976 0.05873015873015873
2 0.5181818181818182 0.39206349206349206 0.02077922077922078 0.0761904761904762
2 0.538961038961039 0.4095238095238095 0.015584415584415584 0.06507936507936508
2 0.564935064935065 0.43333333333333335 0.016883116883116882 0.03015873015873016
2 0.6116883116883117 0.3825396825396825 0.015584415584415584 0.050793650793650794
2 0.6311688311688312 0.35714285714285715 0.012987012987012988 0.04126984126984127
2 0.6350649350649351 0.3952380952380952 0.01818181818181818 0.0746031746031746
2 0.6220779220779221 0.42063492063492064 0.02077922077922078 0.06984126984126984
2 0.6610389610389611 0.42063492063492064 0.01948051948051948 0.049206349206349205
2 0.6532467532467533 0.44603174603174606 0.015584415584415584 0.06666666666666667
2 0.6064935064935065 0.5190476190476191 0.02987012987012987 0.09206349206349207
2 0.6649350649350649 0.4873015873015873 0.01948051948051948 0.08571428571428572
2 0.6987012987012987 0.5142857142857142 0.024675324675324677 0.0761904761904762
2 0.7038961038961039 0.5 0.01948051948051948 0.08888888888888889
2 0.6064935064935065 0.6079365079365079 0.032467532467532464 0.10793650793650794
2 0.6402597402597403 0.6253968253968254 0.023376623376623377 0.11587301587301588
2 0.6337662337662338 0.8047619047619048 0.03116883116883117 0.1523809523809524
2 0.6636363636363637 0.7111111111111111 0.03896103896103896 0.14444444444444443
2 0.7194805194805195 0.8571428571428571 0.032467532467532464 0.1492063492063492
2 0.7142857142857143 0.9428571428571428 0.04155844155844156 0.11428571428571428
2 0.7727272727272727 0.8936507936507937 0.04285714285714286 0.19047619047619047
2 0.8077922077922078 0.8746031746031746 0.04285714285714286 0.18253968253968253