2 0.6883116883116883 0.5793650793650794 0.02857142857142857 0.1
2 0.7012987012987013 0.4857142857142857 0.024675324675324677 0.08571428571428572
2 0.4753246753246753 0.23015873015873015 0.011688311688311689 0.044444444444444446
2 0.5103896103896104 0.20317460317460317 0.011688311688311689 0.03650793650793651
2 0.4584415584415584 0.16031746031746033 0.00909090909090909 0.02857142857142857
2 0.461038961038961 0.1492063492063492 0.00909090909090909 0.01904761904761905
2 0.4714285714285714 0.12380952380952381 0.00909090909090909 0.01746031746031746
2 0.4701298701298701 0.11587301587301588 0.007792207792207792 0.020634920634920634
2 0.4597402597402597 0.11746031746031746 0.007792207792207792 0.022222222222222223
2 0.44935064935064933 0.10952380952380952 0.006493506493506494 0.01904761904761905
2 0.4597402597402597 0.10634920634920635 0.00909090909090909 0.020634920634920634
2 0.45454545454545453 0.09523809523809523 0.003896103896103896 0.012698412698412698
2 0.45584415584415583 0.08571428571428572 0.006493506493506494 0.012698412698412698
2 0.4701298701298701 0.07936507936507936 0.007792207792207792 0.01746031746031746
1 0.7428571428571429 0.7761904761904762 0.11298701298701298 0.23809523809523808
1 0.5584415584415584 0.3492063492063492 0.046753246753246755 0.08888888888888889
1 0.45584415584415583 0.2619047619047619 0.032467532467532464 0.049206349206349205
1 0.4805194805194805 0.1746031746031746 0.023376623376623377 0.03650793650793651
1 0.43376623376623374 0.15079365079365079 0.01948051948051948 0.03650793650793651
1 0.44285714285714284 0.11904761904761904 0.012987012987012988 0.025396825396825397
0 0.4844155844155844 0.36984126984126986 0.07142857142857142 0.1873015873015873