2 0.525974025974026 0.7968253968253968 0.04025974025974026 0.14126984126984127
2 0.6948051948051948 0.9380952380952381 0.04935064935064935 0.12380952380952381
2 0.7688311688311689 0.926984126984127 0.05064935064935065 0.1380952380952381
2 0.8298701298701299 0.9317460317460318 0.04935064935064935 0.1365079365079365
2 0.9012987012987013 0.9095238095238095 0.05844155844155844 0.16507936507936508
2 0.9688311688311688 0.9777777777777777 0.03896103896103896 0.04285714285714286
2 0.7532467532467533 0.792063492063492 0.05454545454545454 0.1380952380952381
2 0.7844155844155845 0.773015873015873 0.05454545454545454 0.14761904761904762
2 0.7753246753246753 0.6682539682539682 0.05064935064935065 0.11904761904761904
2 0.6636363636363637 0.6698412698412698 0.03636363636363636 0.1349206349206349
2 0.6961038961038961 0.5841269841269842 0.03766233766233766 0.10634920634920635
2 0.6194805194805195 0.4873015873015873 0.02077922077922078 0.08412698412698413
2 0.5272727272727272 0.5349206349206349 0.03506493506493506 0.09206349206349207
2 0.5246753246753246 0.3238095238095238 0.02077922077922078 0.05873015873015873
2 0.5311688311688312 0.3761904761904762 0.02727272727272727 0.06825396825396825
2 0.5402597402597402 0.3111111111111111 0.011688311688311689 0.05238095238095238
2 0.5831168831168831 0.3333333333333333 0.012987012987012988 0.050793650793650794
2 0.6025974025974026 0.3333333333333333 0.014285714285714285 0.05396825396825397
2 0.5974025974025974 0.30793650793650795 0.015584415584415584 0.04285714285714286
2 0.5727272727272728 0.3047619047619048 0.016883116883116882 0.03492063492063492
2 0.5805194805194805 0.28253968253968254 0.011688311688311689 0.03968253968253968
2 0.5675324675324676 0.2507936507936508 0.011688311688311689 0.04285714285714286
2 0.5493506493506494 0.2253968253968254 0.01038961038961039 0.031746031746031744
2 0.5441558441558442 0.20317460317460317 0.00909090909090909 0.031746031746031744
2 0.5 0.18888888888888888 0.007792207792207792 0.031746031746031744
2 0.4948051948051948 0.17777777777777778 0.006493506493506494 0.023809523809523808
2 0.5077922077922078 0.18253968253968253 0.006493506493506494 0.026984126984126985
2 0.5168831168831168 0.18095238095238095 0.007792207792207792 0.026984126984126985
2 0.5285714285714286 0.18253968253968253 0.011688311688311689 0.014285714285714285
2 0.5103896103896104 0.14603174603174604 0.006493506493506494 0.022222222222222223
2 0.5038961038961038 0.1349206349206349 0.006493506493506494 0.020634920634920634
2 0.4844155844155844 0.12380952380952381 0.005194805194805195 0.009523809523809525
2 0.4857142857142857 0.11428571428571428 0.003896103896103896 0.009523809523809525
2 0.4922077922077922 0.12063492063492064 0.007792207792207792 0.009523809523809525
2 0.4987012987012987 0.11904761904761904 0.005194805194805195 0.007936507936507936
2 0.5051948051948052 0.12063492063492064 0.006493506493506494 0.011111111111111112
1 0.5688311688311688 0.6460317460317461 0.06883116883116883 0.17777777777777778
1 0.5207792207792208 0.44761904761904764 0.053246753246753244 0.1126984126984127
1 0.5675324675324676 0.35555555555555557 0.04285714285714286 0.08095238095238096
1 0.6298701298701299 0.38571428571428573 0.04935064935064935 0.1253968253968254
1 0.5285714285714286 0.2746031746031746 0.04415584415584416 0.06507936507936508
1 0.5155844155844156 0.22698412698412698 0.032467532467532464 0.046031746031746035
1 0.5272727272727272 0.20793650793650795 0.023376623376623377 0.03968253968253968
1 0.4961038961038961 0.16031746031746033 0.014285714285714285 0.020634920634920634
1 0.4935064935064935 0.1380952380952381 0.012987012987012988 0.025396825396825397
1 0.4727272727272727 0.11904761904761904 0.011688311688311689 0.015873015873015872
1 0.474025974025974 0.10476190476190476 0.00909090909090909 0.007936507936507936
1 0.4805194805194805 0.10158730158730159 0.00909090909090909 0.01746031746031746
0 0.4935064935064935 0.09841269841269841 0.014285714285714285 0.026984126984126985
3 0.4727272727272727 0.1746031746031746 0.03116883116883117 0.0873015873015873
1 0.5064935064935064 0.09523809523809523 0.007792207792207792 0.014285714285714285