3 0.4844155844155844 0.2761904761904762 0.04285714285714286 0.07777777777777778
1 0.4753246753246753 0.24603174603174602 0.01948051948051948 0.03968253968253968
2 0.45714285714285713 0.24126984126984127 0.012987012987012988 0.026984126984126985
1 0.4714285714285714 0.2253968253968254 0.02077922077922078 0.03492063492063492
2 0.45324675324675323 0.22698412698412698 0.01038961038961039 0.02857142857142857
1 0.4675324675324675 0.20317460317460317 0.01948051948051948 0.01746031746031746
1 0.461038961038961 0.18571428571428572 0.012987012987012988 0.012698412698412698
1 0.45714285714285713 0.16507936507936508 0.015584415584415584 0.015873015873015872
1 0.461038961038961 0.14761904761904762 0.012987012987012988 0.01746031746031746
1 0.4597402597402597 0.13015873015873017 0.012987012987012988 0.015873015873015872
3 0.4649350649350649 0.10793650793650794 0.015584415584415584 0.031746031746031744
2 0.4844155844155844 0.1984126984126984 0.01948051948051948 0.03492063492063492
1 0.4844155844155844 0.17936507936507937 0.01948051948051948 0.02857142857142857
1 0.4857142857142857 0.173015873015873 0.025974025974025976 0.03968253968253968
1 0.4753246753246753 0.14126984126984127 0.011688311688311689 0.020634920634920634
1 0.4805194805194805 0.14761904761904762 0.00909090909090909 0.012698412698412698
1 0.4805194805194805 0.12698412698412698 0.016883116883116882 0.012698412698412698
1 0.4753246753246753 0.1126984126984127 0.011688311688311689 0.011111111111111112
1 0.4844155844155844 0.10793650793650794 0.012987012987012988 0.011111111111111112
1 0.4948051948051948 0.1380952380952381 0.016883116883116882 0.014285714285714285
1 0.5012987012987012 0.1492063492063492 0.012987012987012988 0.015873015873015872
1 0.5 0.12380952380952381 0.02077922077922078 0.007936507936507936
1 0.4961038961038961 0.11428571428571428 0.014285714285714285 0.009523809523809525
2 0.5038961038961038 0.10952380952380952 0.012987012987012988 0.025396825396825397
1 0.5025974025974026 0.09841269841269841 0.015584415584415584 0.023809523809523808
1 0.5103896103896104 0.173015873015873 0.02207792207792208 0.026984126984126985
1 0.5064935064935064 0.2253968253968254 0.01948051948051948 0.031746031746031744
1 0.5194805194805194 0.19365079365079366 0.01948051948051948 0.023809523809523808
1 0.5 0.2126984126984127 0.025974025974025976 0.03492063492063492
1 0.5337662337662338 0.22380952380952382 0.023376623376623377 0.03492063492063492
1 0.5454545454545454 0.24761904761904763 0.02857142857142857 0.05238095238095238
2 0.509090909090909 0.2746031746031746 0.014285714285714285 0.047619047619047616
1 0.5155844155844156 0.25396825396825395 0.02857142857142857 0.03015873015873016
0 0.5038961038961038 0.4031746031746032 0.048051948051948054 0.12698412698412698
1 0.538961038961039 0.30158730158730157 0.03636363636363636 0.07777777777777778
1 0.4883116883116883 0.3111111111111111 0.02857142857142857 0.05555555555555555
2 0.551948051948052 0.5063492063492063 0.03116883116883117 0.09206349206349207
2 0.577922077922078 0.5158730158730159 0.04025974025974026 0.06666666666666667
1 0.5896103896103896 0.4746031746031746 0.06363636363636363 0.13333333333333333
2 0.548051948051948 0.4 0.01818181818181818 0.050793650793650794
1 0.577922077922078 0.3888888888888889 0.045454545454545456 0.08253968253968254
0 0.7025974025974026 0.5301587301587302 0.16363636363636364 0.3396825396825397
1 0.5272727272727272 0.526984126984127 0.05714285714285714 0.12857142857142856
1 0.6168831168831169 0.626984126984127 0.09220779220779221 0.16031746031746033
1 0.5584415584415584 0.6507936507936508 0.09740259740259741 0.15555555555555556
1 0.5363636363636364 0.8047619047619048 0.09740259740259741 0.2396825396825397
1 0.7103896103896103 0.7714285714285715 0.11558441558441558 0.21428571428571427
1 0.8337662337662337 0.9158730158730158 0.13896103896103895 0.16666666666666666
1 0.7467532467532467 0.9761904761904762 0.08571428571428572 0.047619047619047616
2 0.6246753246753247 0.9746031746031746 0.03896103896103896 0.050793650793650794
2 0.535064935064935 0.9555555555555556 0.03896103896103896 0.08888888888888889
2 0.6948051948051948 0.9428571428571428 0.04285714285714286 0.11428571428571428
2 0.6285714285714286 0.8746031746031746 0.048051948051948054 0.1111111111111111
2 0.6649350649350649 0.8666666666666667 0.04935064935064935 0.15555555555555556
2 0.6051948051948052 0.7714285714285715 0.048051948051948054 0.12857142857142856
2 0.6519480519480519 0.7825396825396825 0.03506493506493506 0.08095238095238096
2 0.6311688311688312 0.7206349206349206 0.04415584415584416 0.10158730158730159
2 0.7441558441558441 0.8968253968253969 0.06753246753246753 0.13015873015873017
2 0.9831168831168832 0.8015873015873016 0.02727272727272727 0.1523809523809524
2 0.9038961038961039 0.9555555555555556 0.05194805194805195 0.0761904761904762
2 0.9467532467532468 0.953968253968254 0.03636363636363636 0.09206349206349207
2 0.8792207792207792 0.8920634920634921 0.05194805194805195 0.08571428571428572
2 0.8636363636363636 0.8126984126984127 0.05194805194805195 0.10634920634920635
2 0.8077922077922078 0.8126984126984127 0.05584415584415584 0.08571428571428572
2 0.8350649350649351 0.7984126984126985 0.046753246753246755 0.06825396825396825
2 0.7701298701298701 0.7444444444444445 0.04935064935064935 0.12380952380952381
2 0.7909090909090909 0.6555555555555556 0.05064935064935065 0.09841269841269841
2 0.5363636363636364 0.45714285714285713 0.015584415584415584 0.05555555555555555
2 0.5285714285714286 0.4158730158730159 0.015584415584415584 0.07301587301587302
2 0.5376623376623376 0.4222222222222222 0.033766233766233764 0.04285714285714286
2 0.522077922077922 0.37777777777777777 0.024675324675324677 0.03650793650793651
2 0.5207792207792208 0.353968253968254 0.012987012987012988 0.03968253968253968
2 0.5337662337662338 0.3492063492063492 0.015584415584415584 0.049206349206349205
2 0.5441558441558442 0.3682539682539683 0.01038961038961039 0.03650793650793651
2 0.6116883116883117 0.4301587301587302 0.033766233766233764 0.0873015873015873
2 0.6012987012987013 0.3682539682539683 0.015584415584415584 0.06507936507936508
2 0.6207792207792208 0.3888888888888889 0.032467532467532464 0.0761904761904762
2 0.5636363636363636 0.3396825396825397 0.02207792207792208 0.0380952380952381
2 0.5831168831168831 0.33650793650793653 0.015584415584415584 0.047619047619047616
2 0.6064935064935065 0.33650793650793653 0.014285714285714285 0.046031746031746035
1 0.5701298701298702 0.30158730158730157 0.03636363636363636 0.05873015873015873
2 0.5935064935064935 0.30634920634920637 0.024675324675324677 0.03650793650793651
1 0.574025974025974 0.273015873015873 0.03766233766233766 0.05555555555555555
2 0.5662337662337662 0.24761904761904763 0.011688311688311689 0.01904761904761905
2 0.5636363636363636 0.23333333333333334 0.01818181818181818 0.01746031746031746
2 0.5558441558441558 0.21904761904761905 0.011688311688311689 0.020634920634920634
2 0.5441558441558442 0.2111111111111111 0.011688311688311689 0.020634920634920634
2 0.5272727272727272 0.18888888888888888 0.01038961038961039 0.020634920634920634
2 0.5376623376623376 0.19365079365079366 0.014285714285714285 0.022222222222222223
2 0.5467532467532468 0.2 0.011688311688311689 0.014285714285714285
2 0.525974025974026 0.1746031746031746 0.011688311688311689 0.01904761904761905
2 0.4896103896103896 0.22857142857142856 0.014285714285714285 0.02857142857142857
2 0.4857142857142857 0.21746031746031746 0.011688311688311689 0.026984126984126985
2 0.509090909090909 0.2920634920634921 0.01038961038961039 0.047619047619047616
2 0.5168831168831168 0.15079365079365079 0.007792207792207792 0.026984126984126985
2 0.5103896103896104 0.1380952380952381 0.011688311688311689 0.020634920634920634