2 0.8246753246753247 0.7904761904761904 0.048051948051948054 0.1365079365079365
2 0.7584415584415585 0.8476190476190476 0.05844155844155844 0.1349206349206349
2 0.7181818181818181 0.9174603174603174 0.04025974025974026 0.1380952380952381
2 0.7857142857142857 0.9555555555555556 0.03896103896103896 0.08888888888888889
1 0.6038961038961039 0.8841269841269841 0.11948051948051948 0.23015873015873015
2 0.6532467532467533 0.8238095238095238 0.04285714285714286 0.1365079365079365
2 0.6792207792207792 0.7714285714285715 0.03636363636363636 0.13333333333333333
2 0.6142857142857143 0.7111111111111111 0.02987012987012987 0.10793650793650794
2 0.6064935064935065 0.6333333333333333 0.02987012987012987 0.09841269841269841
2 0.6467532467532467 0.6571428571428571 0.024675324675324677 0.11428571428571428
2 0.6987012987012987 0.7063492063492064 0.02857142857142857 0.13333333333333333
2 0.7402597402597403 0.6444444444444445 0.033766233766233764 0.11428571428571428
2 0.712987012987013 0.653968253968254 0.03116883116883117 0.1253968253968254
2 0.6883116883116883 0.5888888888888889 0.02727272727272727 0.09682539682539683
2 0.6701298701298701 0.5444444444444444 0.023376623376623377 0.0873015873015873
2 0.6350649350649351 0.526984126984127 0.02857142857142857 0.08412698412698413
2 0.5857142857142857 0.5396825396825397 0.01818181818181818 0.08888888888888889
2 0.5844155844155844 0.5444444444444444 0.023376623376623377 0.09523809523809523
2 0.6467532467532467 0.5777777777777777 0.02727272727272727 0.08571428571428572
2 0.5961038961038961 0.5079365079365079 0.01818181818181818 0.06984126984126984
2 0.6103896103896104 0.48253968253968255 0.01818181818181818 0.07142857142857142
2 0.5714285714285714 0.46825396825396826 0.02077922077922078 0.06984126984126984
2 0.551948051948052 0.40634920634920635 0.01818181818181818 0.06190476190476191
2 0.5688311688311688 0.4222222222222222 0.016883116883116882 0.049206349206349205
2 0.5727272727272728 0.4301587301587302 0.023376623376623377 0.06190476190476191
2 0.6623376623376623 0.4634920634920635 0.015584415584415584 0.06825396825396825
2 0.6519480519480519 0.4174603174603175 0.01818181818181818 0.07142857142857142
2 0.6324675324675325 0.3873015873015873 0.014285714285714285 0.05714285714285714
2 0.4987012987012987 0.43492063492063493 0.016883116883116882 0.05555555555555555
1 0.5116883116883116 0.3825396825396825 0.03896103896103896 0.08571428571428572
2 0.4961038961038961 0.4 0.016883116883116882 0.05396825396825397
1 0.6090909090909091 0.3968253968253968 0.05064935064935065 0.10793650793650794
2 0.6168831168831169 0.34444444444444444 0.011688311688311689 0.044444444444444446
2 0.6 0.326984126984127 0.014285714285714285 0.047619047619047616
2 0.5909090909090909 0.2920634920634921 0.01038961038961039 0.04126984126984127
1 0.551948051948052 0.2571428571428571 0.024675324675324677 0.049206349206349205
2 0.561038961038961 0.273015873015873 0.007792207792207792 0.015873015873015872
2 0.574025974025974 0.2746031746031746 0.006493506493506494 0.01746031746031746
2 0.4805194805194805 0.35555555555555557 0.01818181818181818 0.06349206349206349
1 0.4935064935064935 0.30793650793650795 0.02727272727272727 0.06666666666666667
2 0.4844155844155844 0.32857142857142857 0.011688311688311689 0.03968253968253968
2 0.5337662337662338 0.23809523809523808 0.007792207792207792 0.03650793650793651
2 0.5636363636363636 0.24603174603174602 0.006493506493506494 0.022222222222222223
2 0.5506493506493506 0.22698412698412698 0.005194805194805195 0.015873015873015872
2 0.5597402597402598 0.23015873015873015 0.007792207792207792 0.01904761904761905
2 0.5454545454545454 0.2126984126984127 0.006493506493506494 0.023809523809523808
2 0.5571428571428572 0.21904761904761905 0.00909090909090909 0.022222222222222223
2 0.5337662337662338 0.19523809523809524 0.006493506493506494 0.01904761904761905
1 0.5311688311688312 0.2253968253968254 0.01818181818181818 0.0380952380952381
2 0.5415584415584416 0.2015873015873016 0.006493506493506494 0.020634920634920634
2 0.509090909090909 0.19682539682539682 0.012987012987012988 0.03015873015873016
2 0.4948051948051948 0.20634920634920634 0.007792207792207792 0.03333333333333333
2 0.4675324675324675 0.2619047619047619 0.00909090909090909 0.02857142857142857
2 0.4779220779220779 0.2619047619047619 0.00909090909090909 0.020634920634920634
2 0.4896103896103896 0.2634920634920635 0.006493506493506494 0.020634920634920634
1 0.509090909090909 0.24761904761904763 0.024675324675324677 0.046031746031746035
2 0.4974025974025974 0.25396825396825395 0.006493506493506494 0.025396825396825397
2 0.5025974025974026 0.2746031746031746 0.01038961038961039 0.026984126984126985
2 0.4714285714285714 0.24285714285714285 0.007792207792207792 0.023809523809523808
2 0.4844155844155844 0.2507936507936508 0.006493506493506494 0.01746031746031746
2 0.4857142857142857 0.23333333333333334 0.007792207792207792 0.01746031746031746
2 0.4896103896103896 0.24603174603174602 0.005194805194805195 0.022222222222222223
2 0.4753246753246753 0.2920634920634921 0.011688311688311689 0.03968253968253968
2 0.4675324675324675 0.23174603174603176 0.007792207792207792 0.03015873015873016
2 0.45714285714285713 0.21587301587301588 0.01038961038961039 0.03015873015873016
1 0.4714285714285714 0.19047619047619047 0.016883116883116882 0.031746031746031744
1 0.4766233766233766 0.21746031746031746 0.02207792207792208 0.03650793650793651
2 0.4805194805194805 0.19047619047619047 0.005194805194805195 0.01904761904761905
2 0.4818181818181818 0.17142857142857143 0.006493506493506494 0.015873015873015872
3 0.4636363636363636 0.15714285714285714 0.01818181818181818 0.04285714285714286
1 0.4675324675324675 0.173015873015873 0.014285714285714285 0.022222222222222223
2 0.4753246753246753 0.15873015873015872 0.0025974025974025974 0.012698412698412698
2 0.4779220779220779 0.14285714285714285 0.005194805194805195 0.011111111111111112
2 0.4792207792207792 0.14603174603174604 0.003896103896103896 0.014285714285714285
2 0.5285714285714286 0.17142857142857143 0.006493506493506494 0.01904761904761905
1 0.5155844155844156 0.1873015873015873 0.015584415584415584 0.031746031746031744
2 0.5194805194805194 0.1634920634920635 0.006493506493506494 0.012698412698412698
2 0.512987012987013 0.15714285714285714 0.003896103896103896 0.012698412698412698
2 0.5181818181818182 0.14761904761904762 0.0025974025974025974 0.007936507936507936
2 0.512987012987013 0.1349206349206349 0.0025974025974025974 0.015873015873015872
0 0.4987012987012987 0.1492063492063492 0.023376623376623377 0.05714285714285714
1 0.4883116883116883 0.11746031746031746 0.007792207792207792 0.009523809523809525
2 0.4974025974025974 0.11587301587301588 0.005194805194805195 0.011111111111111112
1 0.5064935064935064 0.1253968253968254 0.006493506493506494 0.007936507936507936
2 0.5051948051948052 0.11587301587301588 0.003896103896103896 0.012698412698412698
2 0.5103896103896104 0.11428571428571428 0.003896103896103896 0.014285714285714285
2 0.5012987012987012 0.10793650793650794 0.0025974025974025974 0.009523809523809525
1 0.4974025974025974 0.1 0.005194805194805195 0.007936507936507936
3 0.5012987012987012 0.09682539682539683 0.011688311688311689 0.01746031746031746
1 0.4857142857142857 0.10952380952380952 0.011688311688311689 0.022222222222222223
3 0.4896103896103896 0.09523809523809523 0.00909090909090909 0.015873015873015872
1 0.4662337662337662 0.13333333333333333 0.014285714285714285 0.006349206349206349
1 0.4714285714285714 0.12063492063492064 0.011688311688311689 0.01746031746031746
1 0.474025974025974 0.10952380952380952 0.01038961038961039 0.007936507936507936
1 0.4766233766233766 0.10158730158730159 0.006493506493506494 0.007936507936507936
1 0.4948051948051948 0.18253968253968253 0.016883116883116882 0.026984126984126985
1 0.5064935064935064 0.21746031746031746 0.016883116883116882 0.012698412698412698
1 0.5727272727272728 0.31587301587301586 0.032467532467532464 0.06190476190476191
1 0.525974025974026 0.30158730158730157 0.025974025974025976 0.05238095238095238
1 0.525974025974026 0.5333333333333333 0.05974025974025974 0.13174603174603175