2 0.974025974025974 0.8507936507936508 0.05064935064935065 0.15079365079365079
2 0.9272727272727272 0.9507936507936507 0.06103896103896104 0.09841269841269841
2 0.8662337662337662 0.953968253968254 0.06623376623376623 0.09206349206349207
2 0.7987012987012987 0.9698412698412698 0.05454545454545454 0.06031746031746032
2 0.7532467532467533 0.9682539682539683 0.032467532467532464 0.06349206349206349
2 0.6818181818181818 0.9555555555555556 0.03896103896103896 0.0873015873015873
2 0.8987012987012987 0.7873015873015873 0.06103896103896104 0.13015873015873017
2 0.8558441558441559 0.9047619047619048 0.032467532467532464 0.1111111111111111
2 0.8792207792207792 0.8904761904761904 0.04285714285714286 0.16666666666666666
2 0.8532467532467533 0.8 0.04155844155844156 0.1253968253968254
3 0.7181818181818181 0.707936507936508 0.18181818181818182 0.4444444444444444
2 0.7948051948051948 0.7603174603174603 0.02987012987012987 0.1349206349206349
2 0.8207792207792208 0.7444444444444445 0.04155844155844156 0.11746031746031746
2 0.8207792207792208 0.8492063492063492 0.048051948051948054 0.13015873015873017
1 0.5935064935064935 0.9015873015873016 0.11168831168831168 0.19682539682539682
2 0.6402597402597403 0.8571428571428571 0.03766233766233766 0.16507936507936508
2 0.625974025974026 0.7825396825396825 0.03636363636363636 0.10793650793650794
2 0.6207792207792208 0.7111111111111111 0.032467532467532464 0.11428571428571428
2 0.5051948051948052 0.653968253968254 0.04155844155844156 0.1380952380952381
2 0.4961038961038961 0.5619047619047619 0.03506493506493506 0.09047619047619047
2 0.6116883116883117 0.6206349206349207 0.03896103896103896 0.10158730158730159
2 0.6025974025974026 0.580952380952381 0.024675324675324677 0.08888888888888889
1 0.5571428571428572 0.5984126984126984 0.07142857142857142 0.15079365079365079
2 0.587012987012987 0.5396825396825397 0.023376623376623377 0.08095238095238096
2 0.5792207792207792 0.5 0.024675324675324677 0.08412698412698413
2 0.6935064935064935 0.5619047619047619 0.024675324675324677 0.06031746031746032
2 0.6896103896103896 0.5428571428571428 0.02987012987012987 0.05238095238095238
2 0.7168831168831169 0.48412698412698413 0.02207792207792208 0.0746031746031746
2 0.474025974025974 0.31587301587301586 0.014285714285714285 0.05396825396825397
2 0.4675324675324675 0.21587301587301588 0.00909090909090909 0.03650793650793651
2 0.4701298701298701 0.19523809523809524 0.00909090909090909 0.031746031746031744
0 0.5805194805194805 0.33174603174603173 0.09480519480519481 0.1873015873015873
2 0.6220779220779221 0.3761904761904762 0.007792207792207792 0.05238095238095238
1 0.6025974025974026 0.45555555555555555 0.06623376623376623 0.10317460317460317
2 0.6324675324675325 0.40476190476190477 0.014285714285714285 0.06349206349206349
2 0.6376623376623377 0.43174603174603177 0.016883116883116882 0.05396825396825397
1 0.6675324675324675 0.48253968253968255 0.06753246753246753 0.11428571428571428
2 0.6688311688311688 0.4174603174603175 0.015584415584415584 0.031746031746031744
1 0.4844155844155844 0.12380952380952381 0.014285714285714285 0.025396825396825397
3 0.5116883116883116 0.2015873015873016 0.04935064935064935 0.10952380952380952
2 0.5 0.12380952380952381 0.006493506493506494 0.015873015873015872
2 0.5 0.1111111111111111 0.007792207792207792 0.011111111111111112
2 0.4987012987012987 0.1 0.005194805194805195 0.009523809523809525
2 0.5038961038961038 0.09682539682539683 0.005194805194805195 0.012698412698412698
2 0.5103896103896104 0.14444444444444443 0.007792207792207792 0.012698412698412698
2 0.487012987012987 0.16507936507936508 0.006493506493506494 0.012698412698412698
1 0.561038961038961 0.7412698412698413 0.08441558441558442 0.20793650793650795
1 0.5376623376623376 0.4984126984126984 0.06363636363636363 0.13174603174603175
1 0.525974025974026 0.4444444444444444 0.05584415584415584 0.09047619047619047
1 0.5194805194805194 0.3619047619047619 0.053246753246753244 0.1111111111111111
1 0.5025974025974026 0.319047619047619 0.048051948051948054 0.09682539682539683
0 0.538961038961039 0.2365079365079365 0.05584415584415584 0.10317460317460317