1 0.535064935064935 0.6460317460317461 0.06883116883116883 0.18095238095238095
1 0.5558441558441558 0.8698412698412699 0.08181818181818182 0.22380952380952382
1 0.6844155844155844 0.8301587301587302 0.08051948051948052 0.23015873015873015
1 0.6350649350649351 0.665079365079365 0.08181818181818182 0.15555555555555556
1 0.7116883116883117 0.5873015873015873 0.053246753246753244 0.1365079365079365
1 0.7987012987012987 0.8587301587301587 0.05714285714285714 0.18888888888888888
1 0.7636363636363637 0.9587301587301588 0.09090909090909091 0.08095238095238096
1 0.6038961038961039 0.5412698412698412 0.05454545454545454 0.1126984126984127
1 0.6714285714285714 0.5047619047619047 0.04935064935064935 0.0873015873015873
1 0.6064935064935065 0.4714285714285714 0.04025974025974026 0.06825396825396825
1 0.5246753246753246 0.4873015873015873 0.05064935064935065 0.09523809523809523
1 0.5662337662337662 0.4031746031746032 0.03636363636363636 0.08888888888888889
1 0.5103896103896104 0.4126984126984127 0.02727272727272727 0.07142857142857142
1 0.5103896103896104 0.35079365079365077 0.025974025974025976 0.050793650793650794
1 0.5545454545454546 0.31746031746031744 0.02207792207792208 0.04126984126984127
1 0.5662337662337662 0.35873015873015873 0.03116883116883117 0.026984126984126985
1 0.5948051948051948 0.33015873015873015 0.033766233766233764 0.07301587301587302
1 0.5428571428571428 0.2857142857142857 0.01948051948051948 0.03015873015873016
1 0.4857142857142857 0.29523809523809524 0.02987012987012987 0.03968253968253968
3 0.4805194805194805 0.2253968253968254 0.02857142857142857 0.07936507936507936
1 0.4792207792207792 0.2619047619047619 0.01818181818181818 0.023809523809523808
2 0.5025974025974026 0.24603174603174602 0.00909090909090909 0.04126984126984127
1 0.5103896103896104 0.2253968253968254 0.016883116883116882 0.03333333333333333
2 0.5714285714285714 0.3047619047619048 0.00909090909090909 0.04126984126984127
1 0.5311688311688312 0.2650793650793651 0.014285714285714285 0.023809523809523808
1 0.525974025974026 0.24761904761904763 0.016883116883116882 0.03015873015873016
1 0.5441558441558442 0.24285714285714285 0.015584415584415584 0.03333333333333333
2 0.522077922077922 0.22380952380952382 0.007792207792207792 0.026984126984126985
1 0.5363636363636364 0.22063492063492063 0.016883116883116882 0.025396825396825397
2 0.4987012987012987 0.20952380952380953 0.007792207792207792 0.02857142857142857
1 0.5025974025974026 0.2 0.012987012987012988 0.022222222222222223
1 0.4623376623376623 0.19206349206349208 0.011688311688311689 0.0380952380952381
1 0.4844155844155844 0.16984126984126985 0.015584415584415584 0.02857142857142857
1 0.4714285714285714 0.1349206349206349 0.00909090909090909 0.025396825396825397
1 0.474025974025974 0.11746031746031746 0.012987012987012988 0.026984126984126985
3 0.4935064935064935 0.10158730158730159 0.011688311688311689 0.03015873015873016
2 0.9454545454545454 0.8507936507936508 0.032467532467532464 0.11428571428571428
2 0.8935064935064935 0.9063492063492063 0.02207792207792208 0.09047619047619047
2 0.9103896103896104 0.9650793650793651 0.023376623376623377 0.06984126984126984
2 0.8454545454545455 0.9809523809523809 0.033766233766233764 0.0380952380952381
2 0.8558441558441559 0.8396825396825397 0.04285714285714286 0.1492063492063492
2 0.8532467532467533 0.7206349206349206 0.045454545454545456 0.11746031746031746
2 0.7948051948051948 0.7476190476190476 0.04025974025974026 0.0873015873015873
2 0.8012987012987013 0.6984126984126984 0.015584415584415584 0.0746031746031746
2 0.7311688311688311 0.7285714285714285 0.033766233766233764 0.11428571428571428
2 0.6961038961038961 0.6841269841269841 0.02207792207792208 0.09365079365079365
2 0.6675324675324675 0.6349206349206349 0.02077922077922078 0.09841269841269841
2 0.7571428571428571 0.6873015873015873 0.02857142857142857 0.10476190476190476
2 0.7688311688311689 0.6365079365079365 0.02857142857142857 0.09682539682539683
2 0.7415584415584415 0.5825396825396826 0.02207792207792208 0.08412698412698413
2 0.7038961038961039 0.4888888888888889 0.012987012987012988 0.06031746031746032
2 0.6298701298701299 0.4587301587301587 0.016883116883116882 0.07301587301587302
2 0.6467532467532467 0.4301587301587302 0.014285714285714285 0.05873015873015873
2 0.6220779220779221 0.4222222222222222 0.011688311688311689 0.05396825396825397
2 0.6441558441558441 0.3984126984126984 0.015584415584415584 0.04126984126984127
2 0.6597402597402597 0.4111111111111111 0.012987012987012988 0.03650793650793651
2 0.6662337662337663 0.44761904761904764 0.00909090909090909 0.05238095238095238
2 0.6792207792207792 0.4380952380952381 0.012987012987012988 0.05396825396825397
2 0.6311688311688312 0.38412698412698415 0.01038961038961039 0.047619047619047616
2 0.6285714285714286 0.353968253968254 0.014285714285714285 0.044444444444444446
2 0.612987012987013 0.3984126984126984 0.016883116883116882 0.06349206349206349
2 0.5948051948051948 0.4238095238095238 0.014285714285714285 0.05396825396825397
2 0.551948051948052 0.5238095238095238 0.014285714285714285 0.04285714285714286
2 0.5636363636363636 0.5079365079365079 0.015584415584415584 0.0746031746031746
2 0.5467532467532468 0.5587301587301587 0.014285714285714285 0.06349206349206349
2 0.5727272727272728 0.6111111111111112 0.01818181818181818 0.09523809523809523
2 0.4909090909090909 0.5396825396825397 0.016883116883116882 0.09841269841269841
2 0.4831168831168831 0.4492063492063492 0.01948051948051948 0.08571428571428572
2 0.5545454545454546 0.4650793650793651 0.012987012987012988 0.06031746031746032
2 0.5324675324675324 0.4238095238095238 0.01038961038961039 0.049206349206349205
2 0.5506493506493506 0.4253968253968254 0.01038961038961039 0.047619047619047616
2 0.535064935064935 0.3904761904761905 0.01038961038961039 0.04126984126984127
2 0.538961038961039 0.3746031746031746 0.011688311688311689 0.047619047619047616
2 0.5272727272727272 0.3396825396825397 0.007792207792207792 0.04285714285714286
2 0.535064935064935 0.35079365079365077 0.012987012987012988 0.0380952380952381
2 0.525974025974026 0.31587301587301586 0.01038961038961039 0.03333333333333333
2 0.5116883116883116 0.3 0.007792207792207792 0.047619047619047616
2 0.4857142857142857 0.3349206349206349 0.011688311688311689 0.06507936507936508
2 0.5051948051948052 0.28253968253968254 0.00909090909090909 0.047619047619047616
2 0.6064935064935065 0.30793650793650795 0.011688311688311689 0.04285714285714286
2 0.5571428571428572 0.28888888888888886 0.00909090909090909 0.03492063492063492
2 0.5662337662337662 0.2841269841269841 0.01038961038961039 0.031746031746031744
2 0.577922077922078 0.2841269841269841 0.012987012987012988 0.031746031746031744
2 0.5922077922077922 0.28253968253968254 0.012987012987012988 0.02857142857142857
2 0.5584415584415584 0.2619047619047619 0.006493506493506494 0.044444444444444446
2 0.564935064935065 0.2571428571428571 0.007792207792207792 0.03968253968253968
2 0.5714285714285714 0.2619047619047619 0.00909090909090909 0.03015873015873016
2 0.5545454545454546 0.22698412698412698 0.006493506493506494 0.03492063492063492
2 0.5662337662337662 0.23492063492063492 0.007792207792207792 0.03015873015873016
2 0.5467532467532468 0.20952380952380953 0.006493506493506494 0.02857142857142857
2 0.5142857142857142 0.19365079365079366 0.006493506493506494 0.026984126984126985
2 0.5285714285714286 0.1873015873015873 0.00909090909090909 0.03492063492063492
2 0.5376623376623376 0.19523809523809524 0.007792207792207792 0.025396825396825397
2 0.4974025974025974 0.18253968253968253 0.007792207792207792 0.022222222222222223
2 0.5 0.16507936507936508 0.006493506493506494 0.023809523809523808
2 0.4883116883116883 0.14761904761904762 0.005194805194805195 0.022222222222222223
2 0.4844155844155844 0.1253968253968254 0.005194805194805195 0.014285714285714285
2 0.4896103896103896 0.12063492063492064 0.003896103896103896 0.015873015873015872
2 0.4935064935064935 0.11904761904761904 0.005194805194805195 0.022222222222222223
2 0.4974025974025974 0.11746031746031746 0.003896103896103896 0.023809523809523808
2 0.5025974025974026 0.11746031746031746 0.003896103896103896 0.022222222222222223
2 0.5064935064935064 0.1111111111111111 0.003896103896103896 0.01746031746031746
2 0.4987012987012987 0.15079365079365079 0.006493506493506494 0.015873015873015872
2 0.5064935064935064 0.18095238095238095 0.007792207792207792 0.023809523809523808
2 0.5077922077922078 0.1619047619047619 0.007792207792207792 0.026984126984126985
2 0.574025974025974 0.22857142857142856 0.011688311688311689 0.04126984126984127
2 0.5103896103896104 0.10317460317460317 0.005194805194805195 0.020634920634920634
2 0.5116883116883116 0.7523809523809524 0.023376623376623377 0.11746031746031746
2 0.5246753246753246 0.2984126984126984 0.007792207792207792 0.03015873015873016