1 0.6220779220779221 0.8603174603174604 0.09090909090909091 0.27936507936507937
1 0.7454545454545455 0.8809523809523809 0.11038961038961038 0.2365079365079365
1 0.5324675324675324 0.707936507936508 0.05454545454545454 0.1873015873015873
1 0.6272727272727273 0.5936507936507937 0.06753246753246753 0.12698412698412698
1 0.7519480519480519 0.6063492063492063 0.06103896103896104 0.1492063492063492
1 0.6246753246753247 0.4857142857142857 0.03896103896103896 0.1
1 0.5181818181818182 0.5142857142857142 0.05974025974025974 0.10158730158730159
1 0.5116883116883116 0.41904761904761906 0.03506493506493506 0.05873015873015873
1 0.4974025974025974 0.3333333333333333 0.032467532467532464 0.07301587301587302
1 0.5376623376623376 0.3238095238095238 0.015584415584415584 0.04285714285714286
1 0.535064935064935 0.2920634920634921 0.024675324675324677 0.03650793650793651
1 0.522077922077922 0.2571428571428571 0.025974025974025976 0.03333333333333333
1 0.4818181818181818 0.2761904761904762 0.01948051948051948 0.031746031746031744
1 0.4831168831168831 0.24761904761904763 0.032467532467532464 0.023809523809523808
1 0.4805194805194805 0.21746031746031746 0.016883116883116882 0.031746031746031744
1 0.474025974025974 0.20476190476190476 0.015584415584415584 0.025396825396825397
1 0.4701298701298701 0.1873015873015873 0.016883116883116882 0.014285714285714285
1 0.4701298701298701 0.173015873015873 0.01948051948051948 0.01746031746031746
1 0.4701298701298701 0.14444444444444443 0.015584415584415584 0.02857142857142857
1 0.4883116883116883 0.09682539682539683 0.011688311688311689 0.022222222222222223
2 0.4974025974025974 0.10634920634920635 0.003896103896103896 0.007936507936507936
1 0.5051948051948052 0.09365079365079365 0.014285714285714285 0.01746031746031746
1 0.4883116883116883 0.1492063492063492 0.014285714285714285 0.02857142857142857
1 0.5012987012987012 0.17777777777777778 0.023376623376623377 0.020634920634920634
1 0.4961038961038961 0.1619047619047619 0.014285714285714285 0.020634920634920634
1 0.5051948051948052 0.20476190476190476 0.033766233766233764 0.026984126984126985
1 0.5194805194805194 0.23015873015873015 0.02987012987012987 0.031746031746031744
1 0.5298701298701298 0.18571428571428572 0.023376623376623377 0.04285714285714286
1 0.5571428571428572 0.25555555555555554 0.023376623376623377 0.025396825396825397
2 0.5467532467532468 0.6079365079365079 0.024675324675324677 0.047619047619047616
2 0.5792207792207792 0.5777777777777777 0.023376623376623377 0.08888888888888889
2 0.5922077922077922 0.6079365079365079 0.02207792207792208 0.05238095238095238
2 0.5844155844155844 0.6523809523809524 0.01948051948051948 0.05396825396825397
2 0.5987012987012987 0.6857142857142857 0.02207792207792208 0.07142857142857142
2 0.6376623376623377 0.7238095238095238 0.02857142857142857 0.0746031746031746
2 0.6428571428571429 0.680952380952381 0.03896103896103896 0.12380952380952381
2 0.6831168831168831 0.7698412698412699 0.01948051948051948 0.10476190476190476
2 0.7194805194805195 0.7301587301587301 0.01948051948051948 0.06031746031746032
2 0.6987012987012987 0.7095238095238096 0.02207792207792208 0.09047619047619047
2 0.7636363636363637 0.7428571428571429 0.02987012987012987 0.08888888888888889
2 0.7389610389610389 0.6968253968253968 0.032467532467532464 0.1111111111111111
2 0.7077922077922078 0.653968253968254 0.02857142857142857 0.07142857142857142
2 0.7948051948051948 0.807936507936508 0.03636363636363636 0.1111111111111111
2 0.8168831168831169 0.9253968253968254 0.04025974025974026 0.13015873015873017
2 0.8675324675324675 0.9126984126984127 0.04025974025974026 0.14444444444444443
2 0.687012987012987 0.6142857142857143 0.032467532467532464 0.06825396825396825
2 0.6818181818181818 0.5650793650793651 0.02207792207792208 0.03968253968253968
2 0.7233766233766233 0.5365079365079365 0.015584415584415584 0.031746031746031744
2 0.7389610389610389 0.5206349206349207 0.016883116883116882 0.05238095238095238
2 0.7363636363636363 0.4873015873015873 0.02077922077922078 0.047619047619047616
2 0.6896103896103896 0.5301587301587302 0.02077922077922078 0.050793650793650794
2 0.6714285714285714 0.5111111111111111 0.02207792207792208 0.06349206349206349
2 0.6857142857142857 0.4777777777777778 0.016883116883116882 0.03015873015873016
2 0.6766233766233766 0.4587301587301587 0.01948051948051948 0.05396825396825397
2 0.6545454545454545 0.4444444444444444 0.01818181818181818 0.05396825396825397
2 0.6246753246753247 0.40634920634920635 0.011688311688311689 0.04285714285714286
2 0.6363636363636364 0.4095238095238095 0.016883116883116882 0.047619047619047616
2 0.6493506493506493 0.3984126984126984 0.016883116883116882 0.0380952380952381
2 0.6350649350649351 0.35714285714285715 0.012987012987012988 0.044444444444444446
2 0.6194805194805195 0.353968253968254 0.015584415584415584 0.05238095238095238
2 0.5727272727272728 0.5285714285714286 0.02077922077922078 0.06031746031746032
2 0.5701298701298702 0.49523809523809526 0.025974025974025976 0.047619047619047616
2 0.5623376623376624 0.4714285714285714 0.02727272727272727 0.05238095238095238
2 0.487012987012987 0.38571428571428573 0.01818181818181818 0.05873015873015873
2 0.509090909090909 0.2920634920634921 0.015584415584415584 0.047619047619047616
2 0.5142857142857142 0.30158730158730157 0.011688311688311689 0.046031746031746035
2 0.5012987012987012 0.2492063492063492 0.011688311688311689 0.03968253968253968
2 0.4961038961038961 0.2396825396825397 0.014285714285714285 0.03492063492063492
2 0.4649350649350649 0.2492063492063492 0.02077922077922078 0.04285714285714286
2 0.45714285714285713 0.21746031746031746 0.012987012987012988 0.03650793650793651
2 0.45324675324675323 0.1873015873015873 0.00909090909090909 0.02857142857142857
2 0.45324675324675323 0.16825396825396827 0.00909090909090909 0.01904761904761905
2 0.487012987012987 0.19365079365079366 0.007792207792207792 0.031746031746031744
2 0.538961038961039 0.23333333333333334 0.01038961038961039 0.04126984126984127
2 0.5467532467532468 0.21428571428571427 0.007792207792207792 0.023809523809523808
2 0.5545454545454546 0.22063492063492063 0.007792207792207792 0.03015873015873016
2 0.5558441558441558 0.23174603174603176 0.006493506493506494 0.023809523809523808
2 0.5688311688311688 0.2396825396825397 0.007792207792207792 0.031746031746031744
2 0.5766233766233766 0.24285714285714285 0.005194805194805195 0.026984126984126985
2 0.6090909090909091 0.30317460317460315 0.006493506493506494 0.031746031746031744
2 0.5935064935064935 0.2920634920634921 0.005194805194805195 0.026984126984126985
2 0.587012987012987 0.273015873015873 0.005194805194805195 0.025396825396825397
2 0.5376623376623376 0.25396825396825395 0.011688311688311689 0.031746031746031744
2 0.5051948051948052 0.1619047619047619 0.005194805194805195 0.020634920634920634
2 0.5103896103896104 0.15873015873015872 0.003896103896103896 0.020634920634920634
2 0.5142857142857142 0.15873015873015872 0.003896103896103896 0.03015873015873016
2 0.5012987012987012 0.1349206349206349 0.005194805194805195 0.01904761904761905
2 0.4818181818181818 0.1365079365079365 0.007792207792207792 0.023809523809523808
2 0.4818181818181818 0.12380952380952381 0.005194805194805195 0.015873015873015872
2 0.4935064935064935 0.1253968253968254 0.005194805194805195 0.01746031746031746
2 0.5 0.11904761904761904 0.006493506493506494 0.014285714285714285
2 0.5051948051948052 0.1 0.005194805194805195 0.012698412698412698