2 0.5337662337662338 0.9317460317460318 0.033766233766233764 0.1349206349206349
2 0.5272727272727272 0.9873015873015873 0.03896103896103896 0.025396825396825397
2 0.6194805194805195 0.9396825396825397 0.03896103896103896 0.12063492063492064
2 0.7831168831168831 0.7746031746031746 0.024675324675324677 0.12222222222222222
2 0.925974025974026 0.9301587301587302 0.033766233766233764 0.13968253968253969
2 0.5532467532467532 0.5 0.01948051948051948 0.06031746031746032
2 0.5818181818181818 0.3761904761904762 0.03506493506493506 0.06666666666666667
2 0.4805194805194805 0.3634920634920635 0.01818181818181818 0.06666666666666667
2 0.5168831168831168 0.3142857142857143 0.01948051948051948 0.049206349206349205
2 0.5675324675324676 0.31587301587301586 0.014285714285714285 0.047619047619047616
2 0.5493506493506494 0.30317460317460315 0.02077922077922078 0.050793650793650794
2 0.5896103896103896 0.3142857142857143 0.011688311688311689 0.049206349206349205
2 0.5961038961038961 0.30158730158730157 0.015584415584415584 0.044444444444444446
2 0.5558441558441558 0.4587301587301587 0.01038961038961039 0.015873015873015872
2 0.4857142857142857 0.23809523809523808 0.016883116883116882 0.046031746031746035
2 0.5376623376623376 0.22380952380952382 0.016883116883116882 0.03333333333333333
2 0.4909090909090909 0.17936507936507937 0.01948051948051948 0.03015873015873016
2 0.5194805194805194 0.19047619047619047 0.012987012987012988 0.023809523809523808
2 0.4896103896103896 0.10952380952380952 0.003896103896103896 0.014285714285714285
2 0.4935064935064935 0.13333333333333333 0.006493506493506494 0.01746031746031746
2 0.5025974025974026 0.12063492063492064 0.003896103896103896 0.014285714285714285
2 0.5077922077922078 0.14603174603174604 0.006493506493506494 0.020634920634920634
2 0.512987012987013 0.15396825396825398 0.005194805194805195 0.01904761904761905
2 0.512987012987013 0.17936507936507937 0.005194805194805195 0.022222222222222223
2 0.5194805194805194 0.17142857142857143 0.006493506493506494 0.023809523809523808
2 0.5532467532467532 0.273015873015873 0.015584415584415584 0.04285714285714286
2 0.5584415584415584 0.24761904761904763 0.012987012987012988 0.03015873015873016
2 0.5688311688311688 0.2492063492063492 0.014285714285714285 0.04285714285714286
1 0.7168831168831169 0.8777777777777778 0.13246753246753246 0.24285714285714285
1 0.8571428571428571 0.8682539682539683 0.15194805194805194 0.2634920634920635
1 0.5142857142857142 0.5 0.05584415584415584 0.11904761904761904
1 0.512987012987013 0.4301587301587302 0.05194805194805195 0.08888888888888889
1 0.5064935064935064 0.38571428571428573 0.048051948051948054 0.08253968253968254
1 0.4662337662337662 0.14603174603174604 0.014285714285714285 0.03333333333333333
1 0.4753246753246753 0.13015873015873017 0.015584415584415584 0.025396825396825397
1 0.4987012987012987 0.1 0.011688311688311689 0.014285714285714285
3 0.5987012987012987 0.5444444444444444 0.1025974025974026 0.273015873015873
0 0.5558441558441558 0.7206349206349206 0.13116883116883116 0.37142857142857144
0 0.7012987012987013 0.5380952380952381 0.17012987012987013 0.3603174603174603