2 0.7194805194805195 0.8269841269841269 0.05064935064935065 0.15396825396825398
2 0.5818181818181818 0.6587301587301587 0.033766233766233764 0.13333333333333333
2 0.6077922077922078 0.5984126984126984 0.02727272727272727 0.12380952380952381
2 0.6896103896103896 0.5904761904761905 0.033766233766233764 0.11746031746031746
2 0.7792207792207793 0.6777777777777778 0.03116883116883117 0.12063492063492064
2 0.5077922077922078 0.2571428571428571 0.023376623376623377 0.06031746031746032
2 0.5337662337662338 0.2523809523809524 0.014285714285714285 0.05396825396825397
2 0.5376623376623376 0.20952380952380953 0.01948051948051948 0.04126984126984127
2 0.4753246753246753 0.19206349206349208 0.016883116883116882 0.04126984126984127
2 0.5 0.1634920634920635 0.014285714285714285 0.03492063492063492
2 0.4688311688311688 0.13333333333333333 0.01038961038961039 0.03333333333333333
2 0.4896103896103896 0.11904761904761904 0.007792207792207792 0.02857142857142857
2 0.5025974025974026 0.12698412698412698 0.00909090909090909 0.025396825396825397