2 0.7298701298701299 0.9746031746031746 0.032467532467532464 0.050793650793650794
2 0.8194805194805195 0.9809523809523809 0.04155844155844156 0.03650793650793651
2 0.7012987012987013 0.9095238095238095 0.04285714285714286 0.15873015873015872
2 0.812987012987013 0.8587301587301587 0.03766233766233766 0.14603174603174604
2 0.7610389610389611 0.7333333333333333 0.033766233766233764 0.12380952380952381
2 0.7974025974025974 0.7301587301587301 0.02727272727272727 0.10158730158730159
2 0.8623376623376623 0.8492063492063492 0.04155844155844156 0.13968253968253969
1 0.6844155844155844 0.7253968253968254 0.0987012987012987 0.17777777777777778
2 0.7168831168831169 0.6746031746031746 0.025974025974025976 0.11587301587301588
2 0.7532467532467533 0.653968253968254 0.025974025974025976 0.07936507936507936
2 0.7480519480519481 0.5984126984126984 0.03116883116883117 0.06031746031746032
2 0.7168831168831169 0.5619047619047619 0.025974025974025976 0.1
2 0.6623376623376623 0.5841269841269842 0.033766233766233764 0.09841269841269841
2 0.6805194805194805 0.5650793650793651 0.02207792207792208 0.08571428571428572
2 0.6818181818181818 0.5206349206349207 0.015584415584415584 0.05396825396825397
2 0.6948051948051948 0.5111111111111111 0.016883116883116882 0.07777777777777778
2 0.674025974025974 0.4714285714285714 0.015584415584415584 0.07301587301587302
2 0.6571428571428571 0.43174603174603177 0.02077922077922078 0.0761904761904762
2 0.5571428571428572 0.4253968253968254 0.02207792207792208 0.0746031746031746
2 0.5337662337662338 0.46190476190476193 0.023376623376623377 0.04285714285714286
2 0.4987012987012987 0.48412698412698413 0.01818181818181818 0.06666666666666667
3 0.5428571428571428 0.6031746031746031 0.09220779220779221 0.2396825396825397
2 0.5597402597402598 0.5015873015873016 0.01818181818181818 0.04126984126984127
2 0.6415584415584416 0.4126984126984127 0.01818181818181818 0.06349206349206349
2 0.6298701298701299 0.38412698412698415 0.01038961038961039 0.044444444444444446
2 0.5987012987012987 0.3476190476190476 0.011688311688311689 0.049206349206349205
1 0.6051948051948052 0.4095238095238095 0.048051948051948054 0.08888888888888889
2 0.6116883116883117 0.3603174603174603 0.011688311688311689 0.03492063492063492
2 0.6194805194805195 0.34285714285714286 0.01038961038961039 0.049206349206349205
2 0.5844155844155844 0.35873015873015873 0.015584415584415584 0.04285714285714286
2 0.5714285714285714 0.33650793650793653 0.012987012987012988 0.044444444444444446
2 0.5883116883116883 0.319047619047619 0.00909090909090909 0.03015873015873016
2 0.6064935064935065 0.3238095238095238 0.011688311688311689 0.046031746031746035
2 0.5766233766233766 0.2968253968253968 0.015584415584415584 0.031746031746031744
2 0.5961038961038961 0.3047619047619048 0.014285714285714285 0.03650793650793651
2 0.551948051948052 0.2904761904761905 0.014285714285714285 0.04126984126984127
2 0.564935064935065 0.3 0.01038961038961039 0.02857142857142857
2 0.5584415584415584 0.2746031746031746 0.012987012987012988 0.03015873015873016
2 0.5753246753246753 0.273015873015873 0.01038961038961039 0.022222222222222223
2 0.5181818181818182 0.21428571428571427 0.00909090909090909 0.031746031746031744
1 0.5402597402597402 0.23174603174603176 0.02727272727272727 0.044444444444444446
2 0.5545454545454546 0.21904761904761905 0.007792207792207792 0.03650793650793651
2 0.5311688311688312 0.1984126984126984 0.00909090909090909 0.025396825396825397
2 0.5428571428571428 0.2 0.005194805194805195 0.020634920634920634
2 0.522077922077922 0.1761904761904762 0.006493506493506494 0.025396825396825397
2 0.5207792207792208 0.1634920634920635 0.006493506493506494 0.01746031746031746
2 0.5 0.1761904761904762 0.011688311688311689 0.03015873015873016
2 0.5155844155844156 0.15396825396825398 0.007792207792207792 0.020634920634920634
1 0.5038961038961038 0.1523809523809524 0.014285714285714285 0.020634920634920634
2 0.512987012987013 0.14285714285714285 0.006493506493506494 0.022222222222222223
1 0.4961038961038961 0.13968253968253969 0.015584415584415584 0.014285714285714285
2 0.5064935064935064 0.1365079365079365 0.005194805194805195 0.01746031746031746
1 0.587012987012987 0.953968253968254 0.09350649350649351 0.09206349206349207
1 0.5935064935064935 0.48095238095238096 0.05844155844155844 0.11746031746031746
1 0.5064935064935064 0.3888888888888889 0.04155844155844156 0.08412698412698413
1 0.538961038961039 0.3412698412698413 0.03636363636363636 0.06507936507936508
1 0.5298701298701298 0.2920634920634921 0.02857142857142857 0.047619047619047616
1 0.5155844155844156 0.2571428571428571 0.02077922077922078 0.044444444444444446
1 0.4662337662337662 0.20952380952380953 0.01818181818181818 0.03968253968253968
1 0.4636363636363636 0.18571428571428572 0.014285714285714285 0.022222222222222223
1 0.4636363636363636 0.16507936507936508 0.016883116883116882 0.020634920634920634
1 0.4623376623376623 0.14603174603174604 0.01948051948051948 0.01904761904761905
1 0.4857142857142857 0.18095238095238095 0.01818181818181818 0.03015873015873016
1 0.5116883116883116 0.1873015873015873 0.016883116883116882 0.026984126984126985
1 0.4857142857142857 0.15714285714285714 0.016883116883116882 0.020634920634920634
1 0.5012987012987012 0.12698412698412698 0.015584415584415584 0.012698412698412698
1 0.4987012987012987 0.11587301587301588 0.012987012987012988 0.011111111111111112
1 0.5 0.10793650793650794 0.011688311688311689 0.011111111111111112
3 0.4649350649350649 0.1253968253968254 0.016883116883116882 0.04126984126984127
1 0.4714285714285714 0.10634920634920635 0.011688311688311689 0.012698412698412698
3 0.4818181818181818 0.1349206349206349 0.02077922077922078 0.046031746031746035
1 0.4779220779220779 0.10317460317460317 0.014285714285714285 0.012698412698412698
1 0.4844155844155844 0.09523809523809523 0.01038961038961039 0.009523809523809525
1 0.4883116883116883 0.10634920634920635 0.00909090909090909 0.009523809523809525
1 0.4935064935064935 0.09523809523809523 0.006493506493506494 0.009523809523809525
1 0.4857142857142857 0.1111111111111111 0.006493506493506494 0.007936507936507936
1 0.5 0.1 0.01038961038961039 0.007936507936507936
1 0.5025974025974026 0.09206349206349207 0.007792207792207792 0.007936507936507936
1 0.474025974025974 0.2365079365079365 0.01948051948051948 0.049206349206349205
3 0.4896103896103896 0.26825396825396824 0.03636363636363636 0.1253968253968254