2 0.6597402597402597 0.8539682539682539 0.03896103896103896 0.17936507936507937
2 0.6987012987012987 0.9063492063492063 0.04415584415584416 0.14444444444444443
2 0.7623376623376623 0.9238095238095239 0.05064935064935065 0.15079365079365079
2 0.8012987012987013 0.8761904761904762 0.04415584415584416 0.14761904761904762
2 0.8207792207792208 0.9587301587301588 0.04155844155844156 0.08253968253968254
2 0.8532467532467533 0.9523809523809523 0.04025974025974026 0.09365079365079365
2 0.8701298701298701 0.9238095238095239 0.03766233766233766 0.1349206349206349
2 0.9142857142857143 0.9523809523809523 0.05844155844155844 0.09523809523809523
2 0.825974025974026 0.7793650793650794 0.02987012987012987 0.15396825396825398
2 0.8454545454545455 0.719047619047619 0.05064935064935065 0.12857142857142856
2 0.7220779220779221 0.5428571428571428 0.02727272727272727 0.10158730158730159
2 0.6298701298701299 0.42857142857142855 0.03116883116883117 0.06031746031746032
2 0.4974025974025974 0.1619047619047619 0.00909090909090909 0.03015873015873016
2 0.5051948051948052 0.14285714285714285 0.00909090909090909 0.025396825396825397
2 0.4987012987012987 0.12222222222222222 0.005194805194805195 0.022222222222222223
2 0.5038961038961038 0.11587301587301588 0.005194805194805195 0.020634920634920634
2 0.4987012987012987 0.10476190476190476 0.006493506493506494 0.01746031746031746
2 0.4935064935064935 0.10634920634920635 0.005194805194805195 0.01746031746031746
2 0.4896103896103896 0.10158730158730159 0.005194805194805195 0.014285714285714285
2 0.5064935064935064 0.1 0.00909090909090909 0.01904761904761905
1 0.4831168831168831 0.11428571428571428 0.01038961038961039 0.023809523809523808
1 0.5818181818181818 0.9031746031746032 0.1012987012987013 0.19206349206349208
1 0.7051948051948052 0.9841269841269841 0.08961038961038961 0.03015873015873016
1 0.7610389610389611 0.7253968253968254 0.10909090909090909 0.2222222222222222
1 0.5545454545454546 0.7126984126984127 0.09090909090909091 0.2126984126984127
1 0.6012987012987013 0.5238095238095238 0.053246753246753244 0.12063492063492064
1 0.6727272727272727 0.48412698412698413 0.06233766233766234 0.10158730158730159
1 0.5883116883116883 0.4365079365079365 0.05844155844155844 0.09523809523809523
3 0.4675324675324675 0.11746031746031746 0.024675324675324677 0.046031746031746035
3 0.5077922077922078 0.3492063492063492 0.06363636363636363 0.16825396825396827
3 0.535064935064935 0.5079365079365079 0.08441558441558442 0.2571428571428571
3 0.6558441558441559 0.6317460317460317 0.11818181818181818 0.3682539682539683
3 0.5675324675324676 0.3238095238095238 0.09610389610389611 0.18253968253968253