1 0.5688311688311688 0.9142857142857143 0.08831168831168831 0.17142857142857143
1 0.7233766233766233 0.9666666666666667 0.08181818181818182 0.06666666666666667
1 0.7285714285714285 0.6111111111111112 0.09090909090909091 0.15079365079365079
1 0.6493506493506493 0.6158730158730159 0.08051948051948052 0.15873015873015872
1 0.6142857142857143 0.5222222222222223 0.04935064935064935 0.10476190476190476
1 0.5818181818181818 0.4380952380952381 0.046753246753246755 0.0746031746031746
1 0.5805194805194805 0.38095238095238093 0.04415584415584416 0.0746031746031746
1 0.612987012987013 0.346031746031746 0.05064935064935065 0.07777777777777778
1 0.5532467532467532 0.33650793650793653 0.032467532467532464 0.050793650793650794
1 0.4974025974025974 0.29365079365079366 0.03766233766233766 0.050793650793650794
1 0.5493506493506494 0.29365079365079366 0.03896103896103896 0.047619047619047616
1 0.4896103896103896 0.26825396825396824 0.02727272727272727 0.044444444444444446
1 0.5337662337662338 0.2714285714285714 0.02207792207792208 0.05396825396825397
1 0.4753246753246753 0.24603174603174602 0.024675324675324677 0.0380952380952381
1 0.4701298701298701 0.17936507936507937 0.025974025974025976 0.03333333333333333
1 0.4766233766233766 0.2111111111111111 0.02857142857142857 0.046031746031746035
1 0.4831168831168831 0.13015873015873017 0.011688311688311689 0.01904761904761905
1 0.4792207792207792 0.11587301587301588 0.02077922077922078 0.020634920634920634
1 0.4935064935064935 0.10158730158730159 0.014285714285714285 0.015873015873015872
1 0.4974025974025974 0.3746031746031746 0.02857142857142857 0.07936507936507936
3 0.522077922077922 0.45555555555555555 0.06883116883116883 0.2126984126984127
3 0.5558441558441558 0.6253968253968254 0.08701298701298701 0.3476190476190476
3 0.6922077922077922 0.780952380952381 0.12077922077922078 0.2857142857142857
2 0.509090909090909 0.10476190476190476 0.006493506493506494 0.015873015873015872
2 0.5012987012987012 0.1 0.007792207792207792 0.011111111111111112
2 0.5025974025974026 0.11746031746031746 0.006493506493506494 0.01904761904761905
2 0.5 0.12698412698412698 0.00909090909090909 0.01904761904761905
2 0.4909090909090909 0.14761904761904762 0.006493506493506494 0.022222222222222223
2 0.4987012987012987 0.15873015873015872 0.01038961038961039 0.015873015873015872
2 0.5103896103896104 0.15079365079365079 0.007792207792207792 0.01746031746031746
2 0.5 0.14761904761904762 0.011688311688311689 0.01746031746031746
2 0.4935064935064935 0.18571428571428572 0.01038961038961039 0.03492063492063492
2 0.4987012987012987 0.19047619047619047 0.007792207792207792 0.031746031746031744
2 0.5194805194805194 0.20476190476190476 0.00909090909090909 0.022222222222222223
2 0.5402597402597402 0.20476190476190476 0.015584415584415584 0.026984126984126985
2 0.5311688311688312 0.19206349206349208 0.015584415584415584 0.03333333333333333
2 0.5272727272727272 0.21904761904761905 0.007792207792207792 0.025396825396825397
2 0.5376623376623376 0.23492063492063492 0.01038961038961039 0.03333333333333333
2 0.5545454545454546 0.2492063492063492 0.00909090909090909 0.031746031746031744
2 0.5792207792207792 0.27936507936507937 0.011688311688311689 0.03650793650793651
2 0.509090909090909 0.25873015873015875 0.007792207792207792 0.025396825396825397
2 0.5155844155844156 0.2841269841269841 0.01038961038961039 0.0380952380952381
2 0.6376623376623377 0.3412698412698413 0.016883116883116882 0.046031746031746035
2 0.6090909090909091 0.3047619047619048 0.014285714285714285 0.025396825396825397
2 0.5805194805194805 0.32222222222222224 0.011688311688311689 0.03492063492063492
2 0.5025974025974026 0.30158730158730157 0.016883116883116882 0.025396825396825397
2 0.4792207792207792 0.326984126984127 0.02077922077922078 0.025396825396825397
2 0.4805194805194805 0.3634920634920635 0.015584415584415584 0.0380952380952381
2 0.5714285714285714 0.4031746031746032 0.012987012987012988 0.031746031746031744
2 0.6155844155844156 0.4111111111111111 0.01818181818181818 0.0380952380952381
2 0.6142857142857143 0.4523809523809524 0.01948051948051948 0.06031746031746032
2 0.6402597402597403 0.3968253968253968 0.01818181818181818 0.031746031746031744
2 0.6298701298701299 0.43492063492063493 0.014285714285714285 0.05714285714285714
2 0.6493506493506493 0.4365079365079365 0.016883116883116882 0.06031746031746032
2 0.6649350649350649 0.42698412698412697 0.01038961038961039 0.05396825396825397
2 0.6909090909090909 0.44285714285714284 0.02207792207792208 0.05714285714285714
2 0.6753246753246753 0.45714285714285713 0.02077922077922078 0.05238095238095238
2 0.6428571428571429 0.45714285714285713 0.01818181818181818 0.06031746031746032
2 0.6675324675324675 0.4603174603174603 0.024675324675324677 0.03650793650793651
2 0.6727272727272727 0.5015873015873016 0.02727272727272727 0.06190476190476191
2 0.6545454545454545 0.5126984126984127 0.016883116883116882 0.06190476190476191
2 0.6688311688311688 0.553968253968254 0.01948051948051948 0.08095238095238096
2 0.7051948051948052 0.5142857142857142 0.016883116883116882 0.05714285714285714
2 0.7207792207792207 0.5317460317460317 0.01948051948051948 0.04285714285714286
2 0.7740259740259741 0.6222222222222222 0.02207792207792208 0.10793650793650794
2 0.948051948051948 0.9650793650793651 0.048051948051948054 0.06984126984126984
2 0.8948051948051948 0.973015873015873 0.04415584415584416 0.05396825396825397
2 0.7987012987012987 0.9587301587301588 0.02857142857142857 0.08253968253968254
2 0.8428571428571429 0.9428571428571428 0.03766233766233766 0.10317460317460317
2 0.8662337662337662 0.9126984126984127 0.02857142857142857 0.10634920634920635
2 0.7753246753246753 0.8873015873015873 0.032467532467532464 0.10158730158730159
2 0.8051948051948052 0.8492063492063492 0.02987012987012987 0.1380952380952381
2 0.8272727272727273 0.8174603174603174 0.053246753246753244 0.14126984126984127
2 0.7545454545454545 0.7888888888888889 0.023376623376623377 0.11904761904761904
2 0.7740259740259741 0.7634920634920634 0.025974025974025976 0.12698412698412698
2 0.5116883116883116 0.33015873015873015 0.032467532467532464 0.044444444444444446