0 0.861038961038961 0.7396825396825397 0.2051948051948052 0.4936507936507937
1 0.564935064935065 0.919047619047619 0.08311688311688312 0.1619047619047619
1 0.7077922077922078 0.9349206349206349 0.08181818181818182 0.13015873015873017
1 0.6610389610389611 0.7968253968253968 0.06623376623376623 0.17142857142857143
1 0.6116883116883117 0.6238095238095238 0.048051948051948054 0.13333333333333333
1 0.5233766233766234 0.5492063492063493 0.05194805194805195 0.11904761904761904
1 0.5961038961038961 0.5079365079365079 0.03896103896103896 0.1
1 0.5636363636363636 0.44126984126984126 0.03896103896103896 0.09841269841269841
1 0.6181818181818182 0.4238095238095238 0.04935064935064935 0.0873015873015873
1 0.5 0.4015873015873016 0.03896103896103896 0.09682539682539683
1 0.5532467532467532 0.36507936507936506 0.02857142857142857 0.06507936507936508
1 0.4805194805194805 0.26825396825396824 0.02857142857142857 0.0380952380952381
1 0.4753246753246753 0.23492063492063492 0.02207792207792208 0.031746031746031744
1 0.4636363636363636 0.20952380952380953 0.014285714285714285 0.03333333333333333
1 0.4649350649350649 0.18253968253968253 0.01038961038961039 0.020634920634920634
1 0.4584415584415584 0.16984126984126985 0.014285714285714285 0.026984126984126985
1 0.4623376623376623 0.15555555555555556 0.011688311688311689 0.014285714285714285
1 0.45584415584415583 0.14126984126984127 0.007792207792207792 0.015873015873015872
1 0.4623376623376623 0.13333333333333333 0.007792207792207792 0.015873015873015872
1 0.4597402597402597 0.11904761904761904 0.006493506493506494 0.01904761904761905
2 0.4727272727272727 0.16031746031746033 0.007792207792207792 0.023809523809523808
1 0.4831168831168831 0.15396825396825398 0.01038961038961039 0.015873015873015872
3 0.5038961038961038 0.19682539682539682 0.032467532467532464 0.06349206349206349
1 0.5 0.1523809523809524 0.00909090909090909 0.022222222222222223
1 0.4818181818181818 0.1380952380952381 0.01038961038961039 0.01904761904761905
2 0.4701298701298701 0.1365079365079365 0.005194805194805195 0.015873015873015872
1 0.4779220779220779 0.12857142857142856 0.007792207792207792 0.015873015873015872
1 0.4792207792207792 0.11746031746031746 0.007792207792207792 0.014285714285714285
1 0.4675324675324675 0.10952380952380952 0.005194805194805195 0.014285714285714285
1 0.4727272727272727 0.10476190476190476 0.005194805194805195 0.011111111111111112
1 0.5012987012987012 0.1349206349206349 0.01038961038961039 0.01746031746031746
1 0.4948051948051948 0.13174603174603175 0.01038961038961039 0.020634920634920634
1 0.4961038961038961 0.12380952380952381 0.012987012987012988 0.012698412698412698
1 0.4922077922077922 0.11587301587301588 0.00909090909090909 0.015873015873015872
1 0.5337662337662338 0.20476190476190476 0.01818181818181818 0.03492063492063492
2 0.522077922077922 0.19682539682539682 0.006493506493506494 0.031746031746031744
1 0.522077922077922 0.17777777777777778 0.011688311688311689 0.023809523809523808
1 0.548051948051948 0.24603174603174602 0.023376623376623377 0.05238095238095238
1 0.522077922077922 0.24761904761904763 0.023376623376623377 0.04285714285714286
1 0.525974025974026 0.22857142857142856 0.01818181818181818 0.0380952380952381
1 0.5714285714285714 0.29523809523809524 0.02727272727272727 0.05238095238095238
1 0.5441558441558442 0.326984126984127 0.025974025974025976 0.04126984126984127
1 0.687012987012987 0.5603174603174603 0.03766233766233766 0.08253968253968254
1 0.4805194805194805 0.10952380952380952 0.01038961038961039 0.009523809523809525
2 0.4792207792207792 0.1 0.005194805194805195 0.011111111111111112
1 0.4883116883116883 0.1 0.006493506493506494 0.011111111111111112
2 0.8519480519480519 0.526984126984127 0.045454545454545456 0.1
2 0.9701298701298702 0.6253968253968254 0.02077922077922078 0.11904761904761904
2 0.9844155844155844 0.580952380952381 0.03116883116883117 0.11428571428571428
2 0.9493506493506494 0.7317460317460317 0.02987012987012987 0.1126984126984127
2 0.9883116883116884 0.8936507936507937 0.023376623376623377 0.11904761904761904
2 0.7701298701298701 0.9238095238095239 0.032467532467532464 0.1111111111111111
2 0.7818181818181819 0.9761904761904762 0.03116883116883117 0.047619047619047616
2 0.7376623376623377 0.8444444444444444 0.03116883116883117 0.11587301587301588
2 0.7077922077922078 0.7714285714285715 0.025974025974025976 0.1253968253968254
2 0.6948051948051948 0.707936507936508 0.025974025974025976 0.11587301587301588
2 0.6701298701298701 0.6523809523809524 0.02857142857142857 0.10317460317460317
2 0.6558441558441559 0.5888888888888889 0.016883116883116882 0.0761904761904762
2 0.6506493506493507 0.553968253968254 0.02077922077922078 0.06666666666666667
2 0.6831168831168831 0.49682539682539684 0.02077922077922078 0.06349206349206349
2 0.6298701298701299 0.5095238095238095 0.01818181818181818 0.07936507936507936
2 0.6415584415584416 0.49047619047619045 0.015584415584415584 0.08095238095238096
2 0.6584415584415585 0.4793650793650794 0.01818181818181818 0.07301587301587302
2 0.6675324675324675 0.46190476190476193 0.015584415584415584 0.06825396825396825
2 0.6779220779220779 0.4444444444444444 0.015584415584415584 0.07301587301587302
2 0.6233766233766234 0.4523809523809524 0.01948051948051948 0.050793650793650794
2 0.6532467532467533 0.4238095238095238 0.011688311688311689 0.04126984126984127
2 0.6519480519480519 0.3984126984126984 0.014285714285714285 0.044444444444444446
2 0.6844155844155844 0.3634920634920635 0.03506493506493506 0.06190476190476191
2 0.6298701298701299 0.39206349206349206 0.012987012987012988 0.046031746031746035
2 0.6363636363636364 0.38412698412698415 0.014285714285714285 0.05714285714285714
2 0.6337662337662338 0.35714285714285715 0.014285714285714285 0.05238095238095238
2 0.6064935064935065 0.34444444444444444 0.012987012987012988 0.04285714285714286
2 0.6194805194805195 0.3396825396825397 0.016883116883116882 0.044444444444444446
2 0.6142857142857143 0.3634920634920635 0.00909090909090909 0.03333333333333333
2 0.587012987012987 0.3952380952380952 0.01038961038961039 0.05396825396825397
2 0.5753246753246753 0.3603174603174603 0.012987012987012988 0.05396825396825397
2 0.5961038961038961 0.36507936507936506 0.015584415584415584 0.03968253968253968
2 0.5896103896103896 0.33650793650793653 0.01038961038961039 0.03015873015873016
2 0.6 0.35079365079365077 0.012987012987012988 0.04285714285714286
2 0.6 0.30634920634920637 0.01038961038961039 0.04285714285714286
2 0.6064935064935065 0.31587301587301586 0.012987012987012988 0.025396825396825397
2 0.5896103896103896 0.2841269841269841 0.007792207792207792 0.02857142857142857
2 0.561038961038961 0.319047619047619 0.012987012987012988 0.03650793650793651
2 0.5675324675324676 0.30793650793650795 0.014285714285714285 0.0380952380952381
2 0.5311688311688312 0.40476190476190477 0.015584415584415584 0.05555555555555555
2 0.487012987012987 0.5095238095238095 0.016883116883116882 0.09047619047619047
2 0.509090909090909 0.47619047619047616 0.016883116883116882 0.044444444444444446
2 0.5272727272727272 0.4666666666666667 0.02207792207792208 0.05873015873015873
2 0.5415584415584416 0.4507936507936508 0.014285714285714285 0.0380952380952381
2 0.5428571428571428 0.49682539682539684 0.011688311688311689 0.07142857142857142
2 0.5558441558441558 0.5174603174603175 0.011688311688311689 0.06190476190476191
2 0.5675324675324676 0.5650793650793651 0.015584415584415584 0.07777777777777778
2 0.561038961038961 0.6571428571428571 0.02077922077922078 0.12698412698412698
2 0.5623376623376624 0.5984126984126984 0.023376623376623377 0.06984126984126984
2 0.4948051948051948 0.6174603174603175 0.01948051948051948 0.09841269841269841
2 0.5103896103896104 0.6603174603174603 0.02077922077922078 0.10317460317460317
2 0.5025974025974026 0.7015873015873015 0.02077922077922078 0.06984126984126984
2 0.4987012987012987 0.7666666666666667 0.023376623376623377 0.12063492063492064
2 0.522077922077922 0.8476190476190476 0.024675324675324677 0.1365079365079365
2 0.5376623376623376 0.7825396825396825 0.025974025974025976 0.10634920634920635
2 0.535064935064935 0.7126984126984127 0.01948051948051948 0.08095238095238096
2 0.6012987012987013 0.8206349206349206 0.032467532467532464 0.10634920634920635
2 0.5636363636363636 0.8174603174603174 0.03506493506493506 0.0761904761904762
2 0.6181818181818182 0.9222222222222223 0.03766233766233766 0.14444444444444443
2 0.5896103896103896 0.7571428571428571 0.02857142857142857 0.11587301587301588
2 0.5805194805194805 0.6984126984126984 0.025974025974025976 0.09841269841269841
2 0.522077922077922 0.3873015873015873 0.011688311688311689 0.05873015873015873
2 0.522077922077922 0.3619047619047619 0.011688311688311689 0.04285714285714286
2 0.5207792207792208 0.3396825396825397 0.011688311688311689 0.047619047619047616
2 0.4792207792207792 0.3634920634920635 0.01038961038961039 0.05396825396825397
2 0.5012987012987012 0.35079365079365077 0.012987012987012988 0.03015873015873016
2 0.4896103896103896 0.31587301587301586 0.011688311688311689 0.050793650793650794
2 0.5012987012987012 0.33174603174603173 0.01038961038961039 0.03650793650793651
2 0.474025974025974 0.3380952380952381 0.01038961038961039 0.03968253968253968
2 0.4727272727272727 0.3126984126984127 0.00909090909090909 0.0380952380952381
2 0.4714285714285714 0.3047619047619048 0.01038961038961039 0.03333333333333333
2 0.4909090909090909 0.3 0.01038961038961039 0.031746031746031744
2 0.4896103896103896 0.3476190476190476 0.00909090909090909 0.025396825396825397
2 0.5038961038961038 0.30317460317460315 0.006493506493506494 0.03492063492063492
2 0.4987012987012987 0.2904761904761905 0.006493506493506494 0.026984126984126985
2 0.5 0.2619047619047619 0.006493506493506494 0.04126984126984127
2 0.5064935064935064 0.26825396825396824 0.00909090909090909 0.03015873015873016
2 0.509090909090909 0.29365079365079366 0.006493506493506494 0.04126984126984127
2 0.5181818181818182 0.3047619047619048 0.007792207792207792 0.031746031746031744
2 0.5207792207792208 0.2746031746031746 0.00909090909090909 0.03492063492063492
2 0.538961038961039 0.2714285714285714 0.00909090909090909 0.025396825396825397
2 0.5311688311688312 0.2968253968253968 0.007792207792207792 0.026984126984126985
2 0.5415584415584416 0.29365079365079366 0.00909090909090909 0.02857142857142857
2 0.5597402597402598 0.23809523809523808 0.007792207792207792 0.031746031746031744
2 0.5662337662337662 0.24126984126984127 0.007792207792207792 0.02857142857142857
2 0.5688311688311688 0.25873015873015875 0.00909090909090909 0.022222222222222223
2 0.5727272727272728 0.24126984126984127 0.00909090909090909 0.025396825396825397
2 0.5818181818181818 0.2698412698412698 0.00909090909090909 0.03650793650793651
2 0.5558441558441558 0.21746031746031746 0.00909090909090909 0.02857142857142857
2 0.548051948051948 0.2015873015873016 0.007792207792207792 0.03492063492063492
2 0.4753246753246753 0.20476190476190476 0.007792207792207792 0.03015873015873016
2 0.4831168831168831 0.20793650793650795 0.007792207792207792 0.03015873015873016
2 0.474025974025974 0.18253968253968253 0.006493506493506494 0.02857142857142857
2 0.4805194805194805 0.18253968253968253 0.007792207792207792 0.03015873015873016
2 0.4987012987012987 0.10634920634920635 0.005194805194805195 0.014285714285714285
2 0.5324675324675324 0.18412698412698414 0.00909090909090909 0.026984126984126985
2 0.5116883116883116 0.15873015873015872 0.005194805194805195 0.020634920634920634
2 0.5077922077922078 0.1523809523809524 0.005194805194805195 0.01904761904761905
2 0.5337662337662338 0.16666666666666666 0.006493506493506494 0.01904761904761905
2 0.5194805194805194 0.15555555555555556 0.005194805194805195 0.015873015873015872
2 0.5272727272727272 0.16031746031746033 0.005194805194805195 0.01746031746031746
2 0.5116883116883116 0.14444444444444443 0.003896103896103896 0.014285714285714285
2 0.509090909090909 0.1380952380952381 0.006493506493506494 0.015873015873015872
2 0.5142857142857142 0.14126984126984127 0.005194805194805195 0.014285714285714285
2 0.5064935064935064 0.12380952380952381 0.003896103896103896 0.015873015873015872
2 0.5025974025974026 0.11428571428571428 0.003896103896103896 0.015873015873015872
2 0.5025974025974026 0.10793650793650794 0.0025974025974025974 0.01904761904761905
2 0.5077922077922078 0.10952380952380952 0.005194805194805195 0.01904761904761905
2 0.4701298701298701 0.14285714285714285 0.003896103896103896 0.014285714285714285
1 0.4961038961038961 0.09523809523809523 0.006493506493506494 0.009523809523809525
2 0.5025974025974026 0.09523809523809523 0.0025974025974025974 0.006349206349206349
2 0.5077922077922078 0.09841269841269841 0.0025974025974025974 0.009523809523809525
2 0.5051948051948052 0.09206349206349207 0.0025974025974025974 0.007936507936507936