0 0.8194805194805195 0.7952380952380952 0.36103896103896105 0.40793650793650793
1 0.5961038961038961 0.8793650793650793 0.0987012987012987 0.24126984126984127
1 0.5428571428571428 0.5952380952380952 0.04935064935064935 0.173015873015873
1 0.6402597402597403 0.6222222222222222 0.05714285714285714 0.12857142857142856
3 0.5207792207792208 0.45555555555555555 0.053246753246753244 0.10476190476190476
3 0.6753246753246753 0.5142857142857142 0.07012987012987013 0.11746031746031746
1 0.6116883116883117 0.35873015873015873 0.048051948051948054 0.10476190476190476
1 0.5597402597402598 0.373015873015873 0.053246753246753244 0.0873015873015873
1 0.4922077922077922 0.3253968253968254 0.05844155844155844 0.10793650793650794
1 0.5 0.16825396825396827 0.016883116883116882 0.031746031746031744
1 0.4662337662337662 0.13015873015873017 0.01038961038961039 0.022222222222222223
2 0.7467532467532467 0.5888888888888889 0.02987012987012987 0.05238095238095238
2 0.712987012987013 0.5365079365079365 0.011688311688311689 0.08888888888888889
2 0.6246753246753247 0.5253968253968254 0.01948051948051948 0.06666666666666667
2 0.587012987012987 0.5174603174603175 0.023376623376623377 0.09365079365079365
2 0.6597402597402597 0.44126984126984126 0.01818181818181818 0.046031746031746035
2 0.6766233766233766 0.4365079365079365 0.012987012987012988 0.05873015873015873
2 0.487012987012987 0.38412698412698415 0.02077922077922078 0.06190476190476191
2 0.5545454545454546 0.40476190476190477 0.016883116883116882 0.06190476190476191
2 0.5597402597402598 0.44603174603174606 0.016883116883116882 0.08253968253968254
2 0.5662337662337662 0.32222222222222224 0.01948051948051948 0.044444444444444446
2 0.5103896103896104 0.29365079365079366 0.01818181818181818 0.05396825396825397
2 0.6337662337662338 0.36984126984126986 0.015584415584415584 0.06031746031746032
2 0.564935064935065 0.28888888888888886 0.011688311688311689 0.044444444444444446
2 0.5766233766233766 0.2777777777777778 0.015584415584415584 0.0380952380952381
2 0.5558441558441558 0.2365079365079365 0.01948051948051948 0.044444444444444446
2 0.5064935064935064 0.14603174603174604 0.007792207792207792 0.025396825396825397
2 0.4727272727272727 0.11587301587301588 0.007792207792207792 0.015873015873015872
2 0.4805194805194805 0.12063492063492064 0.005194805194805195 0.023809523809523808
2 0.4883116883116883 0.1111111111111111 0.011688311688311689 0.01904761904761905
2 0.5 0.11428571428571428 0.00909090909090909 0.014285714285714285
2 0.4935064935064935 0.10793650793650794 0.006493506493506494 0.01746031746031746