2 0.6012987012987013 0.9174603174603174 0.05454545454545454 0.16507936507936508
2 0.6896103896103896 0.8222222222222222 0.03766233766233766 0.10952380952380952
2 0.6961038961038961 0.7793650793650794 0.032467532467532464 0.10158730158730159
2 0.7337662337662337 0.765079365079365 0.04025974025974026 0.14603174603174604
2 0.6220779220779221 0.7825396825396825 0.03116883116883117 0.1365079365079365
2 0.577922077922078 0.7222222222222222 0.033766233766233764 0.12857142857142856
2 0.5818181818181818 0.6523809523809524 0.03116883116883117 0.12063492063492064
2 0.6220779220779221 0.6571428571428571 0.04155844155844156 0.11746031746031746
2 0.6818181818181818 0.6777777777777778 0.03636363636363636 0.11904761904761904
2 0.6532467532467533 0.626984126984127 0.032467532467532464 0.1126984126984127
2 0.574025974025974 0.5571428571428572 0.02857142857142857 0.09365079365079365
2 0.6142857142857143 0.580952380952381 0.025974025974025976 0.08571428571428572
2 0.638961038961039 0.553968253968254 0.032467532467532464 0.09206349206349207
2 0.6051948051948052 0.5365079365079365 0.02987012987012987 0.08412698412698413
2 0.5753246753246753 0.49682539682539684 0.024675324675324677 0.0873015873015873
2 0.6532467532467533 0.49047619047619045 0.024675324675324677 0.09206349206349207
2 0.5636363636363636 0.45555555555555555 0.024675324675324677 0.08412698412698413
2 0.5493506493506494 0.4174603174603175 0.023376623376623377 0.07777777777777778
2 0.5766233766233766 0.42857142857142855 0.02207792207792208 0.06984126984126984
2 0.6012987012987013 0.4634920634920635 0.016883116883116882 0.0761904761904762
2 0.6285714285714286 0.4857142857142857 0.02207792207792208 0.07777777777777778
2 0.6233766233766234 0.4492063492063492 0.02077922077922078 0.06666666666666667
2 0.6532467532467533 0.44761904761904764 0.02857142857142857 0.0761904761904762
2 0.487012987012987 0.42698412698412697 0.01818181818181818 0.0873015873015873
2 0.5168831168831168 0.40634920634920635 0.02077922077922078 0.050793650793650794
2 0.5155844155844156 0.3746031746031746 0.01818181818181818 0.044444444444444446
2 0.4818181818181818 0.373015873015873 0.01818181818181818 0.0746031746031746
2 0.5 0.3619047619047619 0.02077922077922078 0.06190476190476191
2 0.522077922077922 0.35873015873015873 0.01948051948051948 0.05873015873015873
2 0.6051948051948052 0.42857142857142855 0.01818181818181818 0.08412698412698413
2 0.6285714285714286 0.4126984126984127 0.01818181818181818 0.06031746031746032
2 0.6467532467532467 0.3968253968253968 0.01948051948051948 0.06031746031746032
2 0.6064935064935065 0.38571428571428573 0.01818181818181818 0.05396825396825397
2 0.5935064935064935 0.37777777777777777 0.014285714285714285 0.06984126984126984
2 0.6311688311688312 0.36984126984126986 0.01948051948051948 0.05555555555555555
2 0.612987012987013 0.3746031746031746 0.016883116883116882 0.06190476190476191
2 0.6168831168831169 0.34285714285714286 0.015584415584415584 0.0380952380952381
2 0.6 0.34285714285714286 0.012987012987012988 0.046031746031746035
2 0.5883116883116883 0.32063492063492066 0.014285714285714285 0.044444444444444446
2 0.5831168831168831 0.35079365079365077 0.014285714285714285 0.05396825396825397
2 0.6103896103896104 0.3238095238095238 0.012987012987012988 0.047619047619047616
2 0.5987012987012987 0.31587301587301586 0.011688311688311689 0.046031746031746035
2 0.5727272727272728 0.3253968253968254 0.007792207792207792 0.03015873015873016
2 0.5688311688311688 0.3111111111111111 0.01038961038961039 0.03492063492063492
2 0.5584415584415584 0.30952380952380953 0.014285714285714285 0.046031746031746035
2 0.5857142857142857 0.3 0.011688311688311689 0.03492063492063492
2 0.5896103896103896 0.2904761904761905 0.007792207792207792 0.026984126984126985
2 0.5415584415584416 0.28888888888888886 0.011688311688311689 0.03492063492063492
2 0.5428571428571428 0.273015873015873 0.011688311688311689 0.031746031746031744
2 0.5545454545454546 0.2777777777777778 0.014285714285714285 0.03650793650793651
2 0.5363636363636364 0.2571428571428571 0.00909090909090909 0.025396825396825397
2 0.5428571428571428 0.24285714285714285 0.01038961038961039 0.02857142857142857
2 0.5532467532467532 0.24126984126984127 0.00909090909090909 0.025396825396825397
2 0.5012987012987012 0.2761904761904762 0.01038961038961039 0.03968253968253968
2 0.4987012987012987 0.25555555555555554 0.012987012987012988 0.022222222222222223
2 0.4896103896103896 0.22857142857142856 0.01038961038961039 0.0380952380952381
2 0.461038961038961 0.22857142857142856 0.011688311688311689 0.03968253968253968
2 0.4636363636363636 0.2126984126984127 0.00909090909090909 0.023809523809523808
2 0.5363636363636364 0.23333333333333334 0.00909090909090909 0.03015873015873016
2 0.5441558441558442 0.2253968253968254 0.00909090909090909 0.025396825396825397
2 0.5623376623376624 0.22857142857142856 0.006493506493506494 0.01904761904761905
2 0.5467532467532468 0.20317460317460317 0.01038961038961039 0.026984126984126985
2 0.5233766233766234 0.22380952380952382 0.01038961038961039 0.020634920634920634
2 0.512987012987013 0.21587301587301588 0.00909090909090909 0.022222222222222223
2 0.5012987012987012 0.20793650793650795 0.00909090909090909 0.023809523809523808
2 0.4831168831168831 0.18412698412698414 0.011688311688311689 0.025396825396825397
2 0.4974025974025974 0.1984126984126984 0.00909090909090909 0.023809523809523808
2 0.538961038961039 0.19206349206349208 0.014285714285714285 0.015873015873015872
2 0.5285714285714286 0.19523809523809524 0.007792207792207792 0.022222222222222223
2 0.5337662337662338 0.17936507936507937 0.01038961038961039 0.02857142857142857
2 0.5168831168831168 0.173015873015873 0.01038961038961039 0.02857142857142857
2 0.525974025974026 0.18095238095238095 0.00909090909090909 0.026984126984126985
2 0.5272727272727272 0.1619047619047619 0.00909090909090909 0.025396825396825397
2 0.5077922077922078 0.16031746031746033 0.00909090909090909 0.02857142857142857
2 0.5181818181818182 0.1523809523809524 0.00909090909090909 0.023809523809523808
2 0.4727272727272727 0.1365079365079365 0.007792207792207792 0.026984126984126985
2 0.4844155844155844 0.1619047619047619 0.011688311688311689 0.026984126984126985
2 0.5142857142857142 0.1380952380952381 0.006493506493506494 0.022222222222222223
2 0.4948051948051948 0.13333333333333333 0.011688311688311689 0.02857142857142857
2 0.4909090909090909 0.11746031746031746 0.007792207792207792 0.023809523809523808
2 0.4727272727272727 0.11904761904761904 0.00909090909090909 0.022222222222222223
1 0.7 0.9317460317460318 0.1012987012987013 0.1349206349206349
1 0.8207792207792208 0.861904761904762 0.15064935064935064 0.2761904761904762
1 0.525974025974026 0.6079365079365079 0.06883116883116883 0.1761904761904762
1 0.7012987012987013 0.5682539682539682 0.09220779220779221 0.16507936507936508
1 0.5207792207792208 0.46825396825396826 0.05194805194805195 0.10634920634920635
1 0.5636363636363636 0.37142857142857144 0.046753246753246755 0.09365079365079365
1 0.5311688311688312 0.3111111111111111 0.03636363636363636 0.0746031746031746
1 0.4896103896103896 0.3126984126984127 0.04415584415584416 0.08095238095238096
1 0.5714285714285714 0.2650793650793651 0.02857142857142857 0.047619047619047616
1 0.4857142857142857 0.2650793650793651 0.03116883116883117 0.03333333333333333
1 0.4753246753246753 0.25396825396825395 0.024675324675324677 0.03968253968253968
1 0.4753246753246753 0.22380952380952382 0.023376623376623377 0.03492063492063492
3 0.522077922077922 0.2650793650793651 0.033766233766233764 0.0873015873015873
1 0.5038961038961038 0.23174603174603176 0.024675324675324677 0.046031746031746035
1 0.4857142857142857 0.2015873015873016 0.01948051948051948 0.04126984126984127
1 0.4688311688311688 0.19523809523809524 0.01818181818181818 0.04126984126984127
1 0.4649350649350649 0.1873015873015873 0.01948051948051948 0.03650793650793651
1 0.5155844155844156 0.19206349206349208 0.01948051948051948 0.026984126984126985
1 0.5337662337662338 0.20952380952380953 0.02077922077922078 0.03333333333333333
1 0.5 0.18095238095238095 0.016883116883116882 0.023809523809523808
1 0.4987012987012987 0.16666666666666666 0.023376623376623377 0.023809523809523808
1 0.4649350649350649 0.16031746031746033 0.02207792207792208 0.023809523809523808
1 0.4649350649350649 0.14761904761904762 0.01948051948051948 0.023809523809523808
1 0.4662337662337662 0.1380952380952381 0.01818181818181818 0.026984126984126985
1 0.4649350649350649 0.12857142857142856 0.014285714285714285 0.022222222222222223
1 0.4636363636363636 0.10952380952380952 0.014285714285714285 0.022222222222222223
1 0.4688311688311688 0.10317460317460317 0.012987012987012988 0.012698412698412698
1 0.4961038961038961 0.15396825396825398 0.01948051948051948 0.01904761904761905
1 0.4909090909090909 0.14444444444444443 0.01818181818181818 0.01904761904761905
1 0.4844155844155844 0.1380952380952381 0.012987012987012988 0.026984126984126985
1 0.4831168831168831 0.12698412698412698 0.014285714285714285 0.020634920634920634
1 0.4831168831168831 0.12380952380952381 0.014285714285714285 0.01746031746031746
1 0.4831168831168831 0.1126984126984127 0.014285714285714285 0.007936507936507936
1 0.4857142857142857 0.10952380952380952 0.01038961038961039 0.01746031746031746
0 0.5038961038961038 0.11746031746031746 0.02207792207792208 0.044444444444444446
3 0.474025974025974 0.09365079365079365 0.012987012987012988 0.015873015873015872
1 0.487012987012987 0.09365079365079365 0.01038961038961039 0.014285714285714285