2 0.8467532467532467 0.9476190476190476 0.06493506493506493 0.10317460317460317
2 0.6168831168831169 0.6063492063492063 0.05584415584415584 0.10952380952380952
2 0.5532467532467532 0.33650793650793653 0.03636363636363636 0.09047619047619047
2 0.4909090909090909 0.20476190476190476 0.01818181818181818 0.03333333333333333
2 0.5168831168831168 0.20634920634920634 0.015584415584415584 0.04285714285714286
2 0.4584415584415584 0.1873015873015873 0.023376623376623377 0.031746031746031744
2 0.4662337662337662 0.15873015873015872 0.012987012987012988 0.025396825396825397
2 0.4935064935064935 0.1619047619047619 0.011688311688311689 0.02857142857142857
2 0.4766233766233766 0.13968253968253969 0.00909090909090909 0.03015873015873016
2 0.4701298701298701 0.11904761904761904 0.007792207792207792 0.015873015873015872
2 0.45324675324675323 0.09682539682539683 0.006493506493506494 0.011111111111111112
2 0.4636363636363636 0.1 0.007792207792207792 0.011111111111111112
2 0.4701298701298701 0.10158730158730159 0.00909090909090909 0.014285714285714285
3 0.44545454545454544 0.08412698412698413 0.011688311688311689 0.023809523809523808
2 0.461038961038961 0.08888888888888889 0.005194805194805195 0.009523809523809525
2 0.4675324675324675 0.08253968253968254 0.006493506493506494 0.012698412698412698
1 0.4831168831168831 0.273015873015873 0.04025974025974026 0.05873015873015873