2 0.9467532467532468 0.9619047619047619 0.05454545454545454 0.0761904761904762
2 0.8727272727272727 0.9507936507936507 0.033766233766233764 0.09841269841269841
2 0.8909090909090909 0.9301587301587302 0.03116883116883117 0.13968253968253969
2 0.8623376623376623 0.8555555555555555 0.04025974025974026 0.12063492063492064
2 0.8155844155844156 0.7761904761904762 0.03506493506493506 0.12222222222222222
2 0.787012987012987 0.6936507936507936 0.03766233766233766 0.09682539682539683
2 0.7246753246753247 0.5936507936507937 0.02987012987012987 0.03968253968253968
2 0.6974025974025974 0.6 0.02727272727272727 0.08888888888888889
2 0.6805194805194805 0.6158730158730159 0.025974025974025976 0.04126984126984127
2 0.6558441558441559 0.5857142857142857 0.03506493506493506 0.08253968253968254
2 0.7103896103896103 0.5603174603174603 0.02207792207792208 0.07301587301587302
2 0.7285714285714285 0.5301587301587302 0.02727272727272727 0.08888888888888889
2 0.6883116883116883 0.5253968253968254 0.023376623376623377 0.06507936507936508
2 0.6779220779220779 0.48412698412698413 0.02727272727272727 0.06031746031746032
2 0.6194805194805195 0.46984126984126984 0.01948051948051948 0.049206349206349205
2 0.6480519480519481 0.46190476190476193 0.015584415584415584 0.0380952380952381
2 0.6415584415584416 0.4380952380952381 0.01818181818181818 0.03650793650793651
2 0.6441558441558441 0.4174603174603175 0.011688311688311689 0.04285714285714286
2 0.6272727272727273 0.44603174603174606 0.016883116883116882 0.047619047619047616
2 0.6038961038961039 0.4492063492063492 0.016883116883116882 0.06984126984126984
2 0.6116883116883117 0.4111111111111111 0.01948051948051948 0.04285714285714286
2 0.6285714285714286 0.4031746031746032 0.014285714285714285 0.044444444444444446
2 0.6168831168831169 0.37777777777777777 0.014285714285714285 0.046031746031746035
2 0.5935064935064935 0.373015873015873 0.012987012987012988 0.05873015873015873
2 0.6090909090909091 0.36507936507936506 0.014285714285714285 0.05555555555555555
2 0.6 0.3380952380952381 0.012987012987012988 0.05714285714285714
2 0.5909090909090909 0.3396825396825397 0.015584415584415584 0.03492063492063492
2 0.5844155844155844 0.3238095238095238 0.012987012987012988 0.03650793650793651
2 0.5844155844155844 0.3047619047619048 0.014285714285714285 0.03015873015873016
2 0.5714285714285714 0.319047619047619 0.014285714285714285 0.020634920634920634
2 0.5675324675324676 0.3 0.011688311688311689 0.031746031746031744
2 0.5766233766233766 0.30317460317460315 0.012987012987012988 0.05396825396825397
2 0.561038961038961 0.29365079365079366 0.012987012987012988 0.0380952380952381
2 0.5636363636363636 0.2777777777777778 0.014285714285714285 0.03968253968253968
2 0.5441558441558442 0.26031746031746034 0.01038961038961039 0.026984126984126985
2 0.5506493506493506 0.25396825396825395 0.00909090909090909 0.03968253968253968
2 0.5363636363636364 0.25555555555555554 0.01038961038961039 0.046031746031746035
2 0.5311688311688312 0.2365079365079365 0.011688311688311689 0.047619047619047616
2 0.45714285714285713 0.5523809523809524 0.02077922077922078 0.10476190476190476
2 0.461038961038961 0.5015873015873016 0.01818181818181818 0.0746031746031746
2 0.5155844155844156 0.46984126984126984 0.02077922077922078 0.06190476190476191
2 0.45324675324675323 0.3904761904761905 0.016883116883116882 0.06190476190476191
2 0.5155844155844156 0.19682539682539682 0.015584415584415584 0.031746031746031744
2 0.461038961038961 0.19206349206349208 0.007792207792207792 0.03968253968253968
2 0.45194805194805193 0.15396825396825398 0.01038961038961039 0.026984126984126985
2 0.4662337662337662 0.1619047619047619 0.01038961038961039 0.03333333333333333
2 0.4753246753246753 0.15873015873015872 0.005194805194805195 0.03333333333333333
2 0.4844155844155844 0.1492063492063492 0.01038961038961039 0.022222222222222223
2 0.4935064935064935 0.1619047619047619 0.007792207792207792 0.03015873015873016
2 0.4597402597402597 0.1253968253968254 0.007792207792207792 0.023809523809523808
2 0.4688311688311688 0.10476190476190476 0.007792207792207792 0.01904761904761905
2 0.4675324675324675 0.09523809523809523 0.003896103896103896 0.014285714285714285
2 0.45714285714285713 0.09206349206349207 0.005194805194805195 0.015873015873015872
2 0.42987012987012985 0.09841269841269841 0.006493506493506494 0.011111111111111112
2 0.45714285714285713 0.07936507936507936 0.006493506493506494 0.012698412698412698
2 0.461038961038961 0.08095238095238096 0.0025974025974025974 0.022222222222222223
2 0.4714285714285714 0.0761904761904762 0.007792207792207792 0.014285714285714285
1 0.6038961038961039 0.5619047619047619 0.07012987012987013 0.15396825396825398
1 0.638961038961039 0.7 0.05844155844155844 0.16825396825396827
1 0.7519480519480519 0.6968253968253968 0.09350649350649351 0.18571428571428572
1 0.6480519480519481 0.5333333333333333 0.06753246753246753 0.15396825396825398
1 0.5558441558441558 0.44761904761904764 0.06233766233766234 0.1126984126984127
1 0.5662337662337662 0.3746031746031746 0.05974025974025974 0.10476190476190476
1 0.5441558441558442 0.31746031746031744 0.046753246753246755 0.08095238095238096
1 0.5064935064935064 0.38412698412698415 0.05454545454545454 0.08571428571428572
1 0.4792207792207792 0.4253968253968254 0.05064935064935065 0.13174603174603175
1 0.5051948051948052 0.3253968253968254 0.03636363636363636 0.07301587301587302
1 0.461038961038961 0.32063492063492066 0.03766233766233766 0.09365079365079365
1 0.5116883116883116 0.26666666666666666 0.02727272727272727 0.05555555555555555
1 0.5116883116883116 0.2365079365079365 0.02207792207792208 0.03650793650793651
1 0.45714285714285713 0.273015873015873 0.032467532467532464 0.05555555555555555
1 0.44415584415584414 0.24761904761904763 0.02727272727272727 0.05396825396825397
1 0.4792207792207792 0.24126984126984127 0.025974025974025976 0.05396825396825397
1 0.4961038961038961 0.21746031746031746 0.02857142857142857 0.03968253968253968
1 0.4883116883116883 0.19523809523809524 0.025974025974025976 0.04285714285714286
1 0.44285714285714284 0.2111111111111111 0.024675324675324677 0.044444444444444446
1 0.43896103896103894 0.16984126984126985 0.01818181818181818 0.04126984126984127
1 0.43246753246753245 0.13174603174603175 0.016883116883116882 0.026984126984126985
1 0.44545454545454544 0.09523809523809523 0.012987012987012988 0.01746031746031746
1 0.44805194805194803 0.08253968253968254 0.01038961038961039 0.011111111111111112
3 0.5532467532467532 0.746031746031746 0.16233766233766234 0.5063492063492063
3 0.7441558441558441 0.8126984126984127 0.21688311688311687 0.373015873015873