2 0.6142857142857143 0.9317460317460318 0.04415584415584416 0.1349206349206349
2 0.5688311688311688 0.9634920634920635 0.03766233766233766 0.07142857142857142
2 0.5311688311688312 0.4746031746031746 0.024675324675324677 0.09682539682539683
2 0.522077922077922 0.37142857142857144 0.024675324675324677 0.08095238095238096
3 0.6155844155844156 0.5111111111111111 0.07012987012987013 0.23809523809523808
2 0.6376623376623377 0.3968253968253968 0.016883116883116882 0.05396825396825397
2 0.6220779220779221 0.3619047619047619 0.014285714285714285 0.05555555555555555
2 0.5012987012987012 0.23015873015873015 0.01038961038961039 0.0380952380952381
2 0.551948051948052 0.25555555555555554 0.012987012987012988 0.04126984126984127
2 0.5324675324675324 0.2222222222222222 0.012987012987012988 0.04126984126984127
2 0.5493506493506494 0.21587301587301588 0.01038961038961039 0.04285714285714286
2 0.4961038961038961 0.2 0.012987012987012988 0.03492063492063492
2 0.5246753246753246 0.17777777777777778 0.01038961038961039 0.03333333333333333
3 0.4779220779220779 0.10317460317460317 0.011688311688311689 0.050793650793650794
3 0.4961038961038961 0.08888888888888889 0.01038961038961039 0.031746031746031744
3 0.5766233766233766 0.3761904761904762 0.046753246753246755 0.16031746031746033
1 0.6701298701298701 0.48412698412698413 0.046753246753246755 0.10317460317460317
1 0.6662337662337663 0.707936507936508 0.07402597402597402 0.18412698412698414
1 0.7142857142857143 0.8888888888888888 0.09480519480519481 0.2222222222222222