1 0.5116883116883116 0.17142857142857143 0.01948051948051948 0.047619047619047616
1 0.5792207792207792 0.3 0.03766233766233766 0.0761904761904762
1 0.5987012987012987 0.9285714285714286 0.10649350649350649 0.14285714285714285
1 0.6896103896103896 0.7984126984126985 0.12077922077922078 0.2634920634920635
3 0.7961038961038961 0.9063492063492063 0.15584415584415584 0.18571428571428572
3 0.5324675324675324 0.5476190476190477 0.07532467532467532 0.2365079365079365
2 0.5012987012987012 0.10476190476190476 0.01038961038961039 0.01746031746031746
2 0.5155844155844156 0.36666666666666664 0.024675324675324677 0.07936507936507936
2 0.6675324675324675 0.46825396825396826 0.02207792207792208 0.07301587301587302
2 0.6714285714285714 0.580952380952381 0.02987012987012987 0.1111111111111111
2 0.7363636363636363 0.6174603174603175 0.02857142857142857 0.12063492063492064
2 0.874025974025974 0.9412698412698413 0.04415584415584416 0.11746031746031746