3 0.6909090909090909 0.8825396825396825 0.15454545454545454 0.23492063492063492
3 0.8597402597402597 0.8952380952380953 0.18701298701298702 0.20952380952380953
3 0.6207792207792208 0.6730158730158731 0.16623376623376623 0.44126984126984126
3 0.6376623376623377 0.42063492063492064 0.06493506493506493 0.14603174603174604
2 0.5441558441558442 0.9380952380952381 0.053246753246753244 0.12222222222222222
1 0.7571428571428571 0.8158730158730159 0.1012987012987013 0.2523809523809524
2 0.7701298701298701 0.7253968253968254 0.02857142857142857 0.1
2 0.8298701298701299 0.7968253968253968 0.032467532467532464 0.046031746031746035
2 0.8623376623376623 0.7888888888888889 0.02987012987012987 0.06984126984126984
2 0.8155844155844156 0.7238095238095238 0.03766233766233766 0.10158730158730159
2 0.4948051948051948 0.573015873015873 0.02207792207792208 0.09841269841269841
2 0.6974025974025974 0.5 0.016883116883116882 0.0873015873015873
1 0.6467532467532467 0.5238095238095238 0.07142857142857142 0.1253968253968254
2 0.6792207792207792 0.4603174603174603 0.02207792207792208 0.07301587301587302
1 0.5246753246753246 0.5206349206349207 0.07532467532467532 0.13968253968253969
2 0.5376623376623376 0.4650793650793651 0.02727272727272727 0.07301587301587302
2 0.4857142857142857 0.45555555555555555 0.02077922077922078 0.06190476190476191
2 0.5025974025974026 0.4507936507936508 0.012987012987012988 0.03968253968253968
2 0.5272727272727272 0.4253968253968254 0.016883116883116882 0.05396825396825397
1 0.5025974025974026 0.37777777777777777 0.04025974025974026 0.08412698412698413
2 0.5376623376623376 0.37142857142857144 0.016883116883116882 0.05396825396825397
2 0.5324675324675324 0.33650793650793653 0.01948051948051948 0.03968253968253968
1 0.5766233766233766 0.4253968253968254 0.05454545454545454 0.08095238095238096
1 0.5727272727272728 0.3682539682539683 0.048051948051948054 0.09682539682539683
2 0.5831168831168831 0.3952380952380952 0.02077922077922078 0.03333333333333333
2 0.5753246753246753 0.3 0.015584415584415584 0.050793650793650794
1 0.5415584415584416 0.2523809523809524 0.03636363636363636 0.06825396825396825
2 0.577922077922078 0.2746031746031746 0.01038961038961039 0.031746031746031744
2 0.5636363636363636 0.2650793650793651 0.014285714285714285 0.046031746031746035
0 0.4987012987012987 0.2761904761904762 0.06493506493506493 0.16031746031746033
2 0.522077922077922 0.27936507936507937 0.016883116883116882 0.0380952380952381
2 0.5675324675324676 0.2523809523809524 0.007792207792207792 0.026984126984126985
2 0.5922077922077922 0.30158730158730157 0.01038961038961039 0.03968253968253968
2 0.5935064935064935 0.3349206349206349 0.007792207792207792 0.026984126984126985
2 0.6025974025974026 0.30952380952380953 0.00909090909090909 0.04285714285714286
2 0.4649350649350649 0.31587301587301586 0.016883116883116882 0.06984126984126984
2 0.4779220779220779 0.1873015873015873 0.011688311688311689 0.026984126984126985
2 0.5103896103896104 0.21587301587301588 0.011688311688311689 0.03650793650793651
2 0.5376623376623376 0.2 0.006493506493506494 0.026984126984126985
2 0.5285714285714286 0.19365079365079366 0.007792207792207792 0.025396825396825397
2 0.5246753246753246 0.17777777777777778 0.00909090909090909 0.025396825396825397
2 0.5181818181818182 0.1619047619047619 0.006493506493506494 0.01746031746031746
2 0.5 0.1523809523809524 0.005194805194805195 0.01904761904761905
1 0.4857142857142857 0.13174603174603175 0.016883116883116882 0.03492063492063492
2 0.5051948051948052 0.13968253968253969 0.005194805194805195 0.015873015873015872
3 0.4727272727272727 0.10317460317460317 0.023376623376623377 0.04285714285714286
2 0.5 0.12222222222222222 0.005194805194805195 0.012698412698412698
2 0.4662337662337662 0.1380952380952381 0.00909090909090909 0.026984126984126985
2 0.4714285714285714 0.13968253968253969 0.005194805194805195 0.025396825396825397
2 0.4883116883116883 0.1111111111111111 0.006493506493506494 0.01746031746031746
2 0.4948051948051948 0.10793650793650794 0.0012987012987012987 0.01904761904761905
2 0.4961038961038961 0.09206349206349207 0.005194805194805195 0.012698412698412698
2 0.5038961038961038 0.09206349206349207 0.005194805194805195 0.015873015873015872
1 0.6909090909090909 0.6396825396825396 0.06623376623376623 0.1761904761904762