2 0.487012987012987 0.5555555555555556 0.03506493506493506 0.11587301587301588
2 0.5467532467532468 0.5476190476190477 0.02727272727272727 0.11587301587301588
2 0.5506493506493506 0.49206349206349204 0.03116883116883117 0.08412698412698413
2 0.7168831168831169 0.6111111111111112 0.033766233766233764 0.12857142857142856
2 0.6272727272727273 0.42698412698412697 0.01818181818181818 0.07777777777777778
2 0.5987012987012987 0.3825396825396825 0.02727272727272727 0.08253968253968254
2 0.5623376623376624 0.38095238095238093 0.03896103896103896 0.0761904761904762
2 0.5792207792207792 0.32857142857142857 0.024675324675324677 0.06666666666666667
2 0.5051948051948052 0.2968253968253968 0.024675324675324677 0.06190476190476191
2 0.5324675324675324 0.23492063492063492 0.01818181818181818 0.05873015873015873
2 0.512987012987013 0.24603174603174602 0.015584415584415584 0.044444444444444446
2 0.4987012987012987 0.2253968253968254 0.015584415584415584 0.049206349206349205
2 0.5116883116883116 0.19206349206349208 0.016883116883116882 0.046031746031746035
2 0.4935064935064935 0.16825396825396827 0.011688311688311689 0.03650793650793651
2 0.4766233766233766 0.13174603174603175 0.014285714285714285 0.03492063492063492
2 0.45324675324675323 0.10317460317460317 0.014285714285714285 0.03492063492063492
2 0.4675324675324675 0.09206349206349207 0.00909090909090909 0.023809523809523808
1 0.5298701298701298 0.707936507936508 0.09090909090909091 0.22063492063492063
1 0.7077922077922078 0.9095238095238095 0.15844155844155844 0.18095238095238095
1 0.45324675324675323 0.19206349206349208 0.023376623376623377 0.049206349206349205
3 0.6454545454545455 0.6666666666666666 0.12597402597402596 0.3126984126984127