1 0.6493506493506493 0.6730158730158731 0.09090909090909091 0.1984126984126984
1 0.6350649350649351 0.4650793650793651 0.07142857142857142 0.10952380952380952
1 0.5415584415584416 0.326984126984127 0.05064935064935065 0.08571428571428572
2 0.4701298701298701 0.15555555555555556 0.024675324675324677 0.01904761904761905
2 0.4701298701298701 0.1380952380952381 0.015584415584415584 0.01746031746031746
2 0.4909090909090909 0.10793650793650794 0.01038961038961039 0.015873015873015872
2 0.4896103896103896 0.09523809523809523 0.006493506493506494 0.011111111111111112
1 0.5 0.1 0.007792207792207792 0.011111111111111112
2 0.4922077922077922 0.19365079365079366 0.02077922077922078 0.03650793650793651
2 0.4961038961038961 0.173015873015873 0.01038961038961039 0.022222222222222223
2 0.4961038961038961 0.1523809523809524 0.014285714285714285 0.01746031746031746
2 0.5168831168831168 0.2111111111111111 0.011688311688311689 0.02857142857142857
2 0.5428571428571428 0.2507936507936508 0.024675324675324677 0.03015873015873016
2 0.5441558441558442 0.2222222222222222 0.01948051948051948 0.0380952380952381
2 0.535064935064935 0.5984126984126984 0.07922077922077922 0.16666666666666666