2 0.8272727272727273 0.9777777777777777 0.045454545454545456 0.044444444444444446
1 0.5766233766233766 0.846031746031746 0.12337662337662338 0.2650793650793651
2 0.525974025974026 0.9634920634920635 0.046753246753246755 0.07301587301587302
1 0.7103896103896103 0.8746031746031746 0.11948051948051948 0.23492063492063492
2 0.7532467532467533 0.8301587301587302 0.04155844155844156 0.1619047619047619
2 0.7298701298701299 0.6492063492063492 0.04155844155844156 0.14285714285714285
2 0.638961038961039 0.4777777777777778 0.03506493506493506 0.11746031746031746
2 0.5623376623376624 0.27936507936507937 0.03116883116883117 0.09365079365079365
2 0.5142857142857142 0.23492063492063492 0.02987012987012987 0.06984126984126984
2 0.4974025974025974 0.18253968253968253 0.007792207792207792 0.025396825396825397
2 0.5025974025974026 0.15396825396825398 0.025974025974025976 0.020634920634920634
1 0.6272727272727273 0.6857142857142857 0.09350649350649351 0.2111111111111111
1 0.5441558441558442 0.6285714285714286 0.09610389610389611 0.21587301587301588