2 0.8558441558441559 0.9555555555555556 0.053246753246753244 0.08888888888888889
2 0.8337662337662337 0.8412698412698413 0.045454545454545456 0.15396825396825398
2 0.7805194805194805 0.8793650793650793 0.053246753246753244 0.1873015873015873
2 0.7558441558441559 0.7253968253968254 0.03896103896103896 0.12698412698412698
2 0.7623376623376623 0.653968253968254 0.03636363636363636 0.13968253968253969
2 0.6454545454545455 0.7793650793650794 0.03636363636363636 0.15396825396825398
2 0.577922077922078 0.7428571428571429 0.04025974025974026 0.16984126984126985
2 0.5116883116883116 0.8174603174603174 0.045454545454545456 0.16666666666666666
2 0.5844155844155844 0.6142857142857143 0.02727272727272727 0.10793650793650794
2 0.7038961038961039 0.5857142857142857 0.023376623376623377 0.11587301587301588
2 0.5831168831168831 0.5301587301587302 0.025974025974025976 0.0873015873015873
2 0.6025974025974026 0.5174603174603175 0.02987012987012987 0.10793650793650794
1 0.6428571428571429 0.45555555555555555 0.05454545454545454 0.1126984126984127
2 0.6155844155844156 0.3746031746031746 0.011688311688311689 0.06507936507936508
2 0.6376623376623377 0.39206349206349206 0.014285714285714285 0.03968253968253968
2 0.564935064935065 0.46984126984126984 0.016883116883116882 0.08253968253968254
1 0.5272727272727272 0.5158730158730159 0.05584415584415584 0.11746031746031746
2 0.5506493506493506 0.43333333333333335 0.016883116883116882 0.06190476190476191
2 0.522077922077922 0.42698412698412697 0.02077922077922078 0.06349206349206349
2 0.4935064935064935 0.44126984126984126 0.01948051948051948 0.08095238095238096
2 0.4909090909090909 0.3952380952380952 0.02077922077922078 0.049206349206349205
2 0.5415584415584416 0.4031746031746032 0.014285714285714285 0.06349206349206349
2 0.4779220779220779 0.35714285714285715 0.014285714285714285 0.05714285714285714
2 0.4779220779220779 0.3253968253968254 0.014285714285714285 0.03492063492063492
2 0.5402597402597402 0.3603174603174603 0.014285714285714285 0.05555555555555555
2 0.5493506493506494 0.37142857142857144 0.014285714285714285 0.05714285714285714
2 0.5532467532467532 0.3476190476190476 0.016883116883116882 0.047619047619047616
2 0.5363636363636364 0.33174603174603173 0.015584415584415584 0.047619047619047616
2 0.5285714285714286 0.30952380952380953 0.012987012987012988 0.05396825396825397
2 0.5142857142857142 0.29523809523809524 0.014285714285714285 0.046031746031746035
1 0.5805194805194805 0.40793650793650793 0.05194805194805195 0.10476190476190476
2 0.6025974025974026 0.3825396825396825 0.011688311688311689 0.05396825396825397
2 0.5883116883116883 0.35555555555555557 0.01818181818181818 0.050793650793650794
2 0.6012987012987013 0.346031746031746 0.01038961038961039 0.049206349206349205
2 0.6207792207792208 0.3476190476190476 0.012987012987012988 0.049206349206349205
2 0.5714285714285714 0.35079365079365077 0.011688311688311689 0.022222222222222223
2 0.5675324675324676 0.32857142857142857 0.015584415584415584 0.050793650793650794
2 0.5896103896103896 0.32857142857142857 0.011688311688311689 0.046031746031746035
2 0.6103896103896104 0.3253968253968254 0.015584415584415584 0.05396825396825397
2 0.5987012987012987 0.3047619047619048 0.007792207792207792 0.04126984126984127
2 0.5844155844155844 0.30634920634920637 0.011688311688311689 0.04126984126984127
1 0.5545454545454546 0.2968253968253968 0.02857142857142857 0.06507936507936508
2 0.5493506493506494 0.32063492063492066 0.01038961038961039 0.031746031746031744
2 0.5467532467532468 0.30158730158730157 0.01038961038961039 0.015873015873015872
2 0.5727272727272728 0.28095238095238095 0.007792207792207792 0.03968253968253968
2 0.5714285714285714 0.2619047619047619 0.007792207792207792 0.031746031746031744
2 0.5857142857142857 0.26825396825396824 0.00909090909090909 0.026984126984126985
2 0.5935064935064935 0.26825396825396824 0.00909090909090909 0.03492063492063492
2 0.561038961038961 0.2650793650793651 0.006493506493506494 0.022222222222222223
2 0.5597402597402598 0.24444444444444444 0.00909090909090909 0.03650793650793651
2 0.5662337662337662 0.25555555555555554 0.006493506493506494 0.020634920634920634
2 0.5467532467532468 0.24444444444444444 0.01038961038961039 0.03492063492063492
1 0.5298701298701298 0.22380952380952382 0.02207792207792208 0.03968253968253968
2 0.5441558441558442 0.2222222222222222 0.01038961038961039 0.031746031746031744
2 0.5558441558441558 0.22698412698412698 0.005194805194805195 0.020634920634920634
2 0.5558441558441558 0.20793650793650795 0.00909090909090909 0.01904761904761905
2 0.5441558441558442 0.20317460317460317 0.006493506493506494 0.015873015873015872
1 0.5051948051948052 0.23333333333333334 0.02207792207792208 0.04285714285714286
2 0.5116883116883116 0.2111111111111111 0.00909090909090909 0.022222222222222223
2 0.5194805194805194 0.19365079365079366 0.006493506493506494 0.020634920634920634
2 0.525974025974026 0.1984126984126984 0.003896103896103896 0.011111111111111112
2 0.5298701298701298 0.18095238095238095 0.006493506493506494 0.011111111111111112
2 0.535064935064935 0.18253968253968253 0.006493506493506494 0.01904761904761905
2 0.5363636363636364 0.1984126984126984 0.006493506493506494 0.014285714285714285
1 0.474025974025974 0.21746031746031746 0.023376623376623377 0.046031746031746035
2 0.4844155844155844 0.2111111111111111 0.007792207792207792 0.031746031746031744
2 0.4909090909090909 0.2126984126984127 0.005194805194805195 0.031746031746031744
2 0.4987012987012987 0.19682539682539682 0.006493506493506494 0.02857142857142857
2 0.5038961038961038 0.2015873015873016 0.007792207792207792 0.015873015873015872
1 0.4701298701298701 0.20317460317460317 0.02207792207792208 0.03015873015873016
1 0.4675324675324675 0.18888888888888888 0.01948051948051948 0.023809523809523808
2 0.4805194805194805 0.19365079365079366 0.00909090909090909 0.01746031746031746
2 0.4896103896103896 0.19047619047619047 0.007792207792207792 0.025396825396825397
2 0.5207792207792208 0.16984126984126985 0.006493506493506494 0.01904761904761905
1 0.4883116883116883 0.1619047619047619 0.016883116883116882 0.023809523809523808
2 0.4844155844155844 0.16825396825396827 0.005194805194805195 0.014285714285714285
2 0.45194805194805193 0.1365079365079365 0.003896103896103896 0.015873015873015872
1 0.4857142857142857 0.14126984126984127 0.01038961038961039 0.011111111111111112
1 0.4844155844155844 0.13015873015873017 0.014285714285714285 0.014285714285714285
2 0.4922077922077922 0.13015873015873017 0.003896103896103896 0.012698412698412698
3 0.4701298701298701 0.15079365079365079 0.024675324675324677 0.06349206349206349
1 0.4623376623376623 0.11587301587301588 0.011688311688311689 0.0031746031746031746
1 0.4675324675324675 0.10793650793650794 0.00909090909090909 0.007936507936507936
2 0.4766233766233766 0.10952380952380952 0.0025974025974025974 0.006349206349206349
1 0.4766233766233766 0.10158730158730159 0.00909090909090909 0.007936507936507936
1 0.4857142857142857 0.12380952380952381 0.00909090909090909 0.004761904761904762
1 0.4844155844155844 0.11746031746031746 0.011688311688311689 0.006349206349206349
1 0.4844155844155844 0.1126984126984127 0.01038961038961039 0.004761904761904762
1 0.4831168831168831 0.10793650793650794 0.006493506493506494 0.006349206349206349
2 0.4805194805194805 0.09682539682539683 0.003896103896103896 0.007936507936507936
1 0.4974025974025974 0.11746031746031746 0.007792207792207792 0.014285714285714285
1 0.4974025974025974 0.10952380952380952 0.007792207792207792 0.012698412698412698
1 0.5012987012987012 0.11428571428571428 0.006493506493506494 0.011111111111111112
2 0.5051948051948052 0.1126984126984127 0.0025974025974025974 0.014285714285714285
2 0.509090909090909 0.1 0.0025974025974025974 0.009523809523809525
2 0.5298701298701298 0.16507936507936508 0.003896103896103896 0.014285714285714285
1 0.4948051948051948 0.16825396825396827 0.012987012987012988 0.026984126984126985
1 0.5077922077922078 0.18412698412698414 0.014285714285714285 0.026984126984126985
1 0.5051948051948052 0.1746031746031746 0.014285714285714285 0.025396825396825397
0 0.5142857142857142 0.14761904761904762 0.025974025974025976 0.050793650793650794
2 0.5012987012987012 0.15714285714285714 0.003896103896103896 0.009523809523809525
2 0.4961038961038961 0.14761904761904762 0.005194805194805195 0.012698412698412698
1 0.4896103896103896 0.10793650793650794 0.006493506493506494 0.012698412698412698
1 0.4948051948051948 0.10158730158730159 0.007792207792207792 0.007936507936507936
1 0.487012987012987 0.09523809523809523 0.006493506493506494 0.009523809523809525
1 0.4948051948051948 0.09206349206349207 0.006493506493506494 0.009523809523809525
1 0.5 0.09682539682539683 0.007792207792207792 0.006349206349206349
1 0.5025974025974026 0.09206349206349207 0.00909090909090909 0.009523809523809525
1 0.4883116883116883 0.08888888888888889 0.006493506493506494 0.007936507936507936
1 0.5103896103896104 0.09206349206349207 0.01038961038961039 0.007936507936507936
1 0.4987012987012987 0.1365079365079365 0.006493506493506494 0.014285714285714285
1 0.4649350649350649 0.1761904761904762 0.02207792207792208 0.025396825396825397
1 0.5324675324675324 0.2619047619047619 0.023376623376623377 0.05238095238095238
1 0.4857142857142857 0.2841269841269841 0.024675324675324677 0.05873015873015873
1 0.4805194805194805 0.2571428571428571 0.02727272727272727 0.044444444444444446
1 0.5 0.31587301587301586 0.02987012987012987 0.05714285714285714
1 0.5103896103896104 0.35873015873015873 0.033766233766233764 0.0746031746031746
1 0.6532467532467533 0.6015873015873016 0.07142857142857142 0.1634920634920635
1 0.7194805194805195 0.9158730158730158 0.12597402597402596 0.16825396825396827