1 0.5467532467532468 0.7952380952380952 0.09480519480519481 0.19365079365079366
1 0.5298701298701298 0.3952380952380952 0.033766233766233764 0.06666666666666667
1 0.4987012987012987 0.3349206349206349 0.02727272727272727 0.06825396825396825
2 0.7363636363636363 0.8285714285714286 0.03636363636363636 0.1380952380952381
2 0.7181818181818181 0.6523809523809524 0.03506493506493506 0.10952380952380952
2 0.6948051948051948 0.5603174603174603 0.03116883116883117 0.08412698412698413
2 0.6428571428571429 0.4444444444444444 0.02987012987012987 0.08888888888888889
2 0.6181818181818182 0.3888888888888889 0.016883116883116882 0.06507936507936508
2 0.5805194805194805 0.4936507936507937 0.02727272727272727 0.09365079365079365
2 0.5701298701298702 0.3142857142857143 0.016883116883116882 0.05396825396825397
2 0.551948051948052 0.29365079365079366 0.01948051948051948 0.05238095238095238
2 0.5415584415584416 0.25873015873015875 0.012987012987012988 0.04285714285714286
2 0.5545454545454546 0.24761904761904763 0.012987012987012988 0.047619047619047616
2 0.5337662337662338 0.22698412698412698 0.012987012987012988 0.03492063492063492
2 0.538961038961039 0.20793650793650795 0.015584415584415584 0.03650793650793651
2 0.5012987012987012 0.1984126984126984 0.015584415584415584 0.03650793650793651
2 0.5168831168831168 0.2126984126984127 0.014285714285714285 0.03968253968253968
2 0.5 0.14761904761904762 0.00909090909090909 0.026984126984126985
2 0.4896103896103896 0.1365079365079365 0.00909090909090909 0.025396825396825397
2 0.4948051948051948 0.12063492063492064 0.007792207792207792 0.025396825396825397
2 0.5012987012987012 0.10317460317460317 0.006493506493506494 0.020634920634920634
2 0.8272727272727273 0.8777777777777778 0.03896103896103896 0.12063492063492064
2 0.8155844155844156 0.9301587301587302 0.032467532467532464 0.13968253968253969
2 0.9090909090909091 0.9714285714285714 0.03116883116883117 0.05555555555555555
2 0.612987012987013 0.9380952380952381 0.04155844155844156 0.12222222222222222
2 0.5688311688311688 0.9682539682539683 0.024675324675324677 0.06190476190476191
2 0.6909090909090909 0.9301587301587302 0.032467532467532464 0.10793650793650794
2 0.687012987012987 0.9761904761904762 0.03506493506493506 0.046031746031746035
2 0.5194805194805194 0.19365079365079366 0.011688311688311689 0.03015873015873016