2 0.951948051948052 0.953968253968254 0.05454545454545454 0.09206349206349207
2 0.8350649350649351 0.6063492063492063 0.02857142857142857 0.11587301587301588
2 0.8 0.5603174603174603 0.02857142857142857 0.1
2 0.7714285714285715 0.46190476190476193 0.015584415584415584 0.09365079365079365
2 0.7441558441558441 0.4444444444444444 0.01818181818181818 0.07301587301587302
2 0.7389610389610389 0.4 0.015584415584415584 0.06190476190476191
2 0.7415584415584415 0.3682539682539683 0.014285714285714285 0.06031746031746032
2 0.7207792207792207 0.34444444444444444 0.011688311688311689 0.06031746031746032
2 0.712987012987013 0.3238095238095238 0.00909090909090909 0.05555555555555555
2 0.7155844155844155 0.2968253968253968 0.012987012987012988 0.047619047619047616
2 0.625974025974026 0.25396825396825395 0.00909090909090909 0.0380952380952381
2 0.6428571428571429 0.23809523809523808 0.00909090909090909 0.02857142857142857
2 0.6623376623376623 0.21746031746031746 0.007792207792207792 0.03015873015873016
2 0.6493506493506493 0.20952380952380953 0.007792207792207792 0.03492063492063492
2 0.6415584415584416 0.19365079365079366 0.011688311688311689 0.03333333333333333
2 0.6285714285714286 0.1619047619047619 0.00909090909090909 0.026984126984126985
2 0.6181818181818182 0.1492063492063492 0.007792207792207792 0.026984126984126985
2 0.6194805194805195 0.12222222222222222 0.005194805194805195 0.020634920634920634
2 0.612987012987013 0.1253968253968254 0.007792207792207792 0.01746031746031746
2 0.6116883116883117 0.11428571428571428 0.007792207792207792 0.023809523809523808
2 0.6038961038961039 0.08571428571428572 0.006493506493506494 0.011111111111111112
2 0.6142857142857143 0.08888888888888889 0.005194805194805195 0.015873015873015872
2 0.6207792207792208 0.09047619047619047 0.005194805194805195 0.014285714285714285
1 0.7948051948051948 0.7968253968253968 0.1 0.20634920634920634
1 0.8597402597402597 0.953968253968254 0.11298701298701298 0.09206349206349207
1 0.7649350649350649 0.6349206349206349 0.08441558441558442 0.1523809523809524
1 0.7363636363636363 0.526984126984127 0.06103896103896104 0.10158730158730159
1 0.6987012987012987 0.42857142857142855 0.05194805194805195 0.1
1 0.5987012987012987 0.28095238095238095 0.02207792207792208 0.046031746031746035
1 0.5883116883116883 0.25873015873015875 0.023376623376623377 0.05238095238095238
1 0.6090909090909091 0.23492063492063492 0.02727272727272727 0.050793650793650794
1 0.5805194805194805 0.21428571428571427 0.024675324675324677 0.03650793650793651
1 0.5818181818181818 0.1873015873015873 0.016883116883116882 0.03333333333333333
1 0.5766233766233766 0.17777777777777778 0.02207792207792208 0.04126984126984127
1 0.6077922077922078 0.18888888888888888 0.01948051948051948 0.04285714285714286
1 0.6051948051948052 0.1634920634920635 0.02077922077922078 0.026984126984126985
1 0.6 0.1492063492063492 0.01818181818181818 0.026984126984126985
1 0.577922077922078 0.1365079365079365 0.015584415584415584 0.02857142857142857
1 0.5974025974025974 0.12857142857142856 0.014285714285714285 0.01904761904761905
1 0.574025974025974 0.11746031746031746 0.014285714285714285 0.023809523809523808
1 0.5948051948051948 0.1126984126984127 0.011688311688311689 0.014285714285714285
1 0.5818181818181818 0.09841269841269841 0.011688311688311689 0.014285714285714285
1 0.5961038961038961 0.10158730158730159 0.011688311688311689 0.01746031746031746
1 0.587012987012987 0.0873015873015873 0.011688311688311689 0.020634920634920634
3 0.6597402597402597 0.6507936507936508 0.11818181818181818 0.3825396825396825
3 0.6220779220779221 0.3761904761904762 0.07142857142857142 0.20476190476190476
0 0.6727272727272727 0.3047619047619048 0.05844155844155844 0.15396825396825398