2 0.5454545454545454 0.9571428571428572 0.05844155844155844 0.08412698412698413
2 0.6428571428571429 0.9063492063492063 0.048051948051948054 0.18412698412698414
2 0.6233766233766234 0.707936507936508 0.03116883116883117 0.13174603174603175
2 0.674025974025974 0.7142857142857143 0.03766233766233766 0.14285714285714285
2 0.6376623376623377 0.6079365079365079 0.02727272727272727 0.11587301587301588
2 0.5948051948051948 0.5650793650793651 0.02207792207792208 0.09206349206349207
2 0.6181818181818182 0.5317460317460317 0.024675324675324677 0.09206349206349207
2 0.7324675324675325 0.5682539682539682 0.02727272727272727 0.06190476190476191
2 0.7064935064935065 0.546031746031746 0.02857142857142857 0.10158730158730159
2 0.6610389610389611 0.46984126984126984 0.023376623376623377 0.08095238095238096
2 0.6844155844155844 0.49523809523809526 0.02207792207792208 0.08571428571428572
2 0.5662337662337662 0.4714285714285714 0.03116883116883117 0.08095238095238096
2 0.509090909090909 0.4238095238095238 0.023376623376623377 0.07301587301587302
2 0.5441558441558442 0.42698412698412697 0.02077922077922078 0.0761904761904762
2 0.5714285714285714 0.40476190476190477 0.023376623376623377 0.05555555555555555
2 0.6402597402597403 0.4365079365079365 0.023376623376623377 0.06825396825396825
2 0.6675324675324675 0.4444444444444444 0.016883116883116882 0.07777777777777778
2 0.6363636363636364 0.3952380952380952 0.01818181818181818 0.06031746031746032
2 0.6064935064935065 0.3952380952380952 0.02207792207792208 0.06031746031746032
2 0.6155844155844156 0.38571428571428573 0.02077922077922078 0.06825396825396825
2 0.577922077922078 0.3380952380952381 0.01948051948051948 0.06190476190476191
2 0.5961038961038961 0.35555555555555557 0.01948051948051948 0.05873015873015873
2 0.6103896103896104 0.33015873015873015 0.014285714285714285 0.046031746031746035
2 0.5961038961038961 0.31587301587301586 0.014285714285714285 0.046031746031746035
2 0.564935064935065 0.3 0.01948051948051948 0.049206349206349205
2 0.587012987012987 0.29523809523809524 0.01948051948051948 0.044444444444444446
2 0.577922077922078 0.27936507936507937 0.011688311688311689 0.047619047619047616
2 0.5545454545454546 0.24603174603174602 0.012987012987012988 0.0380952380952381
2 0.5285714285714286 0.2396825396825397 0.015584415584415584 0.047619047619047616
2 0.5116883116883116 0.2841269841269841 0.015584415584415584 0.049206349206349205
2 0.5064935064935064 0.3047619047619048 0.014285714285714285 0.01746031746031746
2 0.538961038961039 0.2222222222222222 0.011688311688311689 0.03492063492063492
2 0.5051948051948052 0.2015873015873016 0.00909090909090909 0.02857142857142857
2 0.5 0.16984126984126985 0.007792207792207792 0.02857142857142857
2 0.5116883116883116 0.18888888888888888 0.007792207792207792 0.03015873015873016
2 0.5116883116883116 0.15555555555555556 0.007792207792207792 0.022222222222222223
2 0.487012987012987 0.13333333333333333 0.007792207792207792 0.020634920634920634
2 0.4792207792207792 0.12857142857142856 0.0025974025974025974 0.01746031746031746
2 0.4883116883116883 0.11746031746031746 0.007792207792207792 0.011111111111111112
2 0.4987012987012987 0.1126984126984127 0.007792207792207792 0.006349206349206349
2 0.5038961038961038 0.10476190476190476 0.003896103896103896 0.007936507936507936
2 0.4987012987012987 0.10634920634920635 0.005194805194805195 0.007936507936507936
1 0.7415584415584415 0.9031746031746032 0.13506493506493505 0.19365079365079366
1 0.5584415584415584 0.6888888888888889 0.1038961038961039 0.3111111111111111
1 0.7662337662337663 0.7142857142857143 0.13896103896103895 0.2492063492063492
1 0.5298701298701298 0.5222222222222223 0.06363636363636363 0.11587301587301588
1 0.6233766233766234 0.473015873015873 0.06753246753246753 0.10793650793650794
1 0.5 0.3603174603174603 0.05194805194805195 0.1
1 0.5532467532467532 0.36984126984126986 0.04415584415584416 0.0761904761904762
1 0.5428571428571428 0.3047619047619048 0.03636363636363636 0.06984126984126984
1 0.4662337662337662 0.12063492063492064 0.01038961038961039 0.020634920634920634
1 0.5 0.13015873015873017 0.00909090909090909 0.01904761904761905
1 0.4909090909090909 0.10476190476190476 0.00909090909090909 0.012698412698412698
1 0.4792207792207792 0.1111111111111111 0.011688311688311689 0.01746031746031746
1 0.5077922077922078 0.09682539682539683 0.0025974025974025974 0.012698412698412698