3 0.6012987012987013 0.7761904761904762 0.18961038961038962 0.44126984126984126
2 0.8311688311688312 0.9412698412698413 0.04415584415584416 0.11746031746031746
2 0.9155844155844156 0.9555555555555556 0.046753246753246755 0.08571428571428572
2 0.8662337662337662 0.9253968253968254 0.03766233766233766 0.14761904761904762
2 0.8298701298701299 0.8269841269841269 0.02857142857142857 0.10793650793650794
2 0.8025974025974026 0.8714285714285714 0.03766233766233766 0.15873015873015872
2 0.7636363636363637 0.773015873015873 0.03636363636363636 0.09523809523809523
2 0.7519480519480519 0.7126984126984127 0.023376623376623377 0.0873015873015873
2 0.7233766233766233 0.7158730158730159 0.04935064935064935 0.1126984126984127
2 0.5051948051948052 0.7444444444444445 0.04285714285714286 0.12063492063492064
2 0.6818181818181818 0.6333333333333333 0.02987012987012987 0.0873015873015873
2 0.6662337662337663 0.5825396825396826 0.01948051948051948 0.07301587301587302
2 0.6532467532467533 0.5571428571428572 0.025974025974025976 0.0761904761904762
2 0.5701298701298702 0.5555555555555556 0.02077922077922078 0.02857142857142857
2 0.5636363636363636 0.5285714285714286 0.023376623376623377 0.0761904761904762
2 0.548051948051948 0.5047619047619047 0.02077922077922078 0.06666666666666667
2 0.5428571428571428 0.47619047619047616 0.01818181818181818 0.06825396825396825
2 0.5402597402597402 0.44285714285714284 0.014285714285714285 0.049206349206349205
2 0.561038961038961 0.4507936507936508 0.01818181818181818 0.07142857142857142
2 0.5493506493506494 0.4158730158730159 0.00909090909090909 0.04285714285714286
2 0.5077922077922078 0.49047619047619045 0.04935064935064935 0.06666666666666667
2 0.512987012987013 0.44126984126984126 0.01038961038961039 0.03333333333333333
2 0.4922077922077922 0.42857142857142855 0.01948051948051948 0.05714285714285714
2 0.6584415584415585 0.5095238095238095 0.02077922077922078 0.05873015873015873
2 0.6844155844155844 0.5158730158730159 0.02207792207792208 0.050793650793650794
2 0.7038961038961039 0.4936507936507937 0.014285714285714285 0.047619047619047616
2 0.7324675324675325 0.5253968253968254 0.01818181818181818 0.03015873015873016
2 0.5987012987012987 0.3634920634920635 0.014285714285714285 0.049206349206349205
2 0.5961038961038961 0.33650793650793653 0.00909090909090909 0.025396825396825397
2 0.5883116883116883 0.3238095238095238 0.01038961038961039 0.03968253968253968
2 0.6116883116883117 0.3349206349206349 0.015584415584415584 0.04285714285714286
2 0.6025974025974026 0.30793650793650795 0.011688311688311689 0.025396825396825397
2 0.6051948051948052 0.2920634920634921 0.01038961038961039 0.020634920634920634
2 0.5766233766233766 0.30317460317460315 0.00909090909090909 0.050793650793650794
2 0.5623376623376624 0.29523809523809524 0.007792207792207792 0.022222222222222223
2 0.574025974025974 0.2777777777777778 0.011688311688311689 0.03492063492063492
2 0.5714285714285714 0.2571428571428571 0.01038961038961039 0.03492063492063492
2 0.5194805194805194 0.3253968253968254 0.01818181818181818 0.050793650793650794
2 0.5 0.2984126984126984 0.014285714285714285 0.03492063492063492
2 0.4753246753246753 0.32222222222222224 0.01818181818181818 0.05396825396825397
2 0.5597402597402598 0.22698412698412698 0.01038961038961039 0.03492063492063492
2 0.5402597402597402 0.20634920634920634 0.01038961038961039 0.0380952380952381
2 0.5337662337662338 0.19047619047619047 0.00909090909090909 0.03333333333333333
2 0.5246753246753246 0.173015873015873 0.00909090909090909 0.020634920634920634
2 0.5155844155844156 0.16825396825396827 0.006493506493506494 0.026984126984126985
2 0.4818181818181818 0.15714285714285714 0.00909090909090909 0.02857142857142857
2 0.5077922077922078 0.14761904761904762 0.007792207792207792 0.025396825396825397
2 0.4844155844155844 0.1253968253968254 0.007792207792207792 0.01904761904761905
2 0.4922077922077922 0.14126984126984127 0.00909090909090909 0.020634920634920634
1 0.7467532467532467 0.8857142857142857 0.0987012987012987 0.22698412698412698
1 0.6675324675324675 0.7142857142857143 0.07922077922077922 0.20317460317460317
1 0.6233766233766234 0.5761904761904761 0.06233766233766234 0.08095238095238096
1 0.7220779220779221 0.6031746031746031 0.10909090909090909 0.20952380952380953
1 0.6597402597402597 0.4650793650793651 0.048051948051948054 0.09206349206349207
1 0.6051948051948052 0.49206349206349204 0.06363636363636363 0.10158730158730159
1 0.5987012987012987 0.41904761904761906 0.048051948051948054 0.08412698412698413
1 0.6311688311688312 0.3888888888888889 0.045454545454545456 0.1111111111111111
1 0.574025974025974 0.38412698412698415 0.04155844155844156 0.07301587301587302
1 0.5636363636363636 0.326984126984127 0.03116883116883117 0.05555555555555555
1 0.5103896103896104 0.3888888888888889 0.04025974025974026 0.0746031746031746
1 0.5 0.33650793650793653 0.03116883116883117 0.05238095238095238
1 0.5285714285714286 0.2904761904761905 0.032467532467532464 0.06031746031746032
1 0.5402597402597402 0.2714285714285714 0.024675324675324677 0.04285714285714286
1 0.548051948051948 0.24761904761904763 0.02987012987012987 0.05873015873015873
1 0.512987012987013 0.24126984126984127 0.024675324675324677 0.046031746031746035
1 0.5051948051948052 0.22063492063492063 0.02077922077922078 0.044444444444444446
1 0.5181818181818182 0.20952380952380953 0.023376623376623377 0.044444444444444446
1 0.5233766233766234 0.19047619047619047 0.02077922077922078 0.031746031746031744
1 0.4805194805194805 0.2650793650793651 0.02857142857142857 0.05555555555555555
1 0.4805194805194805 0.22857142857142856 0.02077922077922078 0.02857142857142857
1 0.4701298701298701 0.20952380952380953 0.01948051948051948 0.031746031746031744
1 0.4727272727272727 0.18412698412698414 0.015584415584415584 0.03015873015873016
1 0.4935064935064935 0.18888888888888888 0.02077922077922078 0.050793650793650794
1 0.5012987012987012 0.16031746031746033 0.01818181818181818 0.03492063492063492
1 0.5012987012987012 0.12380952380952381 0.011688311688311689 0.02857142857142857
1 0.4701298701298701 0.1111111111111111 0.01038961038961039 0.022222222222222223
1 0.5012987012987012 0.09682539682539683 0.011688311688311689 0.015873015873015872
0 0.4805194805194805 0.1380952380952381 0.016883116883116882 0.047619047619047616