3 0.4935064935064935 0.09365079365079365 0.00909090909090909 0.023809523809523808
2 0.5012987012987012 0.10952380952380952 0.005194805194805195 0.014285714285714285
2 0.4948051948051948 0.11428571428571428 0.005194805194805195 0.007936507936507936
2 0.5038961038961038 0.13015873015873017 0.003896103896103896 0.01904761904761905
2 0.9090909090909091 0.9920634920634921 0.025974025974025976 0.015873015873015872
2 0.8662337662337662 0.9920634920634921 0.01948051948051948 0.015873015873015872
2 0.5077922077922078 0.1111111111111111 0.005194805194805195 0.014285714285714285
2 0.8012987012987013 0.7619047619047619 0.04155844155844156 0.09841269841269841
2 0.7688311688311689 0.780952380952381 0.03116883116883117 0.09047619047619047
2 0.8077922077922078 0.8539682539682539 0.03896103896103896 0.08095238095238096
2 0.8246753246753247 0.9492063492063492 0.04285714285714286 0.10158730158730159
2 0.5961038961038961 0.44285714285714284 0.03116883116883117 0.08095238095238096
2 0.5974025974025974 0.3523809523809524 0.023376623376623377 0.06190476190476191
2 0.574025974025974 0.28095238095238095 0.014285714285714285 0.046031746031746035
2 0.5584415584415584 0.24761904761904763 0.01038961038961039 0.03650793650793651
2 0.5441558441558442 0.24126984126984127 0.01038961038961039 0.0380952380952381
1 0.5376623376623376 0.20793650793650795 0.011688311688311689 0.03015873015873016
1 0.4987012987012987 0.29523809523809524 0.04155844155844156 0.05555555555555555
1 0.5363636363636364 0.4936507936507937 0.05844155844155844 0.09365079365079365
1 0.5376623376623376 0.6126984126984127 0.06103896103896104 0.15714285714285714
1 0.6428571428571429 0.6190476190476191 0.07272727272727272 0.1380952380952381
1 0.6558441558441559 0.47619047619047616 0.06753246753246753 0.15396825396825398
1 0.4727272727272727 0.1365079365079365 0.01818181818181818 0.031746031746031744
1 0.4922077922077922 0.13174603174603175 0.012987012987012988 0.025396825396825397
1 0.7246753246753247 0.8285714285714286 0.15324675324675324 0.3412698412698413
0 0.6207792207792208 0.7936507936507936 0.18311688311688312 0.4111111111111111