1 0.4974025974025974 0.11587301587301588 0.00909090909090909 0.01746031746031746
2 0.5038961038961038 0.1 0.003896103896103896 0.014285714285714285
2 0.5116883116883116 0.09841269841269841 0.006493506493506494 0.015873015873015872
2 0.5012987012987012 0.09365079365079365 0.0025974025974025974 0.012698412698412698
2 0.4779220779220779 0.12698412698412698 0.003896103896103896 0.015873015873015872
2 0.4844155844155844 0.11746031746031746 0.003896103896103896 0.015873015873015872
2 0.4805194805194805 0.13968253968253969 0.003896103896103896 0.01746031746031746
2 0.487012987012987 0.13968253968253969 0.003896103896103896 0.020634920634920634
2 0.4909090909090909 0.1365079365079365 0.005194805194805195 0.020634920634920634
1 0.5025974025974026 0.1761904761904762 0.02077922077922078 0.04126984126984127
2 0.5 0.14603174603174604 0.006493506493506494 0.022222222222222223
1 0.4675324675324675 0.18253968253968253 0.02207792207792208 0.026984126984126985
1 0.4675324675324675 0.16507936507936508 0.01948051948051948 0.03015873015873016
1 0.4883116883116883 0.16825396825396827 0.007792207792207792 0.020634920634920634
1 0.5 0.19523809523809524 0.02077922077922078 0.023809523809523808
1 0.4701298701298701 0.23015873015873015 0.023376623376623377 0.04285714285714286
1 0.4688311688311688 0.20317460317460317 0.015584415584415584 0.011111111111111112
1 0.5233766233766234 0.22857142857142856 0.02207792207792208 0.0380952380952381
1 0.4922077922077922 0.30952380952380953 0.03116883116883117 0.05714285714285714
1 0.4831168831168831 0.2746031746031746 0.024675324675324677 0.06031746031746032
2 0.5 0.24603174603174602 0.007792207792207792 0.022222222222222223
1 0.5116883116883116 0.24444444444444444 0.016883116883116882 0.031746031746031744
2 0.5142857142857142 0.15873015873015872 0.003896103896103896 0.025396825396825397
2 0.5207792207792208 0.16666666666666666 0.003896103896103896 0.01746031746031746
2 0.5246753246753246 0.16825396825396827 0.003896103896103896 0.023809523809523808
2 0.5194805194805194 0.19047619047619047 0.006493506493506494 0.026984126984126985
2 0.5363636363636364 0.2111111111111111 0.007792207792207792 0.023809523809523808
2 0.5337662337662338 0.1984126984126984 0.006493506493506494 0.022222222222222223
2 0.5324675324675324 0.18253968253968253 0.006493506493506494 0.020634920634920634
2 0.5064935064935064 0.273015873015873 0.006493506493506494 0.01904761904761905
1 0.5324675324675324 0.29523809523809524 0.02727272727272727 0.06190476190476191
2 0.5285714285714286 0.2698412698412698 0.007792207792207792 0.007936507936507936
2 0.5324675324675324 0.25873015873015875 0.007792207792207792 0.020634920634920634
2 0.538961038961039 0.23809523809523808 0.006493506493506494 0.014285714285714285
2 0.5415584415584416 0.2253968253968254 0.005194805194805195 0.015873015873015872
0 0.5818181818181818 0.2650793650793651 0.07272727272727272 0.13174603174603175
2 0.5428571428571428 0.20952380952380953 0.005194805194805195 0.020634920634920634
2 0.487012987012987 0.2222222222222222 0.005194805194805195 0.026984126984126985
2 0.487012987012987 0.20793650793650795 0.006493506493506494 0.015873015873015872
2 0.4922077922077922 0.2111111111111111 0.006493506493506494 0.014285714285714285
2 0.5 0.2253968253968254 0.006493506493506494 0.031746031746031744
2 0.5038961038961038 0.20793650793650795 0.003896103896103896 0.01746031746031746
2 0.4766233766233766 0.19047619047619047 0.003896103896103896 0.01904761904761905
2 0.4961038961038961 0.25396825396825395 0.00909090909090909 0.025396825396825397
2 0.4623376623376623 0.25873015873015875 0.01038961038961039 0.047619047619047616
2 0.512987012987013 0.2857142857142857 0.01038961038961039 0.03650793650793651
2 0.5415584415584416 0.25555555555555554 0.005194805194805195 0.025396825396825397
0 0.5142857142857142 0.4095238095238095 0.06883116883116883 0.17142857142857143
2 0.5415584415584416 0.33174603174603173 0.012987012987012988 0.0380952380952381
1 0.5701298701298702 0.36507936507936506 0.04025974025974026 0.0761904761904762
1 0.5636363636363636 0.326984126984127 0.03506493506493506 0.06031746031746032
1 0.5896103896103896 0.5047619047619047 0.05454545454545454 0.1380952380952381
1 0.5987012987012987 0.43492063492063493 0.04935064935064935 0.10476190476190476
1 0.6363636363636364 0.42857142857142855 0.03116883116883117 0.10158730158730159
1 0.5285714285714286 0.5333333333333333 0.05064935064935065 0.1365079365079365
1 0.6675324675324675 0.4714285714285714 0.053246753246753244 0.12063492063492064
1 0.6480519480519481 0.5904761904761905 0.04285714285714286 0.13174603174603175
1 0.548051948051948 0.665079365079365 0.06753246753246753 0.1746031746031746
2 0.522077922077922 0.7984126984126985 0.03116883116883117 0.15079365079365079
0 0.8038961038961039 0.7507936507936508 0.3103896103896104 0.49682539682539684
1 0.577922077922078 0.9126984126984127 0.1012987012987013 0.1746031746031746
2 0.974025974025974 0.9841269841269841 0.024675324675324677 0.031746031746031744