3 0.525974025974026 0.4714285714285714 0.08831168831168831 0.2365079365079365
2 0.487012987012987 0.38412698412698415 0.015584415584415584 0.05555555555555555
1 0.561038961038961 0.6571428571428571 0.1038961038961039 0.20476190476190476
2 0.5922077922077922 0.5714285714285714 0.03766233766233766 0.09206349206349207
2 0.5818181818181818 0.4873015873015873 0.02727272727272727 0.07777777777777778
2 0.5857142857142857 0.5079365079365079 0.02207792207792208 0.05396825396825397
2 0.5701298701298702 0.4492063492063492 0.016883116883116882 0.05396825396825397
2 0.5584415584415584 0.4174603174603175 0.014285714285714285 0.03492063492063492
0 0.7285714285714285 0.7238095238095238 0.2662337662337662 0.5507936507936508
1 0.6155844155844156 0.47619047619047616 0.05584415584415584 0.10476190476190476
2 0.6324675324675325 0.3968253968253968 0.01948051948051948 0.05873015873015873
2 0.6272727272727273 0.35555555555555557 0.01818181818181818 0.03968253968253968
2 0.6662337662337663 0.4523809523809524 0.012987012987012988 0.025396825396825397
2 0.6 0.3111111111111111 0.016883116883116882 0.05396825396825397
2 0.535064935064935 0.2015873015873016 0.016883116883116882 0.04126984126984127
2 0.4714285714285714 0.14444444444444443 0.006493506493506494 0.023809523809523808
2 0.4714285714285714 0.11746031746031746 0.0025974025974025974 0.012698412698412698
2 0.4792207792207792 0.12380952380952381 0.007792207792207792 0.015873015873015872
2 0.8415584415584415 0.9206349206349206 0.03506493506493506 0.1349206349206349
2 0.8688311688311688 0.8746031746031746 0.046753246753246755 0.16031746031746033
1 0.6038961038961039 0.9031746031746032 0.1012987012987013 0.19365079365079366
1 0.5883116883116883 0.40634920634920635 0.053246753246753244 0.08412698412698413
1 0.5493506493506494 0.27936507936507937 0.033766233766233764 0.05238095238095238
1 0.5077922077922078 0.34285714285714286 0.04285714285714286 0.05873015873015873
3 0.5025974025974026 0.23809523809523808 0.053246753246753244 0.1492063492063492
3 0.5727272727272728 0.30793650793650795 0.05714285714285714 0.1111111111111111