1 0.6896103896103896 0.8444444444444444 0.07662337662337662 0.2365079365079365
1 0.7246753246753247 0.6777777777777778 0.07142857142857142 0.173015873015873
1 0.5376623376623376 0.8111111111111111 0.07402597402597402 0.23015873015873015
1 0.538961038961039 0.580952380952381 0.05194805194805195 0.1349206349206349
1 0.5961038961038961 0.5174603174603175 0.06493506493506493 0.14761904761904762
1 0.5168831168831168 0.46190476190476193 0.05454545454545454 0.11587301587301588
1 0.509090909090909 0.3888888888888889 0.033766233766233764 0.0873015873015873
1 0.6194805194805195 0.35714285714285715 0.04415584415584416 0.08253968253968254
1 0.6987012987012987 0.5587301587301587 0.05974025974025974 0.1126984126984127
1 0.6480519480519481 0.4492063492063492 0.03766233766233766 0.09047619047619047
1 0.5688311688311688 0.40793650793650793 0.03636363636363636 0.0746031746031746
1 0.574025974025974 0.36666666666666664 0.03116883116883117 0.06507936507936508
1 0.5636363636363636 0.3238095238095238 0.03636363636363636 0.06031746031746032
1 0.5415584415584416 0.28095238095238095 0.024675324675324677 0.046031746031746035
1 0.5168831168831168 0.2523809523809524 0.023376623376623377 0.044444444444444446
1 0.5 0.30158730158730157 0.025974025974025976 0.05238095238095238
1 0.4844155844155844 0.12857142857142856 0.011688311688311689 0.026984126984126985
1 0.5038961038961038 0.2 0.02207792207792208 0.04126984126984127
1 0.4792207792207792 0.2111111111111111 0.02207792207792208 0.04126984126984127
1 0.4805194805194805 0.25396825396825395 0.02857142857142857 0.05238095238095238
1 0.4688311688311688 0.18412698412698414 0.012987012987012988 0.02857142857142857
1 0.4675324675324675 0.1619047619047619 0.012987012987012988 0.020634920634920634
0 0.561038961038961 0.21746031746031746 0.03896103896103896 0.09206349206349207
2 0.512987012987013 0.6984126984126984 0.02207792207792208 0.09206349206349207
2 0.5207792207792208 0.9619047619047619 0.04285714285714286 0.0761904761904762
2 0.5935064935064935 0.9507936507936507 0.03506493506493506 0.09682539682539683
2 0.6441558441558441 0.9523809523809523 0.03766233766233766 0.09523809523809523
2 0.6207792207792208 0.8857142857142857 0.025974025974025976 0.1523809523809524
2 0.7727272727272727 0.9349206349206349 0.03896103896103896 0.13015873015873017
2 0.9194805194805195 0.9301587301587302 0.03766233766233766 0.13174603174603175
2 0.8896103896103896 0.9523809523809523 0.03506493506493506 0.09365079365079365
2 0.8467532467532467 0.9650793650793651 0.03636363636363636 0.06984126984126984
2 0.8064935064935065 0.9777777777777777 0.02727272727272727 0.044444444444444446
2 0.8402597402597403 0.9031746031746032 0.03116883116883117 0.09841269841269841
2 0.7896103896103897 0.8888888888888888 0.02727272727272727 0.10158730158730159
2 0.8103896103896104 0.846031746031746 0.025974025974025976 0.11428571428571428
2 0.9441558441558442 0.7238095238095238 0.04155844155844156 0.12857142857142856
2 0.9558441558441558 0.5841269841269842 0.03636363636363636 0.10476190476190476
2 0.7623376623376623 0.8015873015873016 0.033766233766233764 0.11428571428571428
2 0.7350649350649351 0.8507936507936508 0.02727272727272727 0.13968253968253969
2 0.6077922077922078 0.7936507936507936 0.02727272727272727 0.11428571428571428
2 0.5935064935064935 0.7111111111111111 0.023376623376623377 0.10952380952380952
2 0.564935064935065 0.6761904761904762 0.02207792207792208 0.1111111111111111
2 0.6376623376623377 0.7380952380952381 0.02207792207792208 0.10158730158730159
2 0.6649350649350649 0.6793650793650794 0.02207792207792208 0.08095238095238096
2 0.6298701298701299 0.6634920634920635 0.02207792207792208 0.07777777777777778
2 0.6038961038961039 0.6634920634920635 0.02207792207792208 0.0873015873015873
2 0.6597402597402597 0.6333333333333333 0.016883116883116882 0.07301587301587302
2 0.6233766233766234 0.6063492063492063 0.01948051948051948 0.07142857142857142
2 0.6597402597402597 0.5888888888888889 0.02077922077922078 0.0746031746031746
2 0.6506493506493507 0.5571428571428572 0.015584415584415584 0.0873015873015873
2 0.6376623376623377 0.5253968253968254 0.015584415584415584 0.0873015873015873
2 0.6532467532467533 0.5063492063492063 0.016883116883116882 0.08412698412698413
2 0.7090909090909091 0.5079365079365079 0.01948051948051948 0.05873015873015873
2 0.6766233766233766 0.5047619047619047 0.01818181818181818 0.06349206349206349
2 0.6987012987012987 0.48095238095238096 0.015584415584415584 0.06349206349206349
2 0.6857142857142857 0.46825396825396826 0.01818181818181818 0.06666666666666667
2 0.674025974025974 0.4396825396825397 0.01948051948051948 0.07301587301587302
2 0.6584415584415585 0.40634920634920635 0.015584415584415584 0.05555555555555555
2 0.6012987012987013 0.4142857142857143 0.011688311688311689 0.05873015873015873
2 0.6116883116883117 0.43174603174603177 0.011688311688311689 0.047619047619047616
2 0.6168831168831169 0.44761904761904764 0.014285714285714285 0.05714285714285714
2 0.6246753246753247 0.49206349206349204 0.016883116883116882 0.0873015873015873
2 0.5532467532467532 0.4587301587301587 0.01948051948051948 0.08888888888888889
2 0.4844155844155844 0.3746031746031746 0.014285714285714285 0.06507936507936508
2 0.4805194805194805 0.35079365079365077 0.00909090909090909 0.049206349206349205
1 0.4974025974025974 0.17936507936507937 0.014285714285714285 0.031746031746031744
2 0.5415584415584416 0.38571428571428573 0.014285714285714285 0.06825396825396825
2 0.4766233766233766 0.33174603174603173 0.007792207792207792 0.047619047619047616
2 0.4714285714285714 0.3047619047619048 0.00909090909090909 0.044444444444444446
2 0.4818181818181818 0.30317460317460315 0.01038961038961039 0.04126984126984127
2 0.4974025974025974 0.33650793650793653 0.00909090909090909 0.03650793650793651
2 0.5064935064935064 0.3333333333333333 0.00909090909090909 0.03492063492063492
2 0.5168831168831168 0.3412698412698413 0.007792207792207792 0.03333333333333333
2 0.5324675324675324 0.3746031746031746 0.011688311688311689 0.05555555555555555
2 0.5935064935064935 0.34285714285714286 0.01038961038961039 0.049206349206349205
2 0.45584415584415583 0.23174603174603176 0.007792207792207792 0.0380952380952381
2 0.45714285714285713 0.21587301587301588 0.00909090909090909 0.03492063492063492
2 0.4805194805194805 0.1746031746031746 0.007792207792207792 0.022222222222222223
2 0.4727272727272727 0.1365079365079365 0.00909090909090909 0.020634920634920634
2 0.4857142857142857 0.15079365079365079 0.006493506493506494 0.020634920634920634
2 0.5285714285714286 0.326984126984127 0.011688311688311689 0.03650793650793651
2 0.5948051948051948 0.3142857142857143 0.01038961038961039 0.031746031746031744
2 0.6103896103896104 0.30634920634920637 0.00909090909090909 0.031746031746031744
2 0.5818181818181818 0.31587301587301586 0.012987012987012988 0.04126984126984127
2 0.5571428571428572 0.28095238095238095 0.00909090909090909 0.031746031746031744
2 0.577922077922078 0.26825396825396824 0.01038961038961039 0.026984126984126985
2 0.5987012987012987 0.2873015873015873 0.01038961038961039 0.026984126984126985
2 0.5883116883116883 0.2920634920634921 0.00909090909090909 0.03015873015873016
2 0.5805194805194805 0.28888888888888886 0.01038961038961039 0.02857142857142857
2 0.5688311688311688 0.2841269841269841 0.01038961038961039 0.02857142857142857
2 0.5181818181818182 0.29523809523809524 0.00909090909090909 0.04285714285714286
2 0.535064935064935 0.3111111111111111 0.01038961038961039 0.044444444444444446
2 0.5454545454545454 0.30317460317460315 0.01038961038961039 0.03650793650793651
2 0.5402597402597402 0.34285714285714286 0.01038961038961039 0.03015873015873016
2 0.4987012987012987 0.22380952380952382 0.011688311688311689 0.023809523809523808
2 0.522077922077922 0.20476190476190476 0.007792207792207792 0.02857142857142857
2 0.5 0.1380952380952381 0.007792207792207792 0.020634920634920634
2 0.5077922077922078 0.13333333333333333 0.007792207792207792 0.022222222222222223
2 0.4948051948051948 0.14444444444444443 0.007792207792207792 0.023809523809523808
2 0.509090909090909 0.16825396825396827 0.007792207792207792 0.026984126984126985
2 0.5272727272727272 0.18571428571428572 0.006493506493506494 0.025396825396825397
2 0.5337662337662338 0.18253968253968253 0.006493506493506494 0.023809523809523808
2 0.5298701298701298 0.23333333333333334 0.007792207792207792 0.03333333333333333
2 0.5298701298701298 0.20793650793650795 0.007792207792207792 0.026984126984126985
2 0.5155844155844156 0.1761904761904762 0.005194805194805195 0.01746031746031746
2 0.5207792207792208 0.18095238095238095 0.003896103896103896 0.020634920634920634
2 0.4961038961038961 0.16031746031746033 0.007792207792207792 0.026984126984126985
2 0.5116883116883116 0.1523809523809524 0.007792207792207792 0.020634920634920634
2 0.4987012987012987 0.11746031746031746 0.007792207792207792 0.01904761904761905
2 0.4701298701298701 0.12698412698412698 0.007792207792207792 0.01904761904761905
2 0.4701298701298701 0.1111111111111111 0.005194805194805195 0.01746031746031746
2 0.4766233766233766 0.10952380952380952 0.005194805194805195 0.01746031746031746
2 0.4831168831168831 0.10317460317460317 0.003896103896103896 0.020634920634920634
2 0.487012987012987 0.10634920634920635 0.005194805194805195 0.01746031746031746
2 0.4922077922077922 0.10634920634920635 0.003896103896103896 0.01746031746031746
2 0.4961038961038961 0.10158730158730159 0.005194805194805195 0.015873015873015872
2 0.4974025974025974 0.10158730158730159 0.005194805194805195 0.01746031746031746
2 0.5051948051948052 0.12063492063492064 0.003896103896103896 0.012698412698412698
2 0.5246753246753246 0.1634920634920635 0.006493506493506494 0.01904761904761905
2 0.5181818181818182 0.15873015873015872 0.007792207792207792 0.023809523809523808
2 0.5168831168831168 0.19682539682539682 0.007792207792207792 0.02857142857142857
2 0.5025974025974026 0.10476190476190476 0.005194805194805195 0.014285714285714285
2 0.5025974025974026 0.09206349206349207 0.005194805194805195 0.011111111111111112