1 0.5922077922077922 0.7253968253968254 0.09610389610389611 0.2365079365079365
1 0.7493506493506493 0.8142857142857143 0.12727272727272726 0.2619047619047619
2 0.6922077922077922 0.6476190476190476 0.03636363636363636 0.10317460317460317
2 0.8454545454545455 0.8698412698412699 0.05714285714285714 0.16507936507936508
2 0.7389610389610389 0.5761904761904761 0.02207792207792208 0.10476190476190476
2 0.7077922077922078 0.5126984126984127 0.02207792207792208 0.1111111111111111
2 0.7363636363636363 0.5222222222222223 0.02727272727272727 0.06666666666666667
2 0.6818181818181818 0.5031746031746032 0.02207792207792208 0.08571428571428572
2 0.6636363636363637 0.46190476190476193 0.025974025974025976 0.07142857142857142
2 0.6818181818181818 0.44603174603174606 0.016883116883116882 0.049206349206349205
2 0.6649350649350649 0.4174603174603175 0.016883116883116882 0.05873015873015873
1 0.6311688311688312 0.4936507936507937 0.06623376623376623 0.1380952380952381
2 0.6415584415584416 0.4253968253968254 0.02207792207792208 0.05714285714285714
1 0.574025974025974 0.4873015873015873 0.06883116883116883 0.13015873015873017
2 0.5662337662337662 0.4126984126984127 0.02207792207792208 0.07301587301587302
2 0.587012987012987 0.42698412698412697 0.016883116883116882 0.047619047619047616
1 0.5974025974025974 0.38571428571428573 0.04155844155844156 0.08095238095238096
2 0.6233766233766234 0.38571428571428573 0.01818181818181818 0.06825396825396825
2 0.6441558441558441 0.4 0.012987012987012988 0.03650793650793651
2 0.6519480519480519 0.4111111111111111 0.014285714285714285 0.03333333333333333
2 0.6194805194805195 0.35555555555555557 0.016883116883116882 0.04285714285714286
2 0.522077922077922 0.3888888888888889 0.016883116883116882 0.049206349206349205
2 0.5675324675324676 0.37777777777777777 0.01818181818181818 0.04126984126984127
2 0.5961038961038961 0.33650793650793653 0.012987012987012988 0.025396825396825397
2 0.612987012987013 0.33650793650793653 0.012987012987012988 0.03968253968253968
1 0.5831168831168831 0.3111111111111111 0.03506493506493506 0.05238095238095238
2 0.6 0.2968253968253968 0.01038961038961039 0.031746031746031744
2 0.6051948051948052 0.30317460317460315 0.014285714285714285 0.02857142857142857
1 0.5675324675324676 0.2619047619047619 0.03636363636363636 0.06666666666666667
2 0.5922077922077922 0.2841269841269841 0.01038961038961039 0.02857142857142857
2 0.4935064935064935 0.49523809523809526 0.02077922077922078 0.0746031746031746
1 0.5298701298701298 0.5666666666666667 0.07012987012987013 0.16507936507936508
2 0.5233766233766234 0.46825396825396826 0.015584415584415584 0.05714285714285714
2 0.4935064935064935 0.4507936507936508 0.016883116883116882 0.05396825396825397
2 0.4922077922077922 0.40476190476190477 0.016883116883116882 0.05873015873015873
2 0.5194805194805194 0.4238095238095238 0.02077922077922078 0.06666666666666667
2 0.5441558441558442 0.4444444444444444 0.012987012987012988 0.05555555555555555
2 0.5454545454545454 0.3984126984126984 0.01948051948051948 0.05555555555555555
1 0.4935064935064935 0.3476190476190476 0.03896103896103896 0.0746031746031746
2 0.5155844155844156 0.33650793650793653 0.01818181818181818 0.050793650793650794
2 0.522077922077922 0.34444444444444444 0.012987012987012988 0.04285714285714286
2 0.5285714285714286 0.3523809523809524 0.011688311688311689 0.03015873015873016
2 0.5415584415584416 0.35714285714285715 0.015584415584415584 0.05238095238095238
2 0.5142857142857142 0.3126984126984127 0.012987012987012988 0.05238095238095238
2 0.5298701298701298 0.32063492063492066 0.015584415584415584 0.044444444444444446
1 0.5402597402597402 0.30158730158730157 0.02987012987012987 0.04126984126984127
2 0.5285714285714286 0.2904761904761905 0.007792207792207792 0.023809523809523808
1 0.5285714285714286 0.26825396825396824 0.03116883116883117 0.046031746031746035
2 0.5441558441558442 0.26825396825396824 0.012987012987012988 0.03492063492063492
1 0.5623376623376624 0.33015873015873015 0.03766233766233766 0.06507936507936508
1 0.4961038961038961 0.2873015873015873 0.032467532467532464 0.06825396825396825
1 0.487012987012987 0.29523809523809524 0.03506493506493506 0.049206349206349205
1 0.5181818181818182 0.2507936507936508 0.024675324675324677 0.04285714285714286
2 0.4948051948051948 0.23333333333333334 0.014285714285714285 0.04126984126984127
3 0.4753246753246753 0.24444444444444444 0.03506493506493506 0.06031746031746032
2 0.4922077922077922 0.2015873015873016 0.006493506493506494 0.01904761904761905
1 0.5077922077922078 0.22857142857142856 0.025974025974025976 0.0380952380952381
2 0.5025974025974026 0.20634920634920634 0.007792207792207792 0.01746031746031746
1 0.5142857142857142 0.2015873015873016 0.01818181818181818 0.031746031746031744
2 0.5103896103896104 0.20793650793650795 0.00909090909090909 0.015873015873015872
2 0.45454545454545453 0.2015873015873016 0.00909090909090909 0.03492063492063492
2 0.45324675324675323 0.17777777777777778 0.007792207792207792 0.01904761904761905
2 0.45324675324675323 0.18412698412698414 0.006493506493506494 0.01746031746031746
3 0.474025974025974 0.18412698412698414 0.02987012987012987 0.07777777777777778
2 0.4857142857142857 0.19047619047619047 0.007792207792207792 0.01746031746031746
2 0.4896103896103896 0.1873015873015873 0.006493506493506494 0.015873015873015872
1 0.5324675324675324 0.22380952380952382 0.02207792207792208 0.03650793650793651
1 0.5454545454545454 0.24761904761904763 0.015584415584415584 0.03492063492063492
2 0.5376623376623376 0.2365079365079365 0.006493506493506494 0.023809523809523808
2 0.5441558441558442 0.22063492063492063 0.00909090909090909 0.026984126984126985
2 0.5545454545454546 0.2253968253968254 0.006493506493506494 0.014285714285714285
2 0.5532467532467532 0.21428571428571427 0.007792207792207792 0.014285714285714285
2 0.5233766233766234 0.20634920634920634 0.006493506493506494 0.01904761904761905
2 0.5298701298701298 0.20476190476190476 0.007792207792207792 0.020634920634920634
2 0.5363636363636364 0.20476190476190476 0.005194805194805195 0.015873015873015872
2 0.5233766233766234 0.19047619047619047 0.00909090909090909 0.020634920634920634
2 0.5311688311688312 0.19206349206349208 0.006493506493506494 0.015873015873015872
2 0.5376623376623376 0.19682539682539682 0.007792207792207792 0.014285714285714285
2 0.5454545454545454 0.2015873015873016 0.006493506493506494 0.01746031746031746
1 0.5 0.1761904761904762 0.016883116883116882 0.025396825396825397
1 0.5194805194805194 0.1761904761904762 0.01948051948051948 0.026984126984126985
2 0.5103896103896104 0.18095238095238095 0.00909090909090909 0.01904761904761905
2 0.5181818181818182 0.18095238095238095 0.007792207792207792 0.01746031746031746
2 0.5441558441558442 0.19206349206349208 0.006493506493506494 0.01746031746031746
1 0.4974025974025974 0.16507936507936508 0.016883116883116882 0.012698412698412698
1 0.4922077922077922 0.1523809523809524 0.01948051948051948 0.01746031746031746
2 0.5025974025974026 0.15555555555555556 0.007792207792207792 0.020634920634920634
2 0.5077922077922078 0.16666666666666666 0.00909090909090909 0.022222222222222223
2 0.5103896103896104 0.15714285714285714 0.005194805194805195 0.020634920634920634
2 0.5181818181818182 0.15714285714285714 0.007792207792207792 0.01904761904761905
1 0.4597402597402597 0.1380952380952381 0.016883116883116882 0.015873015873015872
2 0.4701298701298701 0.14285714285714285 0.007792207792207792 0.020634920634920634
2 0.5142857142857142 0.1492063492063492 0.006493506493506494 0.01746031746031746
1 0.5038961038961038 0.1365079365079365 0.012987012987012988 0.023809523809523808
2 0.512987012987013 0.13333333333333333 0.006493506493506494 0.01904761904761905
1 0.4623376623376623 0.12222222222222222 0.012987012987012988 0.014285714285714285
1 0.4805194805194805 0.12063492063492064 0.011688311688311689 0.015873015873015872
2 0.4831168831168831 0.10476190476190476 0.003896103896103896 0.01746031746031746
2 0.4909090909090909 0.10952380952380952 0.005194805194805195 0.014285714285714285
1 0.5012987012987012 0.12222222222222222 0.014285714285714285 0.01746031746031746
2 0.4948051948051948 0.10793650793650794 0.005194805194805195 0.015873015873015872
2 0.5012987012987012 0.10476190476190476 0.005194805194805195 0.01746031746031746
1 0.4857142857142857 0.1365079365079365 0.014285714285714285 0.011111111111111112
3 0.4701298701298701 0.10317460317460317 0.014285714285714285 0.031746031746031744