1 0.8194805194805195 0.9031746031746032 0.14025974025974025 0.19365079365079366
1 0.5571428571428572 0.3603174603174603 0.05844155844155844 0.08571428571428572
1 0.4714285714285714 0.2523809523809524 0.03506493506493506 0.05396825396825397
1 0.4948051948051948 0.15079365079365079 0.01818181818181818 0.03333333333333333
1 0.4662337662337662 0.14126984126984127 0.016883116883116882 0.025396825396825397
1 0.4857142857142857 0.13015873015873017 0.016883116883116882 0.025396825396825397
1 0.4987012987012987 0.1 0.007792207792207792 0.01746031746031746
2 0.4935064935064935 0.35873015873015873 0.02077922077922078 0.06190476190476191
2 0.5831168831168831 0.33650793650793653 0.01818181818181818 0.05238095238095238
2 0.5948051948051948 0.33015873015873015 0.023376623376623377 0.049206349206349205
2 0.4974025974025974 0.2968253968253968 0.01948051948051948 0.05555555555555555
2 0.564935064935065 0.29365079365079366 0.012987012987012988 0.047619047619047616
2 0.5753246753246753 0.2714285714285714 0.016883116883116882 0.04126984126984127
2 0.5441558441558442 0.2841269841269841 0.016883116883116882 0.0380952380952381
2 0.5285714285714286 0.2761904761904762 0.014285714285714285 0.050793650793650794
2 0.5064935064935064 0.2571428571428571 0.016883116883116882 0.0380952380952381
2 0.5506493506493506 0.2492063492063492 0.00909090909090909 0.04126984126984127
2 0.5233766233766234 0.22857142857142856 0.014285714285714285 0.031746031746031744
2 0.5415584415584416 0.2111111111111111 0.00909090909090909 0.03333333333333333
2 0.512987012987013 0.22063492063492063 0.011688311688311689 0.03015873015873016
2 0.4779220779220779 0.18888888888888888 0.00909090909090909 0.03015873015873016
2 0.4701298701298701 0.17936507936507937 0.01038961038961039 0.023809523809523808
2 0.4701298701298701 0.1634920634920635 0.01038961038961039 0.01904761904761905
2 0.474025974025974 0.15555555555555556 0.01038961038961039 0.020634920634920634
2 0.5012987012987012 0.1634920634920635 0.011688311688311689 0.025396825396825397
2 0.5207792207792208 0.2015873015873016 0.00909090909090909 0.020634920634920634
2 0.5142857142857142 0.19523809523809524 0.00909090909090909 0.03015873015873016
2 0.5285714285714286 0.18412698412698414 0.00909090909090909 0.02857142857142857
2 0.5194805194805194 0.173015873015873 0.007792207792207792 0.03015873015873016
2 0.5038961038961038 0.13968253968253969 0.005194805194805195 0.020634920634920634
2 0.5 0.12857142857142856 0.007792207792207792 0.015873015873015872
2 0.4727272727272727 0.11587301587301588 0.006493506493506494 0.020634920634920634
2 0.4974025974025974 0.11587301587301588 0.007792207792207792 0.012698412698412698
2 0.4857142857142857 0.1111111111111111 0.005194805194805195 0.012698412698412698
2 0.4896103896103896 0.09682539682539683 0.003896103896103896 0.012698412698412698
2 0.5064935064935064 0.1 0.006493506493506494 0.01746031746031746