2 0.9038961038961039 0.9111111111111111 0.06363636363636363 0.1492063492063492
2 0.8558441558441559 0.9412698412698413 0.048051948051948054 0.11587301587301588
2 0.8545454545454545 0.9809523809523809 0.02727272727272727 0.03650793650793651
2 0.7636363636363637 0.8920634920634921 0.048051948051948054 0.16825396825396827
2 0.512987012987013 0.8952380952380953 0.046753246753246755 0.16031746031746033
2 0.7272727272727273 0.7968253968253968 0.032467532467532464 0.13968253968253969
2 0.8012987012987013 0.7777777777777778 0.03636363636363636 0.1365079365079365
2 0.7454545454545455 0.7428571428571429 0.02857142857142857 0.13174603174603175
2 0.7922077922077922 0.6857142857142857 0.02727272727272727 0.10476190476190476
2 0.7506493506493507 0.6142857142857143 0.02727272727272727 0.10158730158730159
2 0.5727272727272728 0.6285714285714286 0.025974025974025976 0.09206349206349207
2 0.5285714285714286 0.6476190476190476 0.02727272727272727 0.09206349206349207
2 0.5038961038961038 0.7523809523809524 0.02857142857142857 0.11904761904761904
2 0.5701298701298702 0.573015873015873 0.01948051948051948 0.07301587301587302
2 0.7311688311688311 0.5666666666666667 0.025974025974025976 0.09206349206349207
1 0.6857142857142857 0.5777777777777777 0.07402597402597402 0.1634920634920635
2 0.712987012987013 0.5285714285714286 0.01818181818181818 0.0761904761904762
2 0.6987012987012987 0.49682539682539684 0.01818181818181818 0.06825396825396825
1 0.6428571428571429 0.45555555555555555 0.053246753246753244 0.1253968253968254
2 0.638961038961039 0.49523809523809526 0.02857142857142857 0.0746031746031746
2 0.6818181818181818 0.4666666666666667 0.01818181818181818 0.04126984126984127
2 0.6753246753246753 0.4873015873015873 0.015584415584415584 0.03492063492063492
2 0.6766233766233766 0.44603174603174606 0.00909090909090909 0.0380952380952381
2 0.6675324675324675 0.4301587301587302 0.016883116883116882 0.05396825396825397
2 0.6571428571428571 0.3984126984126984 0.014285714285714285 0.03492063492063492
2 0.6402597402597403 0.3873015873015873 0.012987012987012988 0.0380952380952381
2 0.6181818181818182 0.39365079365079364 0.014285714285714285 0.04285714285714286
2 0.6012987012987013 0.4142857142857143 0.02207792207792208 0.05396825396825397
2 0.5896103896103896 0.373015873015873 0.01038961038961039 0.0380952380952381
2 0.638961038961039 0.3619047619047619 0.00909090909090909 0.023809523809523808
2 0.6350649350649351 0.346031746031746 0.012987012987012988 0.03650793650793651
2 0.6194805194805195 0.3523809523809524 0.012987012987012988 0.03650793650793651
2 0.6077922077922078 0.3523809523809524 0.014285714285714285 0.03492063492063492
2 0.5935064935064935 0.35079365079365077 0.00909090909090909 0.023809523809523808
1 0.5636363636363636 0.37936507936507935 0.04415584415584416 0.08888888888888889
2 0.5831168831168831 0.35555555555555557 0.011688311688311689 0.0380952380952381
2 0.6194805194805195 0.3253968253968254 0.012987012987012988 0.049206349206349205
2 0.6025974025974026 0.3238095238095238 0.012987012987012988 0.046031746031746035
2 0.5896103896103896 0.326984126984127 0.011688311688311689 0.03650793650793651
2 0.5818181818181818 0.32222222222222224 0.011688311688311689 0.025396825396825397
2 0.5662337662337662 0.32063492063492066 0.012987012987012988 0.026984126984126985
2 0.6 0.29365079365079366 0.00909090909090909 0.020634920634920634
2 0.5896103896103896 0.2777777777777778 0.012987012987012988 0.023809523809523808
2 0.577922077922078 0.25555555555555554 0.011688311688311689 0.022222222222222223
2 0.5714285714285714 0.29365079365079366 0.012987012987012988 0.031746031746031744
2 0.577922077922078 0.2841269841269841 0.01038961038961039 0.020634920634920634
2 0.5597402597402598 0.29365079365079366 0.011688311688311689 0.03015873015873016
1 0.5363636363636364 0.28253968253968254 0.02857142857142857 0.03968253968253968
2 0.5493506493506494 0.26825396825396824 0.014285714285714285 0.03968253968253968
2 0.5688311688311688 0.24285714285714285 0.011688311688311689 0.025396825396825397
2 0.5545454545454546 0.2492063492063492 0.011688311688311689 0.03015873015873016
2 0.5415584415584416 0.19682539682539682 0.005194805194805195 0.01904761904761905
2 0.5493506493506494 0.1984126984126984 0.00909090909090909 0.01904761904761905
1 0.5285714285714286 0.25396825396825395 0.02207792207792208 0.03333333333333333
2 0.5298701298701298 0.22380952380952382 0.007792207792207792 0.01904761904761905
2 0.535064935064935 0.20952380952380953 0.005194805194805195 0.015873015873015872
2 0.5402597402597402 0.23333333333333334 0.006493506493506494 0.020634920634920634
2 0.5402597402597402 0.21746031746031746 0.005194805194805195 0.01746031746031746
2 0.5467532467532468 0.22857142857142856 0.00909090909090909 0.01904761904761905
2 0.5545454545454546 0.22063492063492063 0.005194805194805195 0.012698412698412698
2 0.5506493506493506 0.21428571428571427 0.005194805194805195 0.012698412698412698
2 0.564935064935065 0.22698412698412698 0.007792207792207792 0.01746031746031746
3 0.512987012987013 0.3825396825396825 0.05844155844155844 0.1523809523809524
2 0.5142857142857142 0.2984126984126984 0.011688311688311689 0.026984126984126985
2 0.5142857142857142 0.2746031746031746 0.012987012987012988 0.020634920634920634
2 0.4792207792207792 0.3111111111111111 0.014285714285714285 0.03492063492063492
2 0.4766233766233766 0.29365079365079366 0.011688311688311689 0.02857142857142857
2 0.4844155844155844 0.2650793650793651 0.012987012987012988 0.03015873015873016
2 0.4675324675324675 0.2650793650793651 0.012987012987012988 0.025396825396825397
2 0.4987012987012987 0.24126984126984127 0.01038961038961039 0.026984126984126985
2 0.5064935064935064 0.23015873015873015 0.006493506493506494 0.020634920634920634
2 0.5168831168831168 0.23333333333333334 0.011688311688311689 0.020634920634920634
1 0.4961038961038961 0.27936507936507937 0.024675324675324677 0.0380952380952381
2 0.5051948051948052 0.2523809523809524 0.011688311688311689 0.022222222222222223
1 0.4909090909090909 0.22698412698412698 0.01948051948051948 0.031746031746031744
2 0.4987012987012987 0.20952380952380953 0.01038961038961039 0.014285714285714285
2 0.4623376623376623 0.23809523809523808 0.01038961038961039 0.03015873015873016
2 0.45584415584415583 0.22063492063492063 0.007792207792207792 0.026984126984126985
2 0.4662337662337662 0.22380952380952382 0.00909090909090909 0.020634920634920634
2 0.4753246753246753 0.2222222222222222 0.00909090909090909 0.01746031746031746
2 0.4844155844155844 0.19682539682539682 0.006493506493506494 0.01746031746031746
1 0.4649350649350649 0.2015873015873016 0.015584415584415584 0.03015873015873016
1 0.4727272727272727 0.20952380952380953 0.016883116883116882 0.020634920634920634
2 0.474025974025974 0.19047619047619047 0.00909090909090909 0.01746031746031746
2 0.45194805194805193 0.17936507936507937 0.007792207792207792 0.025396825396825397
2 0.5116883116883116 0.18095238095238095 0.006493506493506494 0.022222222222222223
2 0.4805194805194805 0.173015873015873 0.007792207792207792 0.020634920634920634
1 0.4597402597402597 0.15714285714285714 0.011688311688311689 0.023809523809523808
1 0.4597402597402597 0.14126984126984127 0.012987012987012988 0.014285714285714285
2 0.4675324675324675 0.1365079365079365 0.006493506493506494 0.01746031746031746
1 0.4636363636363636 0.18412698412698414 0.01818181818181818 0.022222222222222223
2 0.45584415584415583 0.16507936507936508 0.005194805194805195 0.009523809523809525
1 0.4688311688311688 0.1746031746031746 0.014285714285714285 0.022222222222222223
1 0.4675324675324675 0.1634920634920635 0.012987012987012988 0.014285714285714285
2 0.4766233766233766 0.15873015873015872 0.005194805194805195 0.014285714285714285
2 0.5038961038961038 0.09682539682539683 0.005194805194805195 0.011111111111111112
1 0.4792207792207792 0.13333333333333333 0.012987012987012988 0.022222222222222223
1 0.4883116883116883 0.1253968253968254 0.00909090909090909 0.011111111111111112
2 0.4935064935064935 0.1253968253968254 0.003896103896103896 0.011111111111111112
2 0.5025974025974026 0.11746031746031746 0.006493506493506494 0.012698412698412698
1 0.4935064935064935 0.15396825396825398 0.016883116883116882 0.014285714285714285
2 0.4961038961038961 0.14285714285714285 0.005194805194805195 0.007936507936507936
2 0.4974025974025974 0.13968253968253969 0.007792207792207792 0.014285714285714285
2 0.5064935064935064 0.13333333333333333 0.005194805194805195 0.012698412698412698
1 0.4974025974025974 0.19682539682539682 0.01818181818181818 0.025396825396825397
1 0.4987012987012987 0.17936507936507937 0.015584415584415584 0.01746031746031746
2 0.5051948051948052 0.16507936507936508 0.006493506493506494 0.014285714285714285
2 0.512987012987013 0.15079365079365079 0.007792207792207792 0.01904761904761905
2 0.5103896103896104 0.13333333333333333 0.005194805194805195 0.012698412698412698
2 0.5038961038961038 0.15714285714285714 0.007792207792207792 0.015873015873015872
1 0.4831168831168831 0.1492063492063492 0.01038961038961039 0.01746031746031746
1 0.4935064935064935 0.16984126984126985 0.012987012987012988 0.007936507936507936
1 0.525974025974026 0.18571428571428572 0.016883116883116882 0.04126984126984127
1 0.5181818181818182 0.21746031746031746 0.023376623376623377 0.03015873015873016
1 0.4753246753246753 0.24603174603174602 0.023376623376623377 0.02857142857142857
1 0.5441558441558442 0.32222222222222224 0.02987012987012987 0.05714285714285714
3 0.522077922077922 0.48095238095238096 0.07402597402597402 0.2015873015873016
1 0.5818181818181818 0.44126984126984126 0.03896103896103896 0.09365079365079365
1 0.5987012987012987 0.5031746031746032 0.05584415584415584 0.10317460317460317
1 0.6220779220779221 0.5952380952380952 0.06363636363636363 0.14126984126984127
1 0.5714285714285714 0.7857142857142857 0.08051948051948052 0.2571428571428571
2 0.6662337662337663 0.7555555555555555 0.0987012987012987 0.23015873015873015
2 0.9805194805194806 0.8380952380952381 0.03896103896103896 0.16507936507936508