2 0.5428571428571428 0.36507936507936506 0.025974025974025976 0.06984126984126984
2 0.4805194805194805 0.2841269841269841 0.02207792207792208 0.06349206349206349
2 0.5987012987012987 0.319047619047619 0.015584415584415584 0.06031746031746032
2 0.5142857142857142 0.16507936507936508 0.006493506493506494 0.026984126984126985
2 0.4909090909090909 0.16507936507936508 0.00909090909090909 0.026984126984126985
2 0.4909090909090909 0.1365079365079365 0.007792207792207792 0.01746031746031746
2 0.4922077922077922 0.1253968253968254 0.007792207792207792 0.023809523809523808
2 0.4831168831168831 0.13015873015873017 0.007792207792207792 0.014285714285714285
2 0.4896103896103896 0.1 0.007792207792207792 0.015873015873015872
2 0.4987012987012987 0.10952380952380952 0.006493506493506494 0.015873015873015872
2 0.5 0.09682539682539683 0.003896103896103896 0.01746031746031746
2 0.5038961038961038 0.10158730158730159 0.005194805194805195 0.015873015873015872
2 0.509090909090909 0.09523809523809523 0.003896103896103896 0.011111111111111112
2 0.512987012987013 0.09365079365079365 0.0025974025974025974 0.014285714285714285
1 0.6 0.4095238095238095 0.05194805194805195 0.10158730158730159
1 0.551948051948052 0.2920634920634921 0.03506493506493506 0.0761904761904762
1 0.5012987012987012 0.18888888888888888 0.02207792207792208 0.04285714285714286
1 0.4831168831168831 0.14761904761904762 0.015584415584415584 0.031746031746031744
1 0.4675324675324675 0.14126984126984127 0.016883116883116882 0.03650793650793651
3 0.4779220779220779 0.10952380952380952 0.016883116883116882 0.04285714285714286