2 0.5376623376623376 0.9476190476190476 0.05844155844155844 0.10476190476190476
2 0.8454545454545455 0.9650793650793651 0.03896103896103896 0.06984126984126984
2 0.8376623376623377 0.8333333333333334 0.02857142857142857 0.12063492063492064
2 0.8714285714285714 0.8095238095238095 0.023376623376623377 0.11428571428571428
2 0.9415584415584416 0.9682539682539683 0.04285714285714286 0.06349206349206349
2 0.8857142857142857 0.9587301587301588 0.03116883116883117 0.08253968253968254
2 0.8857142857142857 0.8920634920634921 0.03116883116883117 0.08571428571428572
2 0.8220779220779221 0.765079365079365 0.032467532467532464 0.07777777777777778
2 0.7948051948051948 0.6936507936507936 0.024675324675324677 0.10317460317460317
3 0.7246753246753247 0.6952380952380952 0.11818181818181818 0.3333333333333333
3 0.5493506493506494 0.7682539682539683 0.09480519480519481 0.2698412698412698
2 0.4961038961038961 0.6523809523809524 0.02077922077922078 0.1126984126984127
2 0.4948051948051948 0.5793650793650794 0.033766233766233764 0.08253968253968254
2 0.4909090909090909 0.5365079365079365 0.014285714285714285 0.06825396825396825
2 0.4974025974025974 0.5174603174603175 0.02077922077922078 0.06507936507936508
1 0.551948051948052 0.580952380952381 0.05194805194805195 0.05555555555555555
1 0.5493506493506494 0.5047619047619047 0.04155844155844156 0.06825396825396825
1 0.5402597402597402 0.42857142857142855 0.03766233766233766 0.0380952380952381
1 0.5883116883116883 0.3746031746031746 0.03506493506493506 0.05238095238095238
1 0.4974025974025974 0.38412698412698415 0.02987012987012987 0.06349206349206349
1 0.5818181818181818 0.3253968253968254 0.025974025974025976 0.044444444444444446
1 0.538961038961039 0.319047619047619 0.023376623376623377 0.047619047619047616
1 0.5051948051948052 0.3396825396825397 0.02077922077922078 0.04285714285714286
1 0.4948051948051948 0.30793650793650795 0.014285714285714285 0.026984126984126985
1 0.525974025974026 0.2714285714285714 0.01948051948051948 0.0380952380952381
1 0.5688311688311688 0.28888888888888886 0.024675324675324677 0.03492063492063492
1 0.4857142857142857 0.28095238095238095 0.02077922077922078 0.03492063492063492
1 0.4818181818181818 0.24761904761904763 0.02077922077922078 0.031746031746031744
1 0.5207792207792208 0.24603174603174602 0.01948051948051948 0.03015873015873016
1 0.5571428571428572 0.26666666666666666 0.023376623376623377 0.02857142857142857
2 0.474025974025974 0.3634920634920635 0.012987012987012988 0.047619047619047616
2 0.4766233766233766 0.33015873015873015 0.011688311688311689 0.02857142857142857
2 0.5688311688311688 0.43333333333333335 0.015584415584415584 0.05396825396825397
2 0.5337662337662338 0.37936507936507935 0.007792207792207792 0.03650793650793651
2 0.5441558441558442 0.3888888888888889 0.007792207792207792 0.03650793650793651
2 0.5636363636363636 0.4 0.006493506493506494 0.03333333333333333
2 0.5545454545454546 0.37142857142857144 0.007792207792207792 0.04126984126984127
0 0.474025974025974 0.1984126984126984 0.025974025974025976 0.06825396825396825
0 0.5077922077922078 0.1873015873015873 0.02857142857142857 0.08253968253968254
1 0.4649350649350649 0.13968253968253969 0.014285714285714285 0.022222222222222223
1 0.4753246753246753 0.15396825396825398 0.006493506493506494 0.01904761904761905
2 0.4649350649350649 0.2777777777777778 0.012987012987012988 0.044444444444444446
2 0.5207792207792208 0.30952380952380953 0.015584415584415584 0.044444444444444446
2 0.5051948051948052 0.26666666666666666 0.011688311688311689 0.046031746031746035
2 0.6376623376623377 0.43174603174603177 0.014285714285714285 0.03650793650793651
2 0.6181818181818182 0.38412698412698415 0.01038961038961039 0.03968253968253968
2 0.6506493506493507 0.40634920634920635 0.011688311688311689 0.03650793650793651
2 0.625974025974026 0.35079365079365077 0.014285714285714285 0.03015873015873016
2 0.6116883116883117 0.3476190476190476 0.011688311688311689 0.03968253968253968
2 0.6311688311688312 0.39206349206349206 0.007792207792207792 0.03333333333333333
2 0.5961038961038961 0.3142857142857143 0.012987012987012988 0.03333333333333333
2 0.5467532467532468 0.23015873015873015 0.01038961038961039 0.026984126984126985
1 0.6077922077922078 0.48095238095238096 0.048051948051948054 0.12380952380952381