2 0.8675324675324675 0.9571428571428572 0.05454545454545454 0.08571428571428572
2 0.6571428571428571 0.8904761904761904 0.04415584415584416 0.18253968253968253
2 0.6285714285714286 0.7968253968253968 0.033766233766233764 0.14126984126984127
2 0.6766233766233766 0.7095238095238096 0.04025974025974026 0.12857142857142856
2 0.5181818181818182 0.6031746031746031 0.03116883116883117 0.12222222222222222
2 0.6012987012987013 0.39206349206349206 0.01948051948051948 0.06984126984126984
2 0.6285714285714286 0.3873015873015873 0.014285714285714285 0.06349206349206349
2 0.5896103896103896 0.3253968253968254 0.015584415584415584 0.05396825396825397
2 0.5727272727272728 0.2857142857142857 0.007792207792207792 0.047619047619047616
1 0.5298701298701298 0.2634920634920635 0.03506493506493506 0.05714285714285714
2 0.5506493506493506 0.2523809523809524 0.01038961038961039 0.03968253968253968
2 0.548051948051948 0.2634920634920635 0.007792207792207792 0.0380952380952381
2 0.5636363636363636 0.2619047619047619 0.01038961038961039 0.046031746031746035
2 0.4779220779220779 0.2571428571428571 0.011688311688311689 0.04285714285714286
2 0.4909090909090909 0.2492063492063492 0.01038961038961039 0.0380952380952381
2 0.5025974025974026 0.2396825396825397 0.011688311688311689 0.04126984126984127
2 0.5246753246753246 0.2253968253968254 0.00909090909090909 0.02857142857142857
1 0.4831168831168831 0.22063492063492063 0.02727272727272727 0.046031746031746035
2 0.4714285714285714 0.19365079365079366 0.011688311688311689 0.031746031746031744
2 0.487012987012987 0.19682539682539682 0.00909090909090909 0.023809523809523808
1 0.5077922077922078 0.20476190476190476 0.02077922077922078 0.046031746031746035
2 0.525974025974026 0.18571428571428572 0.005194805194805195 0.031746031746031744
2 0.5 0.17777777777777778 0.01038961038961039 0.020634920634920634
2 0.5155844155844156 0.1761904761904762 0.01038961038961039 0.022222222222222223
2 0.5 0.16031746031746033 0.007792207792207792 0.020634920634920634
2 0.512987012987013 0.16031746031746033 0.00909090909090909 0.015873015873015872
2 0.4844155844155844 0.15079365079365079 0.006493506493506494 0.01746031746031746
2 0.4896103896103896 0.14603174603174604 0.007792207792207792 0.015873015873015872
2 0.5064935064935064 0.1492063492063492 0.005194805194805195 0.023809523809523808
1 0.4714285714285714 0.12380952380952381 0.012987012987012988 0.02857142857142857
2 0.4896103896103896 0.13174603174603175 0.006493506493506494 0.01746031746031746
2 0.5 0.12857142857142856 0.005194805194805195 0.01904761904761905
1 0.474025974025974 0.10634920634920635 0.00909090909090909 0.01746031746031746
1 0.4831168831168831 0.1126984126984127 0.011688311688311689 0.014285714285714285
3 0.4922077922077922 0.09841269841269841 0.00909090909090909 0.02857142857142857
2 0.4974025974025974 0.1126984126984127 0.006493506493506494 0.009523809523809525
2 0.5025974025974026 0.10793650793650794 0.0012987012987012987 0.004761904761904762
1 0.7402597402597403 0.6460317460317461 0.12077922077922078 0.2222222222222222
1 0.561038961038961 0.4365079365079365 0.048051948051948054 0.10476190476190476
1 0.6545454545454545 0.45555555555555555 0.05714285714285714 0.11587301587301588
1 0.5402597402597402 0.3380952380952381 0.046753246753246755 0.07301587301587302
3 0.487012987012987 0.326984126984127 0.04285714285714286 0.10158730158730159
1 0.5025974025974026 0.09365079365079365 0.007792207792207792 0.012698412698412698
1 0.5142857142857142 0.09365079365079365 0.011688311688311689 0.015873015873015872