1 0.4948051948051948 0.17142857142857143 0.02077922077922078 0.04285714285714286
2 0.4922077922077922 0.11904761904761904 0.01038961038961039 0.026984126984126985
2 0.5051948051948052 0.1365079365079365 0.011688311688311689 0.02857142857142857
2 0.5168831168831168 0.16984126984126985 0.016883116883116882 0.03650793650793651
3 0.5077922077922078 0.326984126984127 0.07142857142857142 0.19206349206349208
1 0.538961038961039 0.30317460317460315 0.016883116883116882 0.06507936507936508
2 0.5415584415584416 0.2746031746031746 0.016883116883116882 0.05396825396825397
3 0.5922077922077922 0.3984126984126984 0.07792207792207792 0.1984126984126984
2 0.5623376623376624 0.28888888888888886 0.012987012987012988 0.05238095238095238
0 0.6116883116883117 0.3111111111111111 0.08571428571428572 0.14761904761904762
3 0.5207792207792208 0.44285714285714284 0.06623376623376623 0.1619047619047619
0 0.6519480519480519 0.5349206349206349 0.14675324675324675 0.3126984126984127
1 0.5441558441558442 0.5761904761904761 0.07402597402597402 0.12857142857142856
2 0.4922077922077922 0.5825396825396826 0.02857142857142857 0.1
2 0.5012987012987012 0.6523809523809524 0.025974025974025976 0.1
1 0.5558441558441558 0.7365079365079366 0.09220779220779221 0.19365079365079366
2 0.6311688311688312 0.7555555555555555 0.03636363636363636 0.1349206349206349
1 0.6922077922077922 0.8809523809523809 0.11168831168831168 0.23492063492063492
2 0.7194805194805195 0.7746031746031746 0.03116883116883117 0.12698412698412698
2 0.7350649350649351 0.6825396825396826 0.033766233766233764 0.12698412698412698
2 0.7675324675324675 0.665079365079365 0.033766233766233764 0.12857142857142856
2 0.5155844155844156 0.9365079365079365 0.03896103896103896 0.12698412698412698
1 0.5909090909090909 0.9873015873015873 0.07792207792207792 0.025396825396825397
2 0.6207792207792208 0.9349206349206349 0.046753246753246755 0.12222222222222222
2 0.6064935064935065 0.8698412698412699 0.03636363636363636 0.1349206349206349
2 0.7571428571428571 0.8365079365079365 0.03506493506493506 0.1349206349206349
2 0.7857142857142857 0.8031746031746032 0.03116883116883117 0.10317460317460317
2 0.8194805194805195 0.7936507936507936 0.03636363636363636 0.13174603174603175
2 0.8766233766233766 0.926984126984127 0.04415584415584416 0.13968253968253969
2 0.9155844155844156 0.9793650793650793 0.033766233766233764 0.03968253968253968
1 0.8194805194805195 0.919047619047619 0.12467532467532468 0.16031746031746033