2 0.7337662337662337 0.638095238095238 0.03896103896103896 0.08571428571428572
2 0.8376623376623377 0.9492063492063492 0.05194805194805195 0.10158730158730159
2 0.9857142857142858 0.9857142857142858 0.02727272727272727 0.02857142857142857
1 0.5935064935064935 0.9095238095238095 0.14935064935064934 0.18095238095238095
2 0.6272727272727273 0.8333333333333334 0.03636363636363636 0.06666666666666667
2 0.6818181818181818 0.5333333333333333 0.02857142857142857 0.10158730158730159
2 0.6571428571428571 0.4650793650793651 0.02077922077922078 0.08888888888888889
2 0.5454545454545454 0.4444444444444444 0.02857142857142857 0.07301587301587302
2 0.538961038961039 0.3968253968253968 0.01818181818181818 0.06666666666666667
2 0.4935064935064935 0.2777777777777778 0.01818181818181818 0.05555555555555555
2 0.4831168831168831 0.16666666666666666 0.00909090909090909 0.025396825396825397
2 0.5207792207792208 0.21746031746031746 0.01038961038961039 0.025396825396825397
1 0.5532467532467532 0.34444444444444444 0.04415584415584416 0.0746031746031746
2 0.5701298701298702 0.3047619047619048 0.015584415584415584 0.05238095238095238
2 0.5987012987012987 0.3603174603174603 0.014285714285714285 0.06507936507936508
2 0.6103896103896104 0.39206349206349206 0.01948051948051948 0.06984126984126984
2 0.4844155844155844 0.1492063492063492 0.00909090909090909 0.026984126984126985
2 0.4974025974025974 0.14761904761904762 0.006493506493506494 0.03015873015873016
2 0.5064935064935064 0.1380952380952381 0.007792207792207792 0.03015873015873016
1 0.4701298701298701 0.12222222222222222 0.011688311688311689 0.026984126984126985
2 0.4805194805194805 0.11904761904761904 0.003896103896103896 0.015873015873015872
1 0.4883116883116883 0.12380952380952381 0.011688311688311689 0.01904761904761905
2 0.4909090909090909 0.10634920634920635 0.005194805194805195 0.012698412698412698
2 0.4987012987012987 0.1111111111111111 0.003896103896103896 0.01746031746031746
2 0.5051948051948052 0.10476190476190476 0.003896103896103896 0.015873015873015872
2 0.5077922077922078 0.09841269841269841 0.005194805194805195 0.015873015873015872
1 0.5402597402597402 0.5396825396825397 0.06363636363636363 0.1349206349206349
1 0.612987012987013 0.5158730158730159 0.05844155844155844 0.1380952380952381
1 0.6350649350649351 0.6904761904761905 0.07792207792207792 0.2
1 0.7441558441558441 0.8238095238095238 0.12207792207792208 0.3142857142857143