2 0.6675324675324675 0.819047619047619 0.01818181818181818 0.01746031746031746
2 0.6727272727272727 0.8920634920634921 0.032467532467532464 0.12857142857142856
2 0.7961038961038961 0.9063492063492063 0.02857142857142857 0.12380952380952381
2 0.7480519480519481 0.7714285714285715 0.03636363636363636 0.13015873015873017
2 0.7519480519480519 0.6333333333333333 0.04415584415584416 0.09841269841269841
2 0.7233766233766233 0.6190476190476191 0.02727272727272727 0.10476190476190476
2 0.7597402597402597 0.5253968253968254 0.02727272727272727 0.09523809523809523
2 0.7038961038961039 0.5714285714285714 0.02077922077922078 0.08095238095238096
2 0.6493506493506493 0.5015873015873016 0.012987012987012988 0.08253968253968254
2 0.6662337662337663 0.4936507936507937 0.015584415584415584 0.09841269841269841
2 0.6935064935064935 0.4857142857142857 0.014285714285714285 0.08571428571428572
2 0.6805194805194805 0.5412698412698412 0.006493506493506494 0.004761904761904762
2 0.625974025974026 0.4238095238095238 0.01818181818181818 0.06349206349206349
2 0.6545454545454545 0.4126984126984127 0.01948051948051948 0.07142857142857142
2 0.5545454545454546 0.40634920634920635 0.01948051948051948 0.06825396825396825
2 0.4792207792207792 0.37936507936507935 0.01948051948051948 0.046031746031746035
2 0.7207792207792207 0.5444444444444444 0.01818181818181818 0.0761904761904762
2 0.7441558441558441 0.5777777777777777 0.02207792207792208 0.06190476190476191
2 0.4766233766233766 0.3380952380952381 0.016883116883116882 0.04126984126984127
2 0.474025974025974 0.2857142857142857 0.014285714285714285 0.046031746031746035
2 0.4883116883116883 0.2984126984126984 0.011688311688311689 0.03968253968253968
2 0.5051948051948052 0.26666666666666666 0.012987012987012988 0.03650793650793651
2 0.5467532467532468 0.3603174603174603 0.014285714285714285 0.031746031746031744
2 0.5935064935064935 0.34285714285714286 0.01818181818181818 0.03650793650793651
2 0.6350649350649351 0.34444444444444444 0.024675324675324677 0.044444444444444446
2 0.5701298701298702 0.319047619047619 0.011688311688311689 0.03650793650793651
2 0.5766233766233766 0.31587301587301586 0.007792207792207792 0.03492063492063492
2 0.6025974025974026 0.31587301587301586 0.01818181818181818 0.023809523809523808
2 0.612987012987013 0.326984126984127 0.015584415584415584 0.01904761904761905
2 0.5922077922077922 0.30158730158730157 0.012987012987012988 0.03333333333333333
2 0.5766233766233766 0.2873015873015873 0.011688311688311689 0.031746031746031744
2 0.5662337662337662 0.2761904761904762 0.012987012987012988 0.0380952380952381
2 0.5883116883116883 0.2777777777777778 0.012987012987012988 0.025396825396825397
2 0.5831168831168831 0.2571428571428571 0.015584415584415584 0.01904761904761905
2 0.5766233766233766 0.27936507936507937 0.006493506493506494 0.04126984126984127
2 0.551948051948052 0.2650793650793651 0.014285714285714285 0.022222222222222223
2 0.5454545454545454 0.2507936507936508 0.012987012987012988 0.025396825396825397
2 0.5012987012987012 0.23809523809523808 0.00909090909090909 0.022222222222222223
2 0.5038961038961038 0.21746031746031746 0.01038961038961039 0.022222222222222223
2 0.509090909090909 0.20793650793650795 0.00909090909090909 0.022222222222222223
2 0.5311688311688312 0.2111111111111111 0.00909090909090909 0.026984126984126985
2 0.5376623376623376 0.2015873015873016 0.011688311688311689 0.031746031746031744
2 0.5337662337662338 0.19047619047619047 0.011688311688311689 0.01746031746031746
2 0.5168831168831168 0.19523809523809524 0.011688311688311689 0.023809523809523808
2 0.5233766233766234 0.17777777777777778 0.007792207792207792 0.031746031746031744
2 0.4961038961038961 0.19206349206349208 0.01038961038961039 0.02857142857142857
2 0.4844155844155844 0.17142857142857143 0.01038961038961039 0.026984126984126985
2 0.5051948051948052 0.16825396825396827 0.011688311688311689 0.031746031746031744
2 0.5142857142857142 0.15396825396825398 0.01038961038961039 0.020634920634920634
2 0.5116883116883116 0.14126984126984127 0.00909090909090909 0.014285714285714285
2 0.5064935064935064 0.13174603174603175 0.012987012987012988 0.01904761904761905
2 0.5025974025974026 0.12063492063492064 0.012987012987012988 0.01746031746031746
2 0.4922077922077922 0.14603174603174604 0.011688311688311689 0.014285714285714285
2 0.4948051948051948 0.12857142857142856 0.00909090909090909 0.015873015873015872
2 0.4883116883116883 0.1253968253968254 0.006493506493506494 0.015873015873015872
2 0.4649350649350649 0.13174603174603175 0.00909090909090909 0.020634920634920634
2 0.474025974025974 0.1349206349206349 0.005194805194805195 0.014285714285714285
2 0.4805194805194805 0.1365079365079365 0.005194805194805195 0.012698412698412698
2 0.487012987012987 0.1380952380952381 0.006493506493506494 0.015873015873015872
2 0.4961038961038961 0.1349206349206349 0.007792207792207792 0.014285714285714285
2 0.5038961038961038 0.09682539682539683 0.006493506493506494 0.014285714285714285
2 0.512987012987013 0.09523809523809523 0.006493506493506494 0.014285714285714285
2 0.509090909090909 0.1 0.006493506493506494 0.01746031746031746
2 0.8285714285714286 0.773015873015873 0.09350649350649351 0.19365079365079366
1 0.8298701298701299 0.780952380952381 0.08961038961038961 0.20317460317460317
1 0.6714285714285714 0.6841269841269841 0.08701298701298701 0.1984126984126984
3 0.5792207792207792 0.8111111111111111 0.12597402597402596 0.37777777777777777
1 0.535064935064935 0.5428571428571428 0.05714285714285714 0.14285714285714285
1 0.509090909090909 0.45714285714285713 0.03636363636363636 0.09841269841269841
3 0.5181818181818182 0.35714285714285715 0.04025974025974026 0.15555555555555556
1 0.612987012987013 0.5047619047619047 0.053246753246753244 0.10793650793650794
1 0.5883116883116883 0.41904761904761906 0.05064935064935065 0.09206349206349207
1 0.5714285714285714 0.36507936507936506 0.02857142857142857 0.06349206349206349
1 0.551948051948052 0.3253968253968254 0.032467532467532464 0.06825396825396825
1 0.5428571428571428 0.28253968253968254 0.02857142857142857 0.023809523809523808
1 0.4909090909090909 0.25873015873015875 0.02207792207792208 0.04285714285714286
1 0.5246753246753246 0.24126984126984127 0.024675324675324677 0.04285714285714286
1 0.4779220779220779 0.2253968253968254 0.024675324675324677 0.047619047619047616
1 0.4753246753246753 0.18888888888888888 0.014285714285714285 0.026984126984126985
1 0.5571428571428572 0.22063492063492063 0.023376623376623377 0.05555555555555555
1 0.4766233766233766 0.15079365079365079 0.01948051948051948 0.02857142857142857
1 0.4896103896103896 0.11428571428571428 0.014285714285714285 0.020634920634920634
2 0.4922077922077922 0.14603174603174604 0.00909090909090909 0.014285714285714285