3 0.4623376623376623 0.15873015873015872 0.023376623376623377 0.044444444444444446
1 0.4727272727272727 0.1380952380952381 0.012987012987012988 0.026984126984126985
3 0.5064935064935064 0.14285714285714285 0.015584415584415584 0.0380952380952381
2 0.4896103896103896 0.1126984126984127 0.005194805194805195 0.01746031746031746
2 0.4974025974025974 0.1 0.006493506493506494 0.011111111111111112
2 0.5012987012987012 0.09365079365079365 0.005194805194805195 0.011111111111111112
2 0.5012987012987012 0.1111111111111111 0.006493506493506494 0.012698412698412698
2 0.4896103896103896 0.13015873015873017 0.007792207792207792 0.012698412698412698
2 0.4909090909090909 0.15079365079365079 0.007792207792207792 0.022222222222222223
2 0.5233766233766234 0.17936507936507937 0.006493506493506494 0.026984126984126985
2 0.5324675324675324 0.19682539682539682 0.00909090909090909 0.02857142857142857
2 0.5493506493506494 0.2396825396825397 0.00909090909090909 0.03968253968253968
2 0.6077922077922078 0.326984126984127 0.01818181818181818 0.0380952380952381
2 0.6116883116883117 0.36984126984126986 0.01948051948051948 0.05555555555555555
2 0.6649350649350649 0.4603174603174603 0.02207792207792208 0.0746031746031746
2 0.7623376623376623 0.665079365079365 0.03506493506493506 0.09841269841269841
2 0.7909090909090909 0.7634920634920634 0.045454545454545456 0.1126984126984127
2 0.9285714285714286 0.9523809523809523 0.05454545454545454 0.09523809523809523