3 0.8285714285714286 0.7857142857142857 0.18961038961038962 0.37777777777777777
3 0.7649350649350649 0.9349206349206349 0.15324675324675324 0.13015873015873017
1 0.5727272727272728 0.8238095238095238 0.10779220779220779 0.273015873015873
1 0.6610389610389611 0.7317460317460317 0.1012987012987013 0.24603174603174602
2 0.6948051948051948 0.553968253968254 0.02987012987012987 0.10634920634920635
2 0.7298701298701299 0.5841269841269842 0.023376623376623377 0.09206349206349207
1 0.5233766233766234 0.5825396825396826 0.05454545454545454 0.14603174603174604
2 0.5597402597402598 0.5333333333333333 0.02077922077922078 0.09206349206349207
1 0.6181818181818182 0.5428571428571428 0.07532467532467532 0.13968253968253969
2 0.6545454545454545 0.4857142857142857 0.02727272727272727 0.08888888888888889
2 0.5896103896103896 0.37936507936507935 0.02207792207792208 0.0746031746031746
2 0.6012987012987013 0.3253968253968254 0.014285714285714285 0.047619047619047616
1 0.5428571428571428 0.2873015873015873 0.02987012987012987 0.06825396825396825
2 0.5662337662337662 0.26031746031746034 0.016883116883116882 0.04285714285714286
1 0.5207792207792208 0.25873015873015875 0.03116883116883117 0.05555555555555555
2 0.5363636363636364 0.23333333333333334 0.00909090909090909 0.03492063492063492
1 0.4987012987012987 0.35079365079365077 0.03766233766233766 0.07142857142857142
2 0.4818181818181818 0.32222222222222224 0.015584415584415584 0.047619047619047616
2 0.5441558441558442 0.2222222222222222 0.011688311688311689 0.031746031746031744
2 0.551948051948052 0.21746031746031746 0.01038961038961039 0.03492063492063492
2 0.5142857142857142 0.18095238095238095 0.01038961038961039 0.026984126984126985
2 0.4662337662337662 0.15079365079365079 0.007792207792207792 0.026984126984126985
1 0.4818181818181818 0.15555555555555556 0.014285714285714285 0.02857142857142857
2 0.474025974025974 0.14285714285714285 0.006493506493506494 0.023809523809523808
1 0.4857142857142857 0.13174603174603175 0.011688311688311689 0.020634920634920634
2 0.4844155844155844 0.1365079365079365 0.005194805194805195 0.01746031746031746
2 0.4818181818181818 0.11428571428571428 0.005194805194805195 0.015873015873015872
2 0.4896103896103896 0.1126984126984127 0.005194805194805195 0.01746031746031746
1 0.5012987012987012 0.14603174603174604 0.016883116883116882 0.02857142857142857
2 0.4974025974025974 0.11428571428571428 0.006493506493506494 0.01746031746031746
2 0.4701298701298701 0.1126984126984127 0.006493506493506494 0.014285714285714285
2 0.4792207792207792 0.10158730158730159 0.005194805194805195 0.012698412698412698
2 0.4974025974025974 0.1 0.005194805194805195 0.007936507936507936
1 0.4714285714285714 0.22380952380952382 0.023376623376623377 0.046031746031746035
1 0.5103896103896104 0.4365079365079365 0.05064935064935065 0.10158730158730159
0 0.6428571428571429 0.4015873015873016 0.06883116883116883 0.14761904761904762