2 0.6519480519480519 0.9365079365079365 0.03766233766233766 0.12698412698412698
1 0.674025974025974 0.7603174603174603 0.11298701298701298 0.2015873015873016
2 0.6311688311688312 0.8158730158730159 0.033766233766233764 0.15079365079365079
2 0.6636363636363637 0.8682539682539683 0.032467532467532464 0.14444444444444443
2 0.7077922077922078 0.873015873015873 0.032467532467532464 0.12222222222222222
2 0.8155844155844156 0.9428571428571428 0.02857142857142857 0.1126984126984127
2 0.8688311688311688 0.9761904761904762 0.03506493506493506 0.047619047619047616
2 0.8935064935064935 0.9380952380952381 0.03896103896103896 0.12222222222222222
2 0.9363636363636364 0.9333333333333333 0.03896103896103896 0.13333333333333333
2 0.9792207792207792 0.9365079365079365 0.03116883116883117 0.12698412698412698
2 0.9558441558441558 0.8603174603174604 0.03116883116883117 0.1
2 0.8584415584415584 0.8777777777777778 0.04155844155844156 0.11428571428571428
2 0.8948051948051948 0.8523809523809524 0.02987012987012987 0.08888888888888889
1 0.7831168831168831 0.8317460317460318 0.11818181818181818 0.20793650793650795
2 0.825974025974026 0.7936507936507936 0.03766233766233766 0.12063492063492064
2 0.8545454545454545 0.7888888888888889 0.033766233766233764 0.12380952380952381
2 0.7961038961038961 0.726984126984127 0.02857142857142857 0.08095238095238096
2 0.8207792207792208 0.7 0.04155844155844156 0.0746031746031746
2 0.7311688311688311 0.6730158730158731 0.03116883116883117 0.1
2 0.7467532467532467 0.6968253968253968 0.025974025974025976 0.06031746031746032
2 0.7090909090909091 0.6904761904761905 0.032467532467532464 0.1126984126984127
2 0.7467532467532467 0.6253968253968254 0.025974025974025976 0.06666666666666667
2 0.7649350649350649 0.6730158730158731 0.02857142857142857 0.0873015873015873
2 0.7987012987012987 0.6587301587301587 0.033766233766233764 0.09365079365079365
2 0.7649350649350649 0.6047619047619047 0.025974025974025976 0.08095238095238096
2 0.7298701298701299 0.5603174603174603 0.025974025974025976 0.06666666666666667
2 0.7428571428571429 0.5634920634920635 0.02207792207792208 0.09682539682539683
2 0.6909090909090909 0.6412698412698413 0.025974025974025976 0.08253968253968254
2 0.712987012987013 0.6047619047619047 0.02987012987012987 0.07777777777777778
2 0.6649350649350649 0.6063492063492063 0.03636363636363636 0.10158730158730159
2 0.6844155844155844 0.5841269841269842 0.016883116883116882 0.08095238095238096
2 0.6584415584415585 0.5507936507936508 0.02857142857142857 0.08888888888888889
2 0.7168831168831169 0.5333333333333333 0.01948051948051948 0.06984126984126984
2 0.6987012987012987 0.5079365079365079 0.024675324675324677 0.08095238095238096
1 0.6610389610389611 0.5031746031746032 0.06623376623376623 0.09206349206349207
2 0.6818181818181818 0.4777777777777778 0.023376623376623377 0.0746031746031746
2 0.674025974025974 0.44603174603174606 0.01948051948051948 0.05555555555555555
1 0.6 0.46984126984126984 0.05194805194805195 0.08095238095238096
2 0.6246753246753247 0.4746031746031746 0.02727272727272727 0.09206349206349207
1 0.6272727272727273 0.4111111111111111 0.04285714285714286 0.0746031746031746
2 0.6636363636363637 0.4174603174603175 0.014285714285714285 0.06031746031746032
2 0.6467532467532467 0.39365079365079364 0.01818181818181818 0.05873015873015873
3 0.5454545454545454 0.5428571428571428 0.10779220779220779 0.26666666666666666
1 0.5805194805194805 0.4238095238095238 0.04415584415584416 0.07301587301587302
1 0.5675324675324676 0.3523809523809524 0.04415584415584416 0.08571428571428572
1 0.561038961038961 0.37777777777777777 0.03506493506493506 0.07777777777777778
2 0.5883116883116883 0.37142857142857144 0.02207792207792208 0.049206349206349205
2 0.5948051948051948 0.373015873015873 0.01038961038961039 0.050793650793650794
2 0.6064935064935065 0.35555555555555557 0.02077922077922078 0.03968253968253968
2 0.6181818181818182 0.3603174603174603 0.00909090909090909 0.03650793650793651
2 0.6363636363636364 0.35873015873015873 0.014285714285714285 0.049206349206349205
1 0.5038961038961038 0.38571428571428573 0.045454545454545456 0.07142857142857142
1 0.4909090909090909 0.3476190476190476 0.048051948051948054 0.06349206349206349
2 0.5246753246753246 0.3682539682539683 0.014285714285714285 0.0380952380952381
2 0.5298701298701298 0.3396825396825397 0.00909090909090909 0.03650793650793651
2 0.4779220779220779 0.3253968253968254 0.01818181818181818 0.04285714285714286
1 0.538961038961039 0.2984126984126984 0.05194805194805195 0.06984126984126984
2 0.574025974025974 0.30793650793650795 0.016883116883116882 0.046031746031746035
1 0.5987012987012987 0.3253968253968254 0.02727272727272727 0.06825396825396825
2 0.6077922077922078 0.3111111111111111 0.015584415584415584 0.04285714285714286
2 0.5948051948051948 0.29365079365079366 0.014285714285714285 0.02857142857142857
1 0.4779220779220779 0.2714285714285714 0.023376623376623377 0.03333333333333333
1 0.5038961038961038 0.2634920634920635 0.02987012987012987 0.044444444444444446
2 0.525974025974026 0.25396825396825395 0.016883116883116882 0.03333333333333333
1 0.5441558441558442 0.2650793650793651 0.023376623376623377 0.05238095238095238
2 0.5623376623376624 0.25396825396825395 0.00909090909090909 0.03650793650793651
2 0.5753246753246753 0.2396825396825397 0.012987012987012988 0.02857142857142857
2 0.4753246753246753 0.30158730158730157 0.02077922077922078 0.03015873015873016
2 0.4662337662337662 0.2619047619047619 0.01038961038961039 0.02857142857142857
1 0.4753246753246753 0.23492063492063492 0.02727272727272727 0.03015873015873016
1 0.5 0.2253968253968254 0.02727272727272727 0.02857142857142857
1 0.4714285714285714 0.20952380952380953 0.01818181818181818 0.01746031746031746
2 0.4896103896103896 0.2111111111111111 0.006493506493506494 0.020634920634920634
2 0.512987012987013 0.22380952380952382 0.007792207792207792 0.03492063492063492
1 0.5233766233766234 0.2253968253968254 0.01818181818181818 0.01904761904761905
1 0.5064935064935064 0.2015873015873016 0.02207792207792208 0.022222222222222223
2 0.5298701298701298 0.2 0.00909090909090909 0.022222222222222223
1 0.4662337662337662 0.19365079365079366 0.02207792207792208 0.012698412698412698
1 0.4623376623376623 0.18253968253968253 0.01818181818181818 0.012698412698412698
2 0.4844155844155844 0.18571428571428572 0.00909090909090909 0.01904761904761905
1 0.5012987012987012 0.18888888888888888 0.016883116883116882 0.014285714285714285
2 0.5207792207792208 0.18571428571428572 0.006493506493506494 0.022222222222222223
1 0.4636363636363636 0.17142857142857143 0.02077922077922078 0.012698412698412698
2 0.4766233766233766 0.173015873015873 0.007792207792207792 0.015873015873015872
1 0.4974025974025974 0.17777777777777778 0.012987012987012988 0.015873015873015872
0 0.4909090909090909 0.14761904761904762 0.025974025974025976 0.047619047619047616
1 0.5038961038961038 0.1634920634920635 0.006493506493506494 0.020634920634920634
2 0.509090909090909 0.17142857142857143 0.005194805194805195 0.014285714285714285
2 0.5181818181818182 0.16666666666666666 0.007792207792207792 0.02857142857142857
2 0.5285714285714286 0.1761904761904762 0.005194805194805195 0.015873015873015872
2 0.538961038961039 0.1873015873015873 0.006493506493506494 0.022222222222222223
2 0.5181818181818182 0.1523809523809524 0.007792207792207792 0.01746031746031746
1 0.5844155844155844 0.953968253968254 0.1038961038961039 0.09206349206349207
1 0.7194805194805195 0.953968253968254 0.09090909090909091 0.09206349206349207
1 0.5636363636363636 0.7904761904761904 0.10519480519480519 0.23174603174603176
1 0.6194805194805195 0.5888888888888889 0.07922077922077922 0.16507936507936508
1 0.5064935064935064 0.319047619047619 0.03116883116883117 0.0380952380952381
1 0.461038961038961 0.1619047619047619 0.01948051948051948 0.011111111111111112
1 0.4623376623376623 0.1523809523809524 0.01818181818181818 0.014285714285714285
1 0.4623376623376623 0.14285714285714285 0.016883116883116882 0.011111111111111112
1 0.4662337662337662 0.13015873015873017 0.01818181818181818 0.01746031746031746
0 0.4753246753246753 0.10634920634920635 0.01948051948051948 0.03333333333333333
1 0.4688311688311688 0.11904761904761904 0.012987012987012988 0.015873015873015872
1 0.5116883116883116 0.14285714285714285 0.01818181818181818 0.014285714285714285
1 0.5038961038961038 0.13015873015873017 0.00909090909090909 0.007936507936507936
0 0.4922077922077922 0.08888888888888889 0.025974025974025976 0.03492063492063492