2 0.509090909090909 0.8809523809523809 0.032467532467532464 0.1492063492063492
2 0.8896103896103896 0.846031746031746 0.03766233766233766 0.12698412698412698
2 0.8909090909090909 0.9571428571428572 0.05844155844155844 0.08571428571428572
2 0.9597402597402598 0.9634920634920635 0.07012987012987013 0.07301587301587302
2 0.6922077922077922 0.8412698412698413 0.02987012987012987 0.11587301587301588
2 0.7545454545454545 0.780952380952381 0.03636363636363636 0.09206349206349207
2 0.7038961038961039 0.8031746031746032 0.02987012987012987 0.12698412698412698
2 0.687012987012987 0.719047619047619 0.01948051948051948 0.10634920634920635
2 0.712987012987013 0.6349206349206349 0.03116883116883117 0.047619047619047616
2 0.712987012987013 0.7031746031746032 0.032467532467532464 0.09523809523809523
2 0.7285714285714285 0.5888888888888889 0.02987012987012987 0.08412698412698413
2 0.7506493506493507 0.6349206349206349 0.032467532467532464 0.10793650793650794
2 0.7935064935064935 0.6396825396825396 0.03116883116883117 0.050793650793650794
2 0.6948051948051948 0.5285714285714286 0.02987012987012987 0.09047619047619047
2 0.6558441558441559 0.4238095238095238 0.033766233766233764 0.07777777777777778
2 0.5428571428571428 0.4158730158730159 0.01818181818181818 0.06031746031746032
2 0.538961038961039 0.4634920634920635 0.02207792207792208 0.05873015873015873
2 0.564935064935065 0.4587301587301587 0.02207792207792208 0.06825396825396825
2 0.4961038961038961 0.49206349206349204 0.025974025974025976 0.09206349206349207
2 0.4948051948051948 0.5857142857142857 0.023376623376623377 0.10634920634920635
2 0.5818181818181818 0.2968253968253968 0.01948051948051948 0.05238095238095238
2 0.5987012987012987 0.32222222222222224 0.01818181818181818 0.05396825396825397
2 0.5012987012987012 0.2650793650793651 0.01818181818181818 0.046031746031746035
2 0.5337662337662338 0.23015873015873015 0.011688311688311689 0.03650793650793651
2 0.5142857142857142 0.21428571428571427 0.007792207792207792 0.03015873015873016
2 0.5272727272727272 0.19206349206349208 0.006493506493506494 0.02857142857142857
2 0.538961038961039 0.20793650793650795 0.011688311688311689 0.02857142857142857
2 0.4688311688311688 0.15079365079365079 0.011688311688311689 0.023809523809523808
2 0.509090909090909 0.14761904761904762 0.007792207792207792 0.020634920634920634
2 0.5025974025974026 0.13015873015873017 0.007792207792207792 0.011111111111111112
2 0.4961038961038961 0.14444444444444443 0.006493506493506494 0.01746031746031746
2 0.5012987012987012 0.1523809523809524 0.007792207792207792 0.025396825396825397
2 0.4818181818181818 0.1253968253968254 0.006493506493506494 0.01904761904761905
2 0.4896103896103896 0.1253968253968254 0.006493506493506494 0.01746031746031746
2 0.5038961038961038 0.1111111111111111 0.005194805194805195 0.012698412698412698
2 0.4922077922077922 0.09841269841269841 0.0025974025974025974 0.007936507936507936
1 0.8 0.9 0.14025974025974025 0.1984126984126984
1 0.6155844155844156 0.4380952380952381 0.06363636363636363 0.1
1 0.6051948051948052 0.5126984126984127 0.07662337662337662 0.12380952380952381
1 0.6337662337662338 0.6412698412698413 0.08311688311688312 0.16031746031746033
1 0.8 0.753968253968254 0.11688311688311688 0.2111111111111111
1 0.5311688311688312 0.30952380952380953 0.046753246753246755 0.08095238095238096
1 0.4688311688311688 0.18253968253968253 0.01818181818181818 0.03650793650793651
1 0.4883116883116883 0.15555555555555556 0.016883116883116882 0.02857142857142857
1 0.5038961038961038 0.18095238095238095 0.02207792207792208 0.03492063492063492
1 0.4974025974025974 0.2253968253968254 0.023376623376623377 0.044444444444444446
1 0.4909090909090909 0.1111111111111111 0.01038961038961039 0.01746031746031746
3 0.6311688311688312 0.8587301587301587 0.18701298701298702 0.28253968253968254
0 0.5571428571428572 0.6476190476190476 0.10909090909090909 0.3142857142857143