2 0.548051948051948 0.9349206349206349 0.03636363636363636 0.13015873015873017
2 0.5194805194805194 0.8269841269841269 0.03766233766233766 0.14761904761904762
2 0.6025974025974026 0.7587301587301587 0.03506493506493506 0.14126984126984127
2 0.6467532467532467 0.8222222222222222 0.02987012987012987 0.13015873015873017
2 0.6805194805194805 0.780952380952381 0.03116883116883117 0.1349206349206349
2 0.7285714285714285 0.780952380952381 0.03896103896103896 0.13333333333333333
2 0.7961038961038961 0.8507936507936508 0.07272727272727272 0.15555555555555556
2 0.8090909090909091 0.7301587301587301 0.03116883116883117 0.10952380952380952
2 0.7714285714285715 0.7015873015873015 0.04935064935064935 0.1365079365079365
2 0.7545454545454545 0.5968253968253968 0.033766233766233764 0.1
2 0.6974025974025974 0.6333333333333333 0.04285714285714286 0.10634920634920635
2 0.6532467532467533 0.6428571428571429 0.04415584415584416 0.10952380952380952
2 0.5987012987012987 0.6365079365079365 0.02727272727272727 0.11587301587301588
2 0.6038961038961039 0.5317460317460317 0.03636363636363636 0.12063492063492064
2 0.7025974025974026 0.5746031746031746 0.03116883116883117 0.07936507936507936
2 0.6961038961038961 0.5095238095238095 0.01818181818181818 0.05714285714285714
2 0.6857142857142857 0.46825396825396826 0.01948051948051948 0.06349206349206349
2 0.6610389610389611 0.42857142857142855 0.025974025974025976 0.08412698412698413
2 0.6064935064935065 0.37142857142857144 0.014285714285714285 0.06190476190476191
2 0.6207792207792208 0.33650793650793653 0.01818181818181818 0.05396825396825397
2 0.6337662337662338 0.37936507936507935 0.02857142857142857 0.05714285714285714
2 0.5532467532467532 0.3968253968253968 0.025974025974025976 0.0873015873015873
2 0.5233766233766234 0.3761904761904762 0.01948051948051948 0.08253968253968254
2 0.4961038961038961 0.33650793650793653 0.02077922077922078 0.05714285714285714
2 0.5467532467532468 0.3412698412698413 0.03116883116883117 0.05873015873015873
2 0.5701298701298702 0.3142857142857143 0.016883116883116882 0.05714285714285714
2 0.574025974025974 0.25396825396825395 0.012987012987012988 0.05873015873015873
2 0.4753246753246753 0.26666666666666666 0.02727272727272727 0.06190476190476191
2 0.5116883116883116 0.2015873015873016 0.014285714285714285 0.046031746031746035
2 0.535064935064935 0.2 0.016883116883116882 0.049206349206349205
2 0.487012987012987 0.15555555555555556 0.01038961038961039 0.03492063492063492
2 0.4909090909090909 0.14761904761904762 0.007792207792207792 0.023809523809523808
1 0.4779220779220779 0.12222222222222222 0.01038961038961039 0.025396825396825397
1 0.4857142857142857 0.11428571428571428 0.011688311688311689 0.022222222222222223
2 0.4883116883116883 0.11904761904761904 0.005194805194805195 0.022222222222222223
2 0.4909090909090909 0.12380952380952381 0.003896103896103896 0.025396825396825397
2 0.5 0.14285714285714285 0.007792207792207792 0.023809523809523808
2 0.5 0.11904761904761904 0.007792207792207792 0.01904761904761905
2 0.5038961038961038 0.11587301587301588 0.007792207792207792 0.014285714285714285
1 0.4922077922077922 0.10158730158730159 0.01038961038961039 0.01746031746031746
2 0.5012987012987012 0.10476190476190476 0.006493506493506494 0.01904761904761905
2 0.512987012987013 0.1 0.0025974025974025974 0.015873015873015872
1 0.5103896103896104 0.15396825396825398 0.014285714285714285 0.03492063492063492
1 0.4727272727272727 0.1873015873015873 0.016883116883116882 0.049206349206349205
1 0.535064935064935 0.2571428571428571 0.03766233766233766 0.07936507936507936
1 0.6246753246753247 0.44603174603174606 0.05584415584415584 0.10793650793650794
1 0.5324675324675324 0.5190476190476191 0.05584415584415584 0.1349206349206349
1 0.7506493506493507 0.9285714285714286 0.12987012987012986 0.14285714285714285