2 0.6493506493506493 0.9666666666666667 0.03766233766233766 0.06666666666666667
2 0.6454545454545455 0.8857142857142857 0.04155844155844156 0.1349206349206349
2 0.6649350649350649 0.8301587301587302 0.032467532467532464 0.14444444444444443
2 0.7935064935064935 0.9444444444444444 0.03636363636363636 0.10952380952380952
2 0.7 0.9380952380952381 0.06493506493506493 0.12380952380952381
2 0.9090909090909091 0.9317460317460318 0.02857142857142857 0.1253968253968254
2 0.9324675324675324 0.9206349206349206 0.045454545454545456 0.14285714285714285
2 0.9298701298701298 0.9746031746031746 0.045454545454545456 0.049206349206349205
2 0.8584415584415584 0.861904761904762 0.04935064935064935 0.173015873015873
2 0.8168831168831169 0.8634920634920635 0.03766233766233766 0.12857142857142856
2 0.8467532467532467 0.9412698412698413 0.046753246753246755 0.11746031746031746
2 0.8818181818181818 0.9952380952380953 0.012987012987012988 0.009523809523809525
2 0.825974025974026 0.7746031746031746 0.032467532467532464 0.10476190476190476
2 0.8142857142857143 0.7063492063492064 0.03896103896103896 0.09206349206349207
2 0.787012987012987 0.8 0.04025974025974026 0.13015873015873017
2 0.7727272727272727 0.7238095238095238 0.04155844155844156 0.10317460317460317
2 0.7831168831168831 0.6777777777777778 0.04155844155844156 0.10793650793650794
2 0.7259740259740259 0.6619047619047619 0.03766233766233766 0.06825396825396825
2 0.6922077922077922 0.6317460317460317 0.032467532467532464 0.10317460317460317
2 0.7519480519480519 0.6063492063492063 0.032467532467532464 0.07936507936507936
2 0.7259740259740259 0.6111111111111112 0.02857142857142857 0.06825396825396825
2 0.687012987012987 0.5888888888888889 0.03636363636363636 0.08412698412698413
2 0.7142857142857143 0.5777777777777777 0.03116883116883117 0.08253968253968254
2 0.7350649350649351 0.5380952380952381 0.03636363636363636 0.0873015873015873
2 0.7051948051948052 0.4936507936507937 0.024675324675324677 0.1
2 0.6480519480519481 0.5174603174603175 0.02857142857142857 0.08412698412698413
2 0.6623376623376623 0.5587301587301587 0.032467532467532464 0.09206349206349207
2 0.5012987012987012 0.5968253968253968 0.033766233766233764 0.09841269841269841
2 0.4883116883116883 0.5126984126984127 0.025974025974025976 0.09841269841269841
2 0.5766233766233766 0.6222222222222222 0.025974025974025976 0.10793650793650794
2 0.5948051948051948 0.6904761904761905 0.03766233766233766 0.13174603174603175
2 0.6220779220779221 0.765079365079365 0.03636363636363636 0.13968253968253969
2 0.551948051948052 0.4301587301587302 0.02727272727272727 0.07301587301587302
2 0.4857142857142857 0.38571428571428573 0.01818181818181818 0.05714285714285714
2 0.5272727272727272 0.3253968253968254 0.014285714285714285 0.05396825396825397
2 0.5402597402597402 0.34285714285714286 0.015584415584415584 0.06507936507936508
2 0.587012987012987 0.36666666666666664 0.01818181818181818 0.044444444444444446
2 0.6194805194805195 0.34444444444444444 0.012987012987012988 0.050793650793650794
2 0.6051948051948052 0.38412698412698415 0.016883116883116882 0.05396825396825397
2 0.6220779220779221 0.4 0.011688311688311689 0.049206349206349205
2 0.6363636363636364 0.37142857142857144 0.011688311688311689 0.011111111111111112
2 0.6103896103896104 0.42857142857142855 0.024675324675324677 0.07301587301587302
2 0.6792207792207792 0.44761904761904764 0.012987012987012988 0.06190476190476191
2 0.4896103896103896 0.2253968253968254 0.014285714285714285 0.03650793650793651
2 0.5025974025974026 0.21904761904761905 0.01038961038961039 0.03333333333333333
2 0.5012987012987012 0.18095238095238095 0.00909090909090909 0.026984126984126985
2 0.5324675324675324 0.19206349206349208 0.016883116883116882 0.03015873015873016
2 0.509090909090909 0.19682539682539682 0.012987012987012988 0.0380952380952381
2 0.4974025974025974 0.14603174603174604 0.00909090909090909 0.020634920634920634
2 0.4792207792207792 0.12063492063492064 0.007792207792207792 0.01746031746031746
2 0.4883116883116883 0.11904761904761904 0.006493506493506494 0.015873015873015872
2 0.5038961038961038 0.1253968253968254 0.006493506493506494 0.015873015873015872
2 0.5142857142857142 0.14285714285714285 0.00909090909090909 0.01904761904761905
2 0.4922077922077922 0.10158730158730159 0.005194805194805195 0.009523809523809525
1 0.5675324675324676 0.861904761904762 0.08701298701298701 0.26031746031746034
1 0.6025974025974026 0.9857142857142858 0.08311688311688312 0.026984126984126985
1 0.7506493506493507 0.9857142857142858 0.07792207792207792 0.02857142857142857
1 0.7246753246753247 0.7968253968253968 0.11298701298701298 0.2111111111111111
1 0.6415584415584416 0.6301587301587301 0.09350649350649351 0.18412698412698414
1 0.5441558441558442 0.6714285714285714 0.08181818181818182 0.17936507936507937
1 0.5337662337662338 0.5301587301587302 0.07012987012987013 0.1365079365079365
1 0.6103896103896104 0.5238095238095238 0.06103896103896104 0.11428571428571428
1 0.5181818181818182 0.4492063492063492 0.05454545454545454 0.09047619047619047
1 0.5103896103896104 0.4095238095238095 0.05194805194805195 0.08253968253968254
1 0.5831168831168831 0.4523809523809524 0.04935064935064935 0.1111111111111111
1 0.5636363636363636 0.38412698412698415 0.03506493506493506 0.06349206349206349
1 0.5857142857142857 0.32857142857142857 0.045454545454545456 0.07301587301587302
1 0.6558441558441559 0.4507936507936508 0.07272727272727272 0.1380952380952381
1 0.5103896103896104 0.3492063492063492 0.04415584415584416 0.08571428571428572
1 0.525974025974026 0.2761904761904762 0.03766233766233766 0.06984126984126984
1 0.5571428571428572 0.24444444444444444 0.03116883116883117 0.06825396825396825
1 0.4805194805194805 0.2507936507936508 0.025974025974025976 0.03968253968253968
1 0.4831168831168831 0.2761904761904762 0.024675324675324677 0.044444444444444446
1 0.4896103896103896 0.3126984126984127 0.02727272727272727 0.06666666666666667
1 0.5025974025974026 0.10158730158730159 0.006493506493506494 0.014285714285714285