2 0.7207792207792207 0.44126984126984126 0.02207792207792208 0.0746031746031746
2 0.7181818181818181 0.3873015873015873 0.01948051948051948 0.08095238095238096
2 0.6675324675324675 0.2904761904761905 0.015584415584415584 0.05714285714285714
2 0.6454545454545455 0.25396825396825395 0.016883116883116882 0.047619047619047616
2 0.6623376623376623 0.22857142857142856 0.012987012987012988 0.04126984126984127
2 0.6272727272727273 0.15555555555555556 0.011688311688311689 0.031746031746031744
2 0.6181818181818182 0.13174603174603175 0.011688311688311689 0.025396825396825397
2 0.5935064935064935 0.1 0.01038961038961039 0.020634920634920634
2 0.6207792207792208 0.09047619047619047 0.007792207792207792 0.020634920634920634
2 0.6116883116883117 0.08888888888888889 0.00909090909090909 0.01746031746031746
1 0.5987012987012987 0.14285714285714285 0.01818181818181818 0.04285714285714286
1 0.577922077922078 0.1126984126984127 0.011688311688311689 0.03333333333333333
1 0.6142857142857143 0.0761904761904762 0.016883116883116882 0.01746031746031746