2 0.8818181818181818 0.9428571428571428 0.048051948051948054 0.11428571428571428
2 0.7649350649350649 0.9301587301587302 0.04935064935064935 0.13968253968253969
2 0.8155844155844156 0.8984126984126984 0.04415584415584416 0.16666666666666666
2 0.7597402597402597 0.8174603174603174 0.04025974025974026 0.11746031746031746
2 0.8155844155844156 0.8047619047619048 0.03896103896103896 0.13015873015873017
2 0.7519480519480519 0.7380952380952381 0.04025974025974026 0.10476190476190476
2 0.7896103896103897 0.7095238095238096 0.033766233766233764 0.11904761904761904
2 0.6935064935064935 0.6888888888888889 0.03896103896103896 0.12857142857142856
2 0.7376623376623377 0.6666666666666666 0.032467532467532464 0.10476190476190476
2 0.687012987012987 0.6079365079365079 0.033766233766233764 0.08095238095238096
2 0.7272727272727273 0.5857142857142857 0.032467532467532464 0.10793650793650794
2 0.6519480519480519 0.6095238095238096 0.032467532467532464 0.08095238095238096
2 0.6714285714285714 0.5571428571428572 0.02727272727272727 0.08888888888888889
2 0.6948051948051948 0.5412698412698412 0.02207792207792208 0.08412698412698413
2 0.6922077922077922 0.49047619047619045 0.02987012987012987 0.07777777777777778
2 0.5753246753246753 0.7555555555555555 0.03766233766233766 0.1253968253968254
2 0.5168831168831168 0.7142857142857143 0.03636363636363636 0.14444444444444443
2 0.574025974025974 0.6682539682539682 0.02857142857142857 0.1
2 0.6025974025974026 0.6079365079365079 0.024675324675324677 0.08412698412698413
2 0.5961038961038961 0.5412698412698412 0.025974025974025976 0.08571428571428572
2 0.6051948051948052 0.5206349206349207 0.01948051948051948 0.09523809523809523
2 0.5896103896103896 0.4650793650793651 0.01818181818181818 0.0746031746031746
2 0.5766233766233766 0.42857142857142855 0.01818181818181818 0.0746031746031746
2 0.5857142857142857 0.40793650793650793 0.014285714285714285 0.06507936507936508
2 0.551948051948052 0.40634920634920635 0.01818181818181818 0.06507936507936508
2 0.5753246753246753 0.3825396825396825 0.015584415584415584 0.050793650793650794
2 0.4961038961038961 0.4380952380952381 0.015584415584415584 0.07301587301587302
2 0.487012987012987 0.38095238095238093 0.01948051948051948 0.06666666666666667
2 0.525974025974026 0.37142857142857144 0.016883116883116882 0.050793650793650794
2 0.5272727272727272 0.3333333333333333 0.01818181818181818 0.05555555555555555
2 0.5662337662337662 0.34444444444444444 0.012987012987012988 0.05396825396825397
2 0.6038961038961039 0.39206349206349206 0.01818181818181818 0.06349206349206349
1 0.6324675324675325 0.44285714285714284 0.05584415584415584 0.10793650793650794
2 0.6506493506493507 0.4158730158730159 0.023376623376623377 0.05396825396825397
2 0.6233766233766234 0.373015873015873 0.01948051948051948 0.05555555555555555
2 0.6441558441558441 0.38571428571428573 0.01818181818181818 0.050793650793650794
2 0.6 0.34285714285714286 0.015584415584415584 0.05396825396825397
2 0.6168831168831169 0.33650793650793653 0.016883116883116882 0.05396825396825397
2 0.5857142857142857 0.32063492063492066 0.015584415584415584 0.05555555555555555
2 0.6025974025974026 0.30952380952380953 0.016883116883116882 0.049206349206349205
2 0.5831168831168831 0.2920634920634921 0.015584415584415584 0.049206349206349205
2 0.5545454545454546 0.2492063492063492 0.012987012987012988 0.03492063492063492
1 0.535064935064935 0.2619047619047619 0.033766233766233764 0.06190476190476191
2 0.548051948051948 0.23492063492063492 0.012987012987012988 0.03492063492063492
3 0.5168831168831168 0.21587301587301588 0.02987012987012987 0.06984126984126984
2 0.535064935064935 0.21587301587301588 0.01038961038961039 0.025396825396825397
2 0.4948051948051948 0.22698412698412698 0.011688311688311689 0.044444444444444446
3 0.474025974025974 0.19206349206349208 0.02727272727272727 0.09365079365079365
2 0.4909090909090909 0.18253968253968253 0.01038961038961039 0.03333333333333333
1 0.5103896103896104 0.1746031746031746 0.023376623376623377 0.03333333333333333
2 0.5246753246753246 0.18253968253968253 0.00909090909090909 0.03015873015873016
3 0.4779220779220779 0.12222222222222222 0.024675324675324677 0.049206349206349205
1 0.4909090909090909 0.1349206349206349 0.007792207792207792 0.025396825396825397
2 0.5064935064935064 0.13333333333333333 0.005194805194805195 0.03015873015873016
2 0.5025974025974026 0.14126984126984127 0.005194805194805195 0.02857142857142857
2 0.5 0.11587301587301588 0.006493506493506494 0.026984126984126985
1 0.4948051948051948 0.10317460317460317 0.01038961038961039 0.012698412698412698
2 0.5051948051948052 0.10158730158730159 0.007792207792207792 0.022222222222222223
1 0.5883116883116883 0.9222222222222223 0.1012987012987013 0.15555555555555556
1 0.6415584415584416 0.7412698412698413 0.09220779220779221 0.21587301587301588
1 0.5233766233766234 0.5158730158730159 0.05454545454545454 0.1492063492063492
1 0.5285714285714286 0.4301587301587302 0.04415584415584416 0.08412698412698413
1 0.551948051948052 0.30952380952380953 0.033766233766233764 0.05555555555555555