2 0.8662337662337662 0.9301587301587302 0.1025974025974026 0.13968253968253969
2 0.6792207792207792 0.5984126984126984 0.09350649350649351 0.10952380952380952
2 0.6688311688311688 0.5063492063492063 0.07142857142857142 0.15873015873015872
2 0.5584415584415584 0.3682539682539683 0.04155844155844156 0.08095238095238096
2 0.5961038961038961 0.3412698412698413 0.05584415584415584 0.10317460317460317
2 0.535064935064935 0.25396825396825395 0.04285714285714286 0.07301587301587302
2 0.564935064935065 0.26031746031746034 0.023376623376623377 0.03968253968253968
1 0.4805194805194805 0.13015873015873017 0.02077922077922078 0.050793650793650794
2 0.5012987012987012 0.14126984126984127 0.01038961038961039 0.026984126984126985
1 0.4714285714285714 0.10793650793650794 0.02727272727272727 0.03492063492063492
2 0.4948051948051948 0.11587301587301588 0.015584415584415584 0.031746031746031744
1 0.5116883116883116 0.09206349206349207 0.032467532467532464 0.031746031746031744