2 0.8194805194805195 0.746031746031746 0.04415584415584416 0.09206349206349207
2 0.7727272727272727 0.6857142857142857 0.033766233766233764 0.11904761904761904
1 0.7194805194805195 0.6761904761904762 0.0987012987012987 0.19047619047619047
2 0.7597402597402597 0.6095238095238096 0.01818181818181818 0.09365079365079365
2 0.7298701298701299 0.5904761904761905 0.02077922077922078 0.0746031746031746
2 0.6766233766233766 0.5746031746031746 0.02207792207792208 0.08253968253968254
2 0.6987012987012987 0.5571428571428572 0.02727272727272727 0.05873015873015873
2 0.687012987012987 0.5206349206349207 0.024675324675324677 0.06984126984126984
2 0.6818181818181818 0.4634920634920635 0.02857142857142857 0.0873015873015873
1 0.6311688311688312 0.44603174603174606 0.05064935064935065 0.09523809523809523
2 0.6636363636363637 0.4396825396825397 0.02207792207792208 0.07142857142857142
2 0.6467532467532467 0.4031746031746032 0.02207792207792208 0.07142857142857142
2 0.5909090909090909 0.4142857142857143 0.01948051948051948 0.05396825396825397
2 0.6285714285714286 0.38571428571428573 0.024675324675324677 0.02857142857142857
2 0.6350649350649351 0.36666666666666664 0.01948051948051948 0.04126984126984127
1 0.5961038961038961 0.35079365079365077 0.04935064935064935 0.08253968253968254
2 0.6220779220779221 0.3412698412698413 0.014285714285714285 0.047619047619047616
3 0.535064935064935 0.46984126984126984 0.09740259740259741 0.39206349206349206
1 0.5532467532467532 0.29365079365079366 0.04155844155844156 0.0761904761904762
2 0.574025974025974 0.3126984126984127 0.016883116883116882 0.044444444444444446
2 0.5701298701298702 0.28253968253968254 0.00909090909090909 0.03333333333333333
2 0.587012987012987 0.2873015873015873 0.014285714285714285 0.03650793650793651
2 0.5909090909090909 0.30158730158730157 0.015584415584415584 0.02857142857142857
2 0.6077922077922078 0.3126984126984127 0.024675324675324677 0.031746031746031744
1 0.6220779220779221 0.5888888888888889 0.08311688311688312 0.14444444444444443
2 0.6220779220779221 0.5079365079365079 0.024675324675324677 0.044444444444444446
2 0.625974025974026 0.4936507936507937 0.01818181818181818 0.050793650793650794
1 0.5168831168831168 0.25555555555555554 0.02987012987012987 0.049206349206349205
1 0.5545454545454546 0.24761904761904763 0.02727272727272727 0.03968253968253968
2 0.564935064935065 0.25396825396825395 0.011688311688311689 0.03492063492063492
2 0.577922077922078 0.2634920634920635 0.011688311688311689 0.02857142857142857
1 0.474025974025974 0.2507936507936508 0.032467532467532464 0.049206349206349205
2 0.4883116883116883 0.24761904761904763 0.014285714285714285 0.044444444444444446
3 0.4701298701298701 0.20793650793650795 0.033766233766233764 0.06507936507936508
2 0.4883116883116883 0.22857142857142856 0.00909090909090909 0.020634920634920634
2 0.4883116883116883 0.2111111111111111 0.01038961038961039 0.023809523809523808
1 0.5038961038961038 0.23492063492063492 0.02207792207792208 0.03492063492063492
2 0.5181818181818182 0.22063492063492063 0.011688311688311689 0.03015873015873016
2 0.4805194805194805 0.2857142857142857 0.00909090909090909 0.05714285714285714
2 0.5272727272727272 0.22698412698412698 0.011688311688311689 0.023809523809523808
2 0.5376623376623376 0.23333333333333334 0.011688311688311689 0.025396825396825397
2 0.5675324675324676 0.23333333333333334 0.016883116883116882 0.031746031746031744
1 0.5025974025974026 0.20317460317460317 0.02207792207792208 0.03492063492063492
1 0.5324675324675324 0.20793650793650795 0.023376623376623377 0.025396825396825397
2 0.5545454545454546 0.21428571428571427 0.01948051948051948 0.023809523809523808
2 0.4844155844155844 0.3349206349206349 0.016883116883116882 0.07301587301587302
2 0.4857142857142857 0.19047619047619047 0.006493506493506494 0.015873015873015872
1 0.5181818181818182 0.1873015873015873 0.01948051948051948 0.03333333333333333
1 0.461038961038961 0.16507936507936508 0.015584415584415584 0.031746031746031744
1 0.487012987012987 0.16507936507936508 0.016883116883116882 0.025396825396825397
1 0.4935064935064935 0.1746031746031746 0.016883116883116882 0.022222222222222223
1 0.5116883116883116 0.16984126984126985 0.02077922077922078 0.02857142857142857
2 0.5246753246753246 0.17142857142857143 0.011688311688311689 0.022222222222222223
1 0.4844155844155844 0.15396825396825398 0.014285714285714285 0.01904761904761905
2 0.4987012987012987 0.15714285714285714 0.00909090909090909 0.014285714285714285
1 0.4649350649350649 0.12857142857142856 0.011688311688311689 0.01904761904761905
1 0.4636363636363636 0.1380952380952381 0.015584415584415584 0.014285714285714285
2 0.4922077922077922 0.14603174603174604 0.0025974025974025974 0.011111111111111112
2 0.5116883116883116 0.1492063492063492 0.00909090909090909 0.014285714285714285
2 0.5233766233766234 0.15079365079365079 0.012987012987012988 0.014285714285714285
1 0.4805194805194805 0.12857142857142856 0.011688311688311689 0.020634920634920634
1 0.5025974025974026 0.13174603174603175 0.01818181818181818 0.020634920634920634
1 0.4909090909090909 0.10793650793650794 0.014285714285714285 0.020634920634920634
1 0.4831168831168831 0.11428571428571428 0.014285714285714285 0.01904761904761905
2 0.4935064935064935 0.1253968253968254 0.00909090909090909 0.014285714285714285
2 0.4909090909090909 0.13333333333333333 0.005194805194805195 0.012698412698412698
2 0.512987012987013 0.1365079365079365 0.007792207792207792 0.012698412698412698
2 0.5038961038961038 0.12222222222222222 0.0025974025974025974 0.007936507936507936
1 0.5025974025974026 0.10793650793650794 0.011688311688311689 0.01904761904761905
2 0.5103896103896104 0.11428571428571428 0.006493506493506494 0.011111111111111112
2 0.512987012987013 0.12063492063492064 0.007792207792207792 0.006349206349206349
1 0.6623376623376623 0.7904761904761904 0.1 0.22380952380952382
1 0.8402597402597403 0.8857142857142857 0.14415584415584415 0.22857142857142856
1 0.5038961038961038 0.09841269841269841 0.016883116883116882 0.01746031746031746