2 0.5493506493506494 0.753968253968254 0.045454545454545456 0.13174603174603175
2 0.561038961038961 0.6698412698412698 0.032467532467532464 0.11746031746031746
2 0.8038961038961039 0.8476190476190476 0.02987012987012987 0.07301587301587302
2 0.8389610389610389 0.819047619047619 0.046753246753246755 0.14761904761904762
1 0.8194805194805195 0.9349206349206349 0.14025974025974025 0.12857142857142856
2 0.8376623376623377 0.8714285714285714 0.01948051948051948 0.02857142857142857
3 0.6701298701298701 0.6238095238095238 0.13506493506493505 0.3492063492063492
2 0.6831168831168831 0.4857142857142857 0.025974025974025976 0.09047619047619047
2 0.6428571428571429 0.4031746031746032 0.02077922077922078 0.06507936507936508
2 0.5298701298701298 0.4222222222222222 0.01818181818181818 0.07142857142857142
2 0.4974025974025974 0.4492063492063492 0.025974025974025976 0.08571428571428572
2 0.525974025974026 0.35714285714285715 0.02077922077922078 0.06031746031746032
2 0.4974025974025974 0.30952380952380953 0.016883116883116882 0.05396825396825397
2 0.5402597402597402 0.2761904761904762 0.012987012987012988 0.049206349206349205
2 0.5467532467532468 0.23492063492063492 0.015584415584415584 0.03650793650793651
3 0.5935064935064935 0.30952380952380953 0.053246753246753244 0.1111111111111111
2 0.5675324675324676 0.2523809523809524 0.01038961038961039 0.0380952380952381
2 0.5207792207792208 0.18095238095238095 0.01038961038961039 0.03015873015873016
2 0.5103896103896104 0.1523809523809524 0.006493506493506494 0.020634920634920634
2 0.5025974025974026 0.13174603174603175 0.007792207792207792 0.01904761904761905
2 0.4818181818181818 0.16031746031746033 0.005194805194805195 0.026984126984126985
2 0.4896103896103896 0.1634920634920635 0.007792207792207792 0.022222222222222223
2 0.4935064935064935 0.15873015873015872 0.006493506493506494 0.022222222222222223
2 0.4909090909090909 0.14603174603174604 0.005194805194805195 0.012698412698412698
3 0.4662337662337662 0.15873015873015872 0.02727272727272727 0.05396825396825397
2 0.4792207792207792 0.14444444444444443 0.003896103896103896 0.014285714285714285
2 0.4844155844155844 0.1380952380952381 0.006493506493506494 0.011111111111111112
2 0.4753246753246753 0.1253968253968254 0.005194805194805195 0.01746031746031746
2 0.5038961038961038 0.11428571428571428 0.006493506493506494 0.01746031746031746
2 0.5051948051948052 0.10158730158730159 0.005194805194805195 0.015873015873015872
1 0.4948051948051948 0.09682539682539683 0.007792207792207792 0.012698412698412698
1 0.4883116883116883 0.1126984126984127 0.00909090909090909 0.01746031746031746
1 0.5714285714285714 0.4142857142857143 0.048051948051948054 0.08571428571428572
2 0.5701298701298702 0.9079365079365079 0.08441558441558442 0.18253968253968253
1 0.712987012987013 0.8682539682539683 0.11558441558441558 0.2619047619047619