1 0.7623376623376623 0.9 0.15714285714285714 0.2
1 0.6467532467532467 0.6507936507936508 0.09740259740259741 0.20317460317460317
1 0.5285714285714286 0.4936507936507937 0.06363636363636363 0.10634920634920635
1 0.5883116883116883 0.3746031746031746 0.04935064935064935 0.09365079365079365
1 0.5272727272727272 0.36666666666666664 0.03506493506493506 0.0761904761904762
1 0.4883116883116883 0.30317460317460315 0.032467532467532464 0.04285714285714286
1 0.551948051948052 0.30793650793650795 0.02857142857142857 0.049206349206349205
1 0.5246753246753246 0.2714285714285714 0.024675324675324677 0.03968253968253968
1 0.4857142857142857 0.2698412698412698 0.024675324675324677 0.044444444444444446
1 0.4818181818181818 0.2365079365079365 0.023376623376623377 0.03492063492063492
1 0.525974025974026 0.24126984126984127 0.02207792207792208 0.03650793650793651
1 0.5155844155844156 0.21746031746031746 0.025974025974025976 0.044444444444444446
1 0.4779220779220779 0.1111111111111111 0.012987012987012988 0.020634920634920634
3 0.5857142857142857 0.8206349206349206 0.10649350649350649 0.35873015873015873
2 0.7519480519480519 0.6666666666666666 0.04415584415584416 0.12222222222222222
2 0.7155844155844155 0.5555555555555556 0.046753246753246755 0.1
2 0.5753246753246753 0.5873015873015873 0.03766233766233766 0.1126984126984127
2 0.6493506493506493 0.4174603174603175 0.023376623376623377 0.06031746031746032
2 0.5012987012987012 0.4158730158730159 0.02727272727272727 0.07142857142857142
2 0.5194805194805194 0.3253968253968254 0.015584415584415584 0.05238095238095238
2 0.6285714285714286 0.3888888888888889 0.02077922077922078 0.06349206349206349
2 0.6246753246753247 0.3492063492063492 0.02207792207792208 0.04126984126984127
2 0.5844155844155844 0.319047619047619 0.01948051948051948 0.049206349206349205
2 0.5948051948051948 0.3111111111111111 0.01038961038961039 0.04126984126984127
2 0.6 0.2984126984126984 0.015584415584415584 0.044444444444444446
2 0.5727272727272728 0.2873015873015873 0.007792207792207792 0.046031746031746035
2 0.5805194805194805 0.26666666666666666 0.01948051948051948 0.0380952380952381
2 0.5506493506493506 0.26031746031746034 0.011688311688311689 0.04126984126984127
2 0.5584415584415584 0.2507936507936508 0.015584415584415584 0.026984126984126985
2 0.5571428571428572 0.23015873015873015 0.012987012987012988 0.02857142857142857
2 0.512987012987013 0.18571428571428572 0.012987012987012988 0.023809523809523808
2 0.5012987012987012 0.11428571428571428 0.007792207792207792 0.01904761904761905