2 0.6428571428571429 0.9063492063492063 0.03636363636363636 0.1492063492063492
2 0.7480519480519481 0.8015873015873016 0.04155844155844156 0.15079365079365079
2 0.7714285714285715 0.7507936507936508 0.033766233766233764 0.12063492063492064
2 0.812987012987013 0.7333333333333333 0.02207792207792208 0.11587301587301588
1 0.8506493506493507 0.9158730158730158 0.14025974025974025 0.16666666666666666
2 0.8246753246753247 0.807936507936508 0.03766233766233766 0.06031746031746032
2 0.8506493506493507 0.7968253968253968 0.02987012987012987 0.11746031746031746
3 0.5753246753246753 0.4492063492063492 0.17012987012987013 0.37142857142857144
1 0.6467532467532467 0.49682539682539684 0.046753246753246755 0.12380952380952381
2 0.6818181818181818 0.5015873015873016 0.01948051948051948 0.08253968253968254
2 0.4896103896103896 0.3968253968253968 0.02077922077922078 0.05238095238095238
2 0.4831168831168831 0.35873015873015873 0.012987012987012988 0.047619047619047616
1 0.5272727272727272 0.2523809523809524 0.02207792207792208 0.03650793650793651
2 0.538961038961039 0.24761904761904763 0.01038961038961039 0.031746031746031744
2 0.5532467532467532 0.2523809523809524 0.007792207792207792 0.02857142857142857
3 0.487012987012987 0.23809523809523808 0.04025974025974026 0.10793650793650794
1 0.5116883116883116 0.20952380952380953 0.016883116883116882 0.03968253968253968
2 0.5311688311688312 0.2222222222222222 0.005194805194805195 0.023809523809523808
2 0.538961038961039 0.21904761904761905 0.006493506493506494 0.02857142857142857
2 0.5532467532467532 0.2253968253968254 0.00909090909090909 0.025396825396825397
2 0.5428571428571428 0.21428571428571427 0.00909090909090909 0.026984126984126985
2 0.5558441558441558 0.21587301587301588 0.00909090909090909 0.025396825396825397
1 0.4987012987012987 0.18412698412698414 0.016883116883116882 0.022222222222222223
2 0.5116883116883116 0.18253968253968253 0.006493506493506494 0.022222222222222223
1 0.4714285714285714 0.17936507936507937 0.00909090909090909 0.03015873015873016
1 0.487012987012987 0.16031746031746033 0.014285714285714285 0.025396825396825397
2 0.4896103896103896 0.14444444444444443 0.006493506493506494 0.014285714285714285
2 0.4974025974025974 0.14603174603174604 0.006493506493506494 0.025396825396825397
1 0.4623376623376623 0.16666666666666666 0.00909090909090909 0.026984126984126985
2 0.4675324675324675 0.15396825396825398 0.01038961038961039 0.015873015873015872
2 0.4792207792207792 0.15873015873015872 0.005194805194805195 0.020634920634920634
2 0.4792207792207792 0.14444444444444443 0.006493506493506494 0.012698412698412698
1 0.4779220779220779 0.1253968253968254 0.015584415584415584 0.023809523809523808
2 0.4857142857142857 0.1253968253968254 0.006493506493506494 0.015873015873015872
1 0.4662337662337662 0.1111111111111111 0.006493506493506494 0.020634920634920634
1 0.4805194805194805 0.10952380952380952 0.006493506493506494 0.015873015873015872
2 0.4922077922077922 0.11428571428571428 0.006493506493506494 0.014285714285714285
2 0.4961038961038961 0.11428571428571428 0.003896103896103896 0.015873015873015872
2 0.5012987012987012 0.12380952380952381 0.005194805194805195 0.014285714285714285
1 0.5116883116883116 0.16666666666666666 0.01818181818181818 0.020634920634920634
1 0.509090909090909 0.14761904761904762 0.011688311688311689 0.015873015873015872
2 0.5064935064935064 0.14126984126984127 0.005194805194805195 0.014285714285714285
2 0.5038961038961038 0.13333333333333333 0.005194805194805195 0.01746031746031746
2 0.5103896103896104 0.1380952380952381 0.003896103896103896 0.01746031746031746
2 0.512987012987013 0.14761904761904762 0.003896103896103896 0.011111111111111112
2 0.5194805194805194 0.16666666666666666 0.005194805194805195 0.015873015873015872
1 0.577922077922078 0.9571428571428572 0.1025974025974026 0.08412698412698413
1 0.7363636363636363 0.9571428571428572 0.1012987012987013 0.08412698412698413
1 0.7012987012987013 0.8285714285714286 0.09220779220779221 0.21428571428571427
1 0.7103896103896103 0.6285714285714286 0.07012987012987013 0.14603174603174604
1 0.5753246753246753 0.2714285714285714 0.02857142857142857 0.05238095238095238
1 0.5298701298701298 0.19047619047619047 0.016883116883116882 0.03968253968253968
3 0.5467532467532468 0.6714285714285714 0.09740259740259741 0.2857142857142857
0 0.5 0.0873015873015873 0.014285714285714285 0.03015873015873016