1 0.6103896103896104 0.8523809523809524 0.17662337662337663 0.29523809523809524
1 0.7168831168831169 0.8301587301587302 0.11168831168831168 0.2857142857142857
1 0.674025974025974 0.680952380952381 0.08571428571428572 0.18095238095238095
1 0.6415584415584416 0.5634920634920635 0.07272727272727272 0.18095238095238095
1 0.5064935064935064 0.5396825396825397 0.09090909090909091 0.13174603174603175
1 0.525974025974026 0.42698412698412697 0.07272727272727272 0.1126984126984127
1 0.5 0.3253968253968254 0.06363636363636363 0.1253968253968254
1 0.5155844155844156 0.2222222222222222 0.032467532467532464 0.05238095238095238
1 0.5103896103896104 0.1873015873015873 0.05844155844155844 0.07142857142857142
2 0.4961038961038961 0.15714285714285714 0.046753246753246755 0.046031746031746035
2 0.487012987012987 0.1126984126984127 0.02207792207792208 0.03650793650793651
2 0.4844155844155844 0.12857142857142856 0.024675324675324677 0.023809523809523808
1 0.5012987012987012 0.1365079365079365 0.02077922077922078 0.03650793650793651
1 0.5116883116883116 0.10317460317460317 0.03766233766233766 0.03650793650793651
1 0.8103896103896104 0.9238095238095239 0.15584415584415584 0.1523809523809524
3 0.538961038961039 0.6444444444444445 0.08571428571428572 0.27936507936507937
2 0.587012987012987 0.29365079365079366 0.04025974025974026 0.050793650793650794
2 0.6051948051948052 0.44761904761904764 0.05974025974025974 0.1111111111111111
2 0.6415584415584416 0.45714285714285713 0.05844155844155844 0.06349206349206349
2 0.6597402597402597 0.5063492063492063 0.048051948051948054 0.07142857142857142
2 0.6272727272727273 0.7285714285714285 0.053246753246753244 0.14126984126984127
2 0.8376623376623377 0.8333333333333334 0.05974025974025974 0.09523809523809523