2 0.951948051948052 0.9698412698412698 0.04155844155844156 0.05873015873015873
2 0.8831168831168831 0.8984126984126984 0.06103896103896104 0.17777777777777778
2 0.8220779220779221 0.9174603174603174 0.04935064935064935 0.1634920634920635
2 0.7220779220779221 0.9650793650793651 0.03636363636363636 0.06825396825396825
2 0.7935064935064935 0.7492063492063492 0.04025974025974026 0.1253968253968254
2 0.7402597402597403 0.707936507936508 0.03636363636363636 0.12698412698412698
2 0.7454545454545455 0.638095238095238 0.02857142857142857 0.09047619047619047
1 0.6818181818181818 0.719047619047619 0.10649350649350649 0.24285714285714285
2 0.7 0.6222222222222222 0.03116883116883117 0.09365079365079365
2 0.6545454545454545 0.5888888888888889 0.032467532467532464 0.06031746031746032
2 0.6077922077922078 0.6238095238095238 0.03896103896103896 0.10793650793650794
1 0.5467532467532468 0.580952380952381 0.06883116883116883 0.17142857142857143
2 0.5688311688311688 0.5333333333333333 0.03116883116883117 0.08571428571428572
2 0.6272727272727273 0.5380952380952381 0.025974025974025976 0.09047619047619047
2 0.5987012987012987 0.5333333333333333 0.03116883116883117 0.09523809523809523
2 0.6948051948051948 0.5634920634920635 0.023376623376623377 0.07301587301587302
2 0.6883116883116883 0.4984126984126984 0.01818181818181818 0.09206349206349207
2 0.6597402597402597 0.4634920634920635 0.01818181818181818 0.07936507936507936
1 0.6038961038961039 0.4507936507936508 0.046753246753246755 0.09682539682539683
2 0.6298701298701299 0.4238095238095238 0.016883116883116882 0.06031746031746032
2 0.6077922077922078 0.37777777777777777 0.016883116883116882 0.050793650793650794
2 0.6467532467532467 0.4222222222222222 0.015584415584415584 0.06984126984126984
2 0.6402597402597403 0.37777777777777777 0.01948051948051948 0.023809523809523808
2 0.6168831168831169 0.346031746031746 0.01818181818181818 0.050793650793650794
2 0.5623376623376624 0.4158730158730159 0.015584415584415584 0.06190476190476191
2 0.5532467532467532 0.45714285714285713 0.014285714285714285 0.07301587301587302
2 0.5766233766233766 0.4714285714285714 0.01818181818181818 0.06984126984126984
2 0.6 0.3047619047619048 0.011688311688311689 0.046031746031746035
1 0.577922077922078 0.3142857142857143 0.03766233766233766 0.06666666666666667
2 0.5805194805194805 0.2777777777777778 0.007792207792207792 0.011111111111111112
2 0.5584415584415584 0.28888888888888886 0.01038961038961039 0.026984126984126985
1 0.5597402597402598 0.2619047619047619 0.02207792207792208 0.05238095238095238
2 0.551948051948052 0.27936507936507937 0.01038961038961039 0.03333333333333333
2 0.5428571428571428 0.2714285714285714 0.012987012987012988 0.03968253968253968
1 0.5051948051948052 0.3984126984126984 0.03766233766233766 0.09841269841269841
2 0.512987012987013 0.3396825396825397 0.011688311688311689 0.0380952380952381
2 0.5818181818181818 0.26031746031746034 0.007792207792207792 0.03015873015873016
2 0.5714285714285714 0.2523809523809524 0.01038961038961039 0.03492063492063492
2 0.5623376623376624 0.23174603174603176 0.007792207792207792 0.023809523809523808
2 0.5545454545454546 0.23015873015873015 0.011688311688311689 0.025396825396825397
2 0.4974025974025974 0.28095238095238095 0.01038961038961039 0.03650793650793651
2 0.4844155844155844 0.28095238095238095 0.012987012987012988 0.03015873015873016
2 0.5012987012987012 0.24761904761904763 0.012987012987012988 0.044444444444444446
3 0.4766233766233766 0.22857142857142856 0.03506493506493506 0.08571428571428572
2 0.461038961038961 0.23492063492063492 0.006493506493506494 0.0380952380952381
2 0.45454545454545453 0.2253968253968254 0.00909090909090909 0.03492063492063492
2 0.5012987012987012 0.22063492063492063 0.006493506493506494 0.020634920634920634
2 0.4974025974025974 0.20634920634920634 0.005194805194805195 0.01746031746031746
1 0.5064935064935064 0.2 0.016883116883116882 0.03333333333333333
2 0.5168831168831168 0.18571428571428572 0.006493506493506494 0.015873015873015872
2 0.4974025974025974 0.1984126984126984 0.006493506493506494 0.025396825396825397
2 0.4909090909090909 0.19206349206349208 0.006493506493506494 0.020634920634920634
3 0.4688311688311688 0.1761904761904762 0.023376623376623377 0.05714285714285714
2 0.4597402597402597 0.18095238095238095 0.003896103896103896 0.023809523809523808
1 0.538961038961039 0.2015873015873016 0.03506493506493506 0.05714285714285714
2 0.5272727272727272 0.173015873015873 0.005194805194805195 0.009523809523809525
1 0.5168831168831168 0.1746031746031746 0.02077922077922078 0.011111111111111112
2 0.522077922077922 0.1634920634920635 0.006493506493506494 0.009523809523809525
1 0.4909090909090909 0.1746031746031746 0.014285714285714285 0.022222222222222223
1 0.4883116883116883 0.15396825396825398 0.014285714285714285 0.012698412698412698
1 0.4974025974025974 0.15079365079365079 0.012987012987012988 0.020634920634920634
2 0.5077922077922078 0.1492063492063492 0.003896103896103896 0.01904761904761905
2 0.5116883116883116 0.15079365079365079 0.005194805194805195 0.012698412698412698
1 0.5012987012987012 0.17936507936507937 0.011688311688311689 0.014285714285714285
2 0.4987012987012987 0.1634920634920635 0.005194805194805195 0.011111111111111112
2 0.5012987012987012 0.1349206349206349 0.003896103896103896 0.012698412698412698
1 0.4818181818181818 0.1365079365079365 0.01038961038961039 0.023809523809523808
2 0.4883116883116883 0.12380952380952381 0.003896103896103896 0.014285714285714285
2 0.4987012987012987 0.1253968253968254 0.003896103896103896 0.007936507936507936
2 0.5064935064935064 0.1253968253968254 0.003896103896103896 0.009523809523809525
2 0.4818181818181818 0.12063492063492064 0.0025974025974025974 0.011111111111111112
2 0.4818181818181818 0.11587301587301588 0.006493506493506494 0.015873015873015872
2 0.4883116883116883 0.10952380952380952 0.005194805194805195 0.011111111111111112
2 0.4948051948051948 0.1111111111111111 0.005194805194805195 0.011111111111111112
2 0.4961038961038961 0.10476190476190476 0.003896103896103896 0.006349206349206349
2 0.5 0.10476190476190476 0.0025974025974025974 0.006349206349206349
1 0.4701298701298701 0.11904761904761904 0.01038961038961039 0.022222222222222223
1 0.522077922077922 0.22698412698412698 0.01948051948051948 0.04285714285714286
1 0.5181818181818182 0.2507936507936508 0.02077922077922078 0.03968253968253968
1 0.4935064935064935 0.32857142857142857 0.03636363636363636 0.06349206349206349
1 0.5246753246753246 0.28095238095238095 0.02857142857142857 0.049206349206349205
1 0.538961038961039 0.326984126984127 0.03766233766233766 0.07142857142857142
1 0.5766233766233766 0.8809523809523809 0.10909090909090909 0.23809523809523808