2 0.8493506493506493 0.9396825396825397 0.046753246753246755 0.12063492063492064
2 0.8584415584415584 0.8952380952380953 0.046753246753246755 0.15555555555555556
2 0.8012987012987013 0.8444444444444444 0.03766233766233766 0.12063492063492064
2 0.8051948051948052 0.7793650793650794 0.05064935064935065 0.14126984126984127
2 0.7714285714285715 0.6936507936507936 0.03896103896103896 0.12380952380952381
2 0.4727272727272727 0.707936507936508 0.02987012987012987 0.1253968253968254
2 0.4779220779220779 0.6174603174603175 0.02727272727272727 0.07936507936507936
2 0.44805194805194803 0.3888888888888889 0.01818181818181818 0.07301587301587302
2 0.45714285714285713 0.3333333333333333 0.016883116883116882 0.05396825396825397
2 0.5584415584415584 0.35079365079365077 0.01818181818181818 0.05555555555555555
2 0.5857142857142857 0.3349206349206349 0.015584415584415584 0.046031746031746035
2 0.5545454545454546 0.30793650793650795 0.012987012987012988 0.047619047619047616
2 0.5337662337662338 0.2904761904761905 0.01038961038961039 0.05238095238095238
2 0.5506493506493506 0.2777777777777778 0.015584415584415584 0.0380952380952381
2 0.5506493506493506 0.2571428571428571 0.016883116883116882 0.04126984126984127
2 0.5051948051948052 0.28253968253968254 0.02207792207792208 0.03333333333333333
2 0.5064935064935064 0.23174603174603176 0.016883116883116882 0.04285714285714286
2 0.512987012987013 0.20476190476190476 0.014285714285714285 0.03492063492063492
2 0.4766233766233766 0.20793650793650795 0.016883116883116882 0.04285714285714286
2 0.4623376623376623 0.14126984126984127 0.01038961038961039 0.022222222222222223
2 0.45324675324675323 0.08253968253968254 0.00909090909090909 0.015873015873015872
2 0.474025974025974 0.08253968253968254 0.00909090909090909 0.014285714285714285
2 0.4597402597402597 0.07936507936507936 0.006493506493506494 0.015873015873015872
1 0.7805194805194805 0.9285714285714286 0.12727272727272726 0.14285714285714285
1 0.4649350649350649 0.2714285714285714 0.03116883116883117 0.06666666666666667
1 0.461038961038961 0.1 0.011688311688311689 0.014285714285714285
3 0.5753246753246753 0.773015873015873 0.19350649350649352 0.45396825396825397
3 0.6428571428571429 0.5682539682539682 0.18701298701298702 0.43492063492063493
3 0.522077922077922 0.4873015873015873 0.09220779220779221 0.19682539682539682
3 0.487012987012987 0.39206349206349206 0.06883116883116883 0.1761904761904762
3 0.44025974025974024 0.18571428571428572 0.02857142857142857 0.09206349206349207
3 0.4896103896103896 0.15555555555555556 0.033766233766233764 0.0761904761904762
1 0.43896103896103894 0.09047619047619047 0.014285714285714285 0.02857142857142857