2 0.5545454545454546 0.6301587301587301 0.02987012987012987 0.12380952380952381
2 0.5896103896103896 0.5841269841269842 0.025974025974025976 0.10793650793650794
1 0.6415584415584416 0.6841269841269841 0.1 0.20952380952380953
1 0.6454545454545455 0.5238095238095238 0.06103896103896104 0.1380952380952381
2 0.6337662337662338 0.5698412698412698 0.02987012987012987 0.05396825396825397
2 0.5922077922077922 0.5095238095238095 0.02207792207792208 0.09523809523809523
2 0.5636363636363636 0.46190476190476193 0.02207792207792208 0.09841269841269841
2 0.6064935064935065 0.473015873015873 0.02077922077922078 0.09365079365079365
2 0.6714285714285714 0.49523809523809526 0.02207792207792208 0.09365079365079365
2 0.7 0.5238095238095238 0.02727272727272727 0.10952380952380952
2 0.4844155844155844 0.4158730158730159 0.01818181818181818 0.08412698412698413
3 0.522077922077922 0.44285714285714284 0.06623376623376623 0.2253968253968254
1 0.577922077922078 0.3968253968253968 0.046753246753246755 0.09841269841269841
1 0.4896103896103896 0.326984126984127 0.03116883116883117 0.07936507936507936
2 0.5 0.29523809523809524 0.011688311688311689 0.026984126984126985
2 0.5246753246753246 0.32222222222222224 0.012987012987012988 0.020634920634920634
2 0.5155844155844156 0.30317460317460315 0.01038961038961039 0.03015873015873016
1 0.487012987012987 0.25873015873015875 0.02987012987012987 0.049206349206349205
2 0.4961038961038961 0.27936507936507937 0.011688311688311689 0.023809523809523808
2 0.5103896103896104 0.2761904761904762 0.011688311688311689 0.047619047619047616
2 0.5207792207792208 0.28888888888888886 0.014285714285714285 0.03650793650793651
1 0.5493506493506494 0.32063492063492066 0.03506493506493506 0.06349206349206349
2 0.5688311688311688 0.31587301587301586 0.01038961038961039 0.03968253968253968
2 0.5727272727272728 0.31587301587301586 0.012987012987012988 0.05555555555555555
1 0.5337662337662338 0.26666666666666666 0.03116883116883117 0.05555555555555555
2 0.5584415584415584 0.2873015873015873 0.00909090909090909 0.031746031746031744
1 0.6012987012987013 0.34285714285714286 0.04025974025974026 0.0761904761904762
2 0.5857142857142857 0.30793650793650795 0.011688311688311689 0.0380952380952381
2 0.5896103896103896 0.2920634920634921 0.011688311688311689 0.03650793650793651
2 0.5493506493506494 0.24761904761904763 0.01038961038961039 0.04285714285714286
2 0.5584415584415584 0.2619047619047619 0.00909090909090909 0.03015873015873016
2 0.5714285714285714 0.28253968253968254 0.01038961038961039 0.025396825396825397
2 0.5805194805194805 0.273015873015873 0.01038961038961039 0.047619047619047616
2 0.5714285714285714 0.26825396825396824 0.00909090909090909 0.026984126984126985
2 0.5883116883116883 0.273015873015873 0.007792207792207792 0.025396825396825397
2 0.5662337662337662 0.2507936507936508 0.00909090909090909 0.044444444444444446
1 0.5233766233766234 0.23174603174603176 0.025974025974025976 0.049206349206349205
2 0.5376623376623376 0.23015873015873015 0.007792207792207792 0.02857142857142857
2 0.5454545454545454 0.2222222222222222 0.00909090909090909 0.03650793650793651
2 0.548051948051948 0.23015873015873015 0.007792207792207792 0.02857142857142857
2 0.5597402597402598 0.22857142857142856 0.007792207792207792 0.0380952380952381
1 0.5064935064935064 0.21587301587301588 0.02207792207792208 0.044444444444444446
2 0.5311688311688312 0.20317460317460317 0.00909090909090909 0.03492063492063492
2 0.538961038961039 0.20952380952380953 0.007792207792207792 0.03333333333333333
1 0.4675324675324675 0.21587301587301588 0.02727272727272727 0.046031746031746035
2 0.4857142857142857 0.2222222222222222 0.01038961038961039 0.03015873015873016
2 0.4909090909090909 0.22380952380952382 0.007792207792207792 0.031746031746031744
2 0.5207792207792208 0.2015873015873016 0.00909090909090909 0.02857142857142857
2 0.45324675324675323 0.16984126984126985 0.007792207792207792 0.023809523809523808
2 0.487012987012987 0.20952380952380953 0.007792207792207792 0.03333333333333333
1 0.4727272727272727 0.19365079365079366 0.02077922077922078 0.0380952380952381
1 0.4675324675324675 0.1761904761904762 0.016883116883116882 0.03650793650793651
2 0.4844155844155844 0.18253968253968253 0.007792207792207792 0.026984126984126985
1 0.4987012987012987 0.18412698412698414 0.016883116883116882 0.03015873015873016
2 0.5064935064935064 0.18571428571428572 0.006493506493506494 0.022222222222222223
2 0.4727272727272727 0.16031746031746033 0.01038961038961039 0.023809523809523808
2 0.45454545454545453 0.14444444444444443 0.007792207792207792 0.03015873015873016
1 0.4675324675324675 0.1492063492063492 0.01948051948051948 0.01746031746031746
1 0.4636363636363636 0.1380952380952381 0.02077922077922078 0.01904761904761905
1 0.4753246753246753 0.13174603174603175 0.011688311688311689 0.023809523809523808
2 0.4727272727272727 0.13968253968253969 0.00909090909090909 0.015873015873015872
2 0.5155844155844156 0.1873015873015873 0.01038961038961039 0.022222222222222223
2 0.4818181818181818 0.15873015873015872 0.005194805194805195 0.026984126984126985
1 0.4922077922077922 0.16031746031746033 0.015584415584415584 0.023809523809523808
2 0.4987012987012987 0.15555555555555556 0.006493506493506494 0.01746031746031746
2 0.5077922077922078 0.16507936507936508 0.007792207792207792 0.020634920634920634
2 0.5155844155844156 0.16825396825396827 0.006493506493506494 0.01746031746031746
1 0.5285714285714286 0.18095238095238095 0.01948051948051948 0.020634920634920634
2 0.525974025974026 0.1634920634920635 0.00909090909090909 0.014285714285714285
2 0.4818181818181818 0.14126984126984127 0.007792207792207792 0.022222222222222223
1 0.4909090909090909 0.1380952380952381 0.014285714285714285 0.022222222222222223
2 0.5064935064935064 0.14444444444444443 0.00909090909090909 0.022222222222222223
2 0.5155844155844156 0.14444444444444443 0.006493506493506494 0.01746031746031746
2 0.5207792207792208 0.14444444444444443 0.007792207792207792 0.025396825396825397
2 0.4961038961038961 0.1253968253968254 0.006493506493506494 0.01904761904761905
1 0.4948051948051948 0.11428571428571428 0.015584415584415584 0.01904761904761905
2 0.5051948051948052 0.12222222222222222 0.006493506493506494 0.022222222222222223
1 0.4623376623376623 0.1253968253968254 0.016883116883116882 0.022222222222222223
1 0.4792207792207792 0.1111111111111111 0.011688311688311689 0.015873015873015872