2 0.9597402597402598 0.9714285714285714 0.05454545454545454 0.05714285714285714
2 0.6077922077922078 0.8761904761904762 0.048051948051948054 0.17936507936507937
2 0.7350649350649351 0.8698412698412699 0.04285714285714286 0.20317460317460317
2 0.6285714285714286 0.6793650793650794 0.03636363636363636 0.13174603174603175
2 0.6779220779220779 0.665079365079365 0.04025974025974026 0.1349206349206349
2 0.7324675324675325 0.7222222222222222 0.04025974025974026 0.11904761904761904
2 0.7792207792207793 0.7507936507936508 0.04025974025974026 0.14126984126984127
2 0.6337662337662338 0.5428571428571428 0.02987012987012987 0.10158730158730159
2 0.5961038961038961 0.5365079365079365 0.025974025974025976 0.10317460317460317
2 0.5792207792207792 0.48095238095238096 0.02857142857142857 0.0873015873015873
2 0.5142857142857142 0.43174603174603177 0.024675324675324677 0.08253968253968254
2 0.5402597402597402 0.4380952380952381 0.01948051948051948 0.07936507936507936
2 0.5558441558441558 0.4126984126984127 0.01948051948051948 0.0761904761904762
2 0.5857142857142857 0.4015873015873016 0.02077922077922078 0.0761904761904762
2 0.6298701298701299 0.4142857142857143 0.024675324675324677 0.08253968253968254
2 0.4883116883116883 0.3492063492063492 0.02207792207792208 0.06666666666666667
2 0.5311688311688312 0.33174603174603173 0.016883116883116882 0.06666666666666667
2 0.5571428571428572 0.3634920634920635 0.01818181818181818 0.05555555555555555
2 0.551948051948052 0.32063492063492066 0.016883116883116882 0.05238095238095238
2 0.5818181818181818 0.33650793650793653 0.01818181818181818 0.06349206349206349
2 0.5948051948051948 0.33015873015873015 0.016883116883116882 0.06349206349206349
2 0.564935064935065 0.29365079365079366 0.015584415584415584 0.05555555555555555
2 0.4831168831168831 0.2365079365079365 0.015584415584415584 0.049206349206349205
2 0.5532467532467532 0.25873015873015875 0.016883116883116882 0.044444444444444446
2 0.5506493506493506 0.22857142857142856 0.01038961038961039 0.03650793650793651
2 0.5285714285714286 0.24444444444444444 0.011688311688311689 0.049206349206349205
2 0.5337662337662338 0.22698412698412698 0.01038961038961039 0.03650793650793651
2 0.4883116883116883 0.19206349206349208 0.012987012987012988 0.0380952380952381
2 0.5207792207792208 0.2222222222222222 0.011688311688311689 0.03492063492063492
2 0.538961038961039 0.2111111111111111 0.012987012987012988 0.049206349206349205
2 0.5207792207792208 0.2015873015873016 0.01038961038961039 0.020634920634920634
2 0.5116883116883116 0.19682539682539682 0.007792207792207792 0.01904761904761905
2 0.5168831168831168 0.19206349206349208 0.007792207792207792 0.025396825396825397
2 0.5103896103896104 0.1746031746031746 0.011688311688311689 0.031746031746031744
2 0.4974025974025974 0.1619047619047619 0.006493506493506494 0.03015873015873016
2 0.5012987012987012 0.15396825396825398 0.005194805194805195 0.03015873015873016
2 0.5155844155844156 0.16031746031746033 0.007792207792207792 0.026984126984126985
2 0.5103896103896104 0.1523809523809524 0.007792207792207792 0.022222222222222223
2 0.4831168831168831 0.1365079365079365 0.007792207792207792 0.025396825396825397
2 0.5051948051948052 0.13968253968253969 0.007792207792207792 0.015873015873015872
2 0.5051948051948052 0.13015873015873017 0.006493506493506494 0.022222222222222223
2 0.4909090909090909 0.1380952380952381 0.006493506493506494 0.026984126984126985
2 0.4909090909090909 0.1253968253968254 0.006493506493506494 0.020634920634920634
2 0.4948051948051948 0.11746031746031746 0.007792207792207792 0.020634920634920634
2 0.4831168831168831 0.1126984126984127 0.006493506493506494 0.020634920634920634
2 0.4974025974025974 0.10317460317460317 0.006493506493506494 0.01746031746031746
2 0.5051948051948052 0.09365079365079365 0.006493506493506494 0.015873015873015872
1 0.5064935064935064 0.22063492063492063 0.025974025974025976 0.05873015873015873
1 0.474025974025974 0.10476190476190476 0.015584415584415584 0.023809523809523808
0 0.4883116883116883 0.09682539682539683 0.01038961038961039 0.025396825396825397