3 0.5714285714285714 0.653968253968254 0.06883116883116883 0.30952380952380953
3 0.6922077922077922 0.5047619047619047 0.05714285714285714 0.13333333333333333
3 0.4935064935064935 0.2968253968253968 0.023376623376623377 0.046031746031746035
3 0.5077922077922078 0.36984126984126986 0.03116883116883117 0.10476190476190476
2 0.6701298701298701 0.8841269841269841 0.045454545454545456 0.1634920634920635
2 0.8103896103896104 0.953968253968254 0.03636363636363636 0.09206349206349207
2 0.8584415584415584 0.8857142857142857 0.05194805194805195 0.1634920634920635
2 0.8038961038961039 0.7793650793650794 0.033766233766233764 0.14761904761904762
2 0.6350649350649351 0.6555555555555556 0.032467532467532464 0.11746031746031746
2 0.4922077922077922 0.4365079365079365 0.01818181818181818 0.07936507936507936
2 0.4805194805194805 0.35555555555555557 0.014285714285714285 0.06825396825396825
2 0.6376623376623377 0.4365079365079365 0.014285714285714285 0.06666666666666667
2 0.6506493506493507 0.40476190476190477 0.016883116883116882 0.05714285714285714
2 0.6285714285714286 0.4 0.012987012987012988 0.05714285714285714
2 0.6181818181818182 0.37777777777777777 0.014285714285714285 0.06190476190476191
2 0.6324675324675325 0.37142857142857144 0.015584415584415584 0.05238095238095238
2 0.6064935064935065 0.3412698412698413 0.007792207792207792 0.046031746031746035
2 0.5961038961038961 0.3396825396825397 0.007792207792207792 0.04285714285714286
2 0.6142857142857143 0.32857142857142857 0.00909090909090909 0.047619047619047616
2 0.6272727272727273 0.33650793650793653 0.012987012987012988 0.03492063492063492
2 0.574025974025974 0.30634920634920637 0.011688311688311689 0.04285714285714286
2 0.587012987012987 0.3047619047619048 0.006493506493506494 0.03968253968253968
2 0.6064935064935065 0.30793650793650795 0.00909090909090909 0.03968253968253968
2 0.5896103896103896 0.2777777777777778 0.01038961038961039 0.04126984126984127
2 0.548051948051948 0.2650793650793651 0.007792207792207792 0.03492063492063492
2 0.5545454545454546 0.28253968253968254 0.007792207792207792 0.02857142857142857
2 0.5675324675324676 0.273015873015873 0.00909090909090909 0.0380952380952381
2 0.5766233766233766 0.273015873015873 0.007792207792207792 0.03650793650793651
2 0.5 0.2523809523809524 0.00909090909090909 0.026984126984126985
2 0.4909090909090909 0.24444444444444444 0.007792207792207792 0.03492063492063492
1 0.5246753246753246 0.2777777777777778 0.02987012987012987 0.06984126984126984
1 0.5584415584415584 0.31746031746031744 0.023376623376623377 0.06507936507936508
0 0.5935064935064935 0.4111111111111111 0.03766233766233766 0.13333333333333333
1 0.5207792207792208 0.4984126984126984 0.03896103896103896 0.1
1 0.4753246753246753 0.2523809523809524 0.015584415584415584 0.044444444444444446
1 0.4779220779220779 0.2253968253968254 0.011688311688311689 0.02857142857142857
1 0.4701298701298701 0.20634920634920634 0.011688311688311689 0.03333333333333333
3 0.5181818181818182 0.2253968253968254 0.023376623376623377 0.05714285714285714
1 0.4688311688311688 0.19047619047619047 0.011688311688311689 0.022222222222222223
1 0.4649350649350649 0.18095238095238095 0.007792207792207792 0.01904761904761905
1 0.4688311688311688 0.173015873015873 0.00909090909090909 0.020634920634920634
2 0.45454545454545453 0.20317460317460317 0.007792207792207792 0.02857142857142857
1 0.5428571428571428 0.2253968253968254 0.02077922077922078 0.02857142857142857
2 0.5571428571428572 0.2507936507936508 0.00909090909090909 0.03015873015873016
2 0.45324675324675323 0.17142857142857143 0.003896103896103896 0.025396825396825397
2 0.487012987012987 0.2253968253968254 0.005194805194805195 0.03492063492063492
1 0.5038961038961038 0.18888888888888888 0.014285714285714285 0.020634920634920634
1 0.4987012987012987 0.18095238095238095 0.01038961038961039 0.01746031746031746
1 0.4922077922077922 0.17142857142857143 0.00909090909090909 0.01904761904761905
1 0.4636363636363636 0.16031746031746033 0.00909090909090909 0.012698412698412698
1 0.4649350649350649 0.15396825396825398 0.01038961038961039 0.014285714285714285
1 0.4753246753246753 0.10476190476190476 0.007792207792207792 0.014285714285714285
2 0.5753246753246753 0.24761904761904763 0.00909090909090909 0.023809523809523808
1 0.4857142857142857 0.12857142857142856 0.005194805194805195 0.011111111111111112
1 0.4857142857142857 0.1349206349206349 0.007792207792207792 0.009523809523809525
1 0.4883116883116883 0.14444444444444443 0.01038961038961039 0.009523809523809525
2 0.5597402597402598 0.22380952380952382 0.01038961038961039 0.026984126984126985
2 0.5675324675324676 0.23809523809523808 0.005194805194805195 0.03015873015873016
2 0.5441558441558442 0.2507936507936508 0.007792207792207792 0.0380952380952381
2 0.5025974025974026 0.2222222222222222 0.011688311688311689 0.03492063492063492
2 0.4922077922077922 0.22063492063492063 0.01038961038961039 0.031746031746031744
2 0.5532467532467532 0.1984126984126984 0.00909090909090909 0.025396825396825397
2 0.5428571428571428 0.20317460317460317 0.00909090909090909 0.023809523809523808
2 0.4909090909090909 0.2015873015873016 0.006493506493506494 0.023809523809523808
2 0.4831168831168831 0.2 0.006493506493506494 0.025396825396825397
2 0.4818181818181818 0.18095238095238095 0.006493506493506494 0.015873015873015872
2 0.4649350649350649 0.12063492063492064 0.007792207792207792 0.01746031746031746
1 0.4649350649350649 0.1380952380952381 0.01038961038961039 0.01746031746031746
1 0.4883116883116883 0.15555555555555556 0.005194805194805195 0.014285714285714285
1 0.4961038961038961 0.1619047619047619 0.007792207792207792 0.01746031746031746
2 0.5038961038961038 0.1634920634920635 0.005194805194805195 0.025396825396825397
2 0.5142857142857142 0.18412698412698414 0.005194805194805195 0.023809523809523808
2 0.522077922077922 0.1873015873015873 0.006493506493506494 0.022222222222222223
2 0.5311688311688312 0.1984126984126984 0.006493506493506494 0.022222222222222223
2 0.525974025974026 0.16825396825396827 0.005194805194805195 0.022222222222222223
2 0.5311688311688312 0.1761904761904762 0.005194805194805195 0.022222222222222223
2 0.5363636363636364 0.2 0.006493506493506494 0.01746031746031746
2 0.538961038961039 0.18095238095238095 0.006493506493506494 0.01904761904761905
2 0.5103896103896104 0.1619047619047619 0.006493506493506494 0.020634920634920634
2 0.5181818181818182 0.16507936507936508 0.006493506493506494 0.01904761904761905
2 0.4935064935064935 0.10634920634920635 0.005194805194805195 0.014285714285714285
2 0.5064935064935064 0.10634920634920635 0.003896103896103896 0.015873015873015872
1 0.4805194805194805 0.12698412698412698 0.007792207792207792 0.014285714285714285
1 0.4857142857142857 0.11904761904761904 0.006493506493506494 0.009523809523809525
3 0.5012987012987012 0.09206349206349207 0.005194805194805195 0.014285714285714285
2 0.4805194805194805 0.16984126984126985 0.006493506493506494 0.01904761904761905
2 0.4792207792207792 0.15396825396825398 0.00909090909090909 0.026984126984126985
2 0.4974025974025974 0.14285714285714285 0.006493506493506494 0.01904761904761905
2 0.5038961038961038 0.14126984126984127 0.005194805194805195 0.014285714285714285
2 0.4935064935064935 0.11746031746031746 0.006493506493506494 0.01904761904761905
2 0.4727272727272727 0.1365079365079365 0.006493506493506494 0.022222222222222223
2 0.5064935064935064 0.12857142857142856 0.005194805194805195 0.01904761904761905
2 0.5 0.12380952380952381 0.006493506493506494 0.01746031746031746
2 0.4987012987012987 0.10634920634920635 0.003896103896103896 0.01746031746031746
2 0.4714285714285714 0.11904761904761904 0.005194805194805195 0.014285714285714285
2 0.4831168831168831 0.10793650793650794 0.005194805194805195 0.012698412698412698
1 0.6298701298701299 0.526984126984127 0.053246753246753244 0.12857142857142856