2 0.6 0.8158730158730159 0.04155844155844156 0.16666666666666666
2 0.5181818181818182 0.38571428571428573 0.01818181818181818 0.06825396825396825
2 0.5168831168831168 0.24444444444444444 0.014285714285714285 0.03968253968253968
2 0.5324675324675324 0.2015873015873016 0.00909090909090909 0.02857142857142857
2 0.522077922077922 0.18253968253968253 0.00909090909090909 0.03492063492063492
2 0.4831168831168831 0.22698412698412698 0.01038961038961039 0.0380952380952381
2 0.4766233766233766 0.17936507936507937 0.007792207792207792 0.031746031746031744
2 0.474025974025974 0.13968253968253969 0.006493506493506494 0.022222222222222223
2 0.4753246753246753 0.12698412698412698 0.005194805194805195 0.01746031746031746
2 0.487012987012987 0.12857142857142856 0.006493506493506494 0.022222222222222223
0 0.5025974025974026 0.09682539682539683 0.01818181818181818 0.01904761904761905
0 0.4857142857142857 0.10476190476190476 0.023376623376623377 0.0380952380952381
0 0.5116883116883116 0.13968253968253969 0.04285714285714286 0.04285714285714286
0 0.5077922077922078 0.1984126984126984 0.02207792207792208 0.03968253968253968
1 0.4883116883116883 0.2777777777777778 0.02857142857142857 0.06984126984126984