1 0.5662337662337662 0.7 0.07922077922077922 0.2253968253968254
1 0.6974025974025974 0.6841269841269841 0.08571428571428572 0.2
1 0.5285714285714286 0.49206349206349204 0.05584415584415584 0.1111111111111111
1 0.5051948051948052 0.3952380952380952 0.03636363636363636 0.08253968253968254
1 0.5623376623376624 0.2698412698412698 0.02987012987012987 0.050793650793650794
1 0.5415584415584416 0.22857142857142856 0.024675324675324677 0.05555555555555555
1 0.5038961038961038 0.19682539682539682 0.024675324675324677 0.04126984126984127
1 0.5 0.13015873015873017 0.012987012987012988 0.0380952380952381
1 0.4701298701298701 0.1126984126984127 0.012987012987012988 0.026984126984126985
2 0.487012987012987 0.11904761904761904 0.006493506493506494 0.020634920634920634
2 0.4831168831168831 0.10317460317460317 0.003896103896103896 0.012698412698412698
2 0.4857142857142857 0.1 0.003896103896103896 0.012698412698412698
1 0.4935064935064935 0.1 0.00909090909090909 0.01746031746031746
1 0.5051948051948052 0.08888888888888889 0.007792207792207792 0.012698412698412698
3 0.5051948051948052 0.32222222222222224 0.04025974025974026 0.10317460317460317
0 0.6181818181818182 0.4301587301587302 0.08181818181818182 0.20317460317460317
2 0.5532467532467532 0.42698412698412697 0.01948051948051948 0.06825396825396825
2 0.548051948051948 0.3825396825396825 0.01948051948051948 0.05238095238095238
2 0.5428571428571428 0.33650793650793653 0.015584415584415584 0.05714285714285714
2 0.561038961038961 0.32222222222222224 0.011688311688311689 0.050793650793650794
1 0.5857142857142857 0.32857142857142857 0.033766233766233764 0.05396825396825397
2 0.5142857142857142 0.28095238095238095 0.01038961038961039 0.03015873015873016
2 0.5272727272727272 0.2777777777777778 0.011688311688311689 0.04285714285714286
2 0.4818181818181818 0.23333333333333334 0.01038961038961039 0.03968253968253968
2 0.4948051948051948 0.2650793650793651 0.01038961038961039 0.03333333333333333
2 0.5103896103896104 0.25396825396825395 0.012987012987012988 0.04126984126984127
2 0.5441558441558442 0.30793650793650795 0.011688311688311689 0.04285714285714286
2 0.5415584415584416 0.2841269841269841 0.011688311688311689 0.04285714285714286
2 0.5077922077922078 0.5952380952380952 0.02857142857142857 0.11746031746031746
2 0.6116883116883117 0.6111111111111112 0.032467532467532464 0.11746031746031746
2 0.4701298701298701 0.14285714285714285 0.005194805194805195 0.023809523809523808
2 0.4896103896103896 0.16507936507936508 0.006493506493506494 0.025396825396825397
2 0.5064935064935064 0.16984126984126985 0.006493506493506494 0.01904761904761905
2 0.512987012987013 0.16031746031746033 0.007792207792207792 0.02857142857142857
2 0.5077922077922078 0.10158730158730159 0.003896103896103896 0.014285714285714285