2 0.7922077922077922 0.9301587301587302 0.05194805194805195 0.13968253968253969
2 0.7519480519480519 0.7428571428571429 0.05714285714285714 0.14761904761904762
2 0.7142857142857143 0.6301587301587301 0.05194805194805195 0.1111111111111111
2 0.6584415584415585 0.5238095238095238 0.04155844155844156 0.1111111111111111
2 0.6493506493506493 0.44761904761904764 0.033766233766233764 0.0746031746031746
2 0.6051948051948052 0.35873015873015873 0.02987012987012987 0.08253968253968254
2 0.5688311688311688 0.31587301587301586 0.02207792207792208 0.06666666666666667
2 0.5818181818181818 0.29523809523809524 0.025974025974025976 0.047619047619047616
2 0.548051948051948 0.2507936507936508 0.016883116883116882 0.047619047619047616
2 0.5337662337662338 0.22857142857142856 0.012987012987012988 0.04285714285714286
2 0.509090909090909 0.20634920634920634 0.02207792207792208 0.03492063492063492
2 0.5064935064935064 0.1761904761904762 0.01948051948051948 0.025396825396825397
2 0.4883116883116883 0.16031746031746033 0.011688311688311689 0.02857142857142857
2 0.487012987012987 0.14285714285714285 0.006493506493506494 0.01746031746031746
2 0.4818181818181818 0.14126984126984127 0.006493506493506494 0.025396825396825397
2 0.4883116883116883 0.12698412698412698 0.003896103896103896 0.012698412698412698
2 0.4779220779220779 0.10793650793650794 0.007792207792207792 0.014285714285714285
2 0.4896103896103896 0.1111111111111111 0.00909090909090909 0.01746031746031746
1 0.5051948051948052 0.12380952380952381 0.015584415584415584 0.02857142857142857
1 0.4649350649350649 0.13968253968253969 0.011688311688311689 0.02857142857142857
1 0.574025974025974 0.4396825396825397 0.04155844155844156 0.07301587301587302
1 0.6103896103896104 0.5444444444444444 0.06623376623376623 0.15555555555555556
2 0.5168831168831168 0.3603174603174603 0.02857142857142857 0.0746031746031746
2 0.4987012987012987 0.1 0.007792207792207792 0.01746031746031746