2 0.5168831168831168 0.8238095238095238 0.05194805194805195 0.1634920634920635
2 0.6012987012987013 0.9317460317460318 0.05194805194805195 0.1349206349206349
2 0.638961038961039 0.9523809523809523 0.04285714285714286 0.09206349206349207
2 0.6545454545454545 0.861904761904762 0.033766233766233764 0.15396825396825398
2 0.7207792207792207 0.8984126984126984 0.05064935064935065 0.16666666666666666
2 0.8103896103896104 0.7952380952380952 0.03636363636363636 0.15714285714285714
2 0.8792207792207792 0.9349206349206349 0.05844155844155844 0.12857142857142856
2 0.9558441558441558 0.8095238095238095 0.02857142857142857 0.21904761904761905
2 0.6727272727272727 0.7412698412698413 0.06493506493506493 0.16666666666666666
2 0.6207792207792208 0.6761904761904762 0.03766233766233766 0.12222222222222222
2 0.5935064935064935 0.7888888888888889 0.03766233766233766 0.12380952380952381
2 0.5623376623376624 0.7555555555555555 0.04935064935064935 0.13333333333333333
2 0.6272727272727273 0.6047619047619047 0.02857142857142857 0.08412698412698413
2 0.5909090909090909 0.5714285714285714 0.02857142857142857 0.09206349206349207
2 0.6337662337662338 0.5555555555555556 0.025974025974025976 0.0746031746031746
2 0.6428571428571429 0.5079365079365079 0.02857142857142857 0.07142857142857142
2 0.6792207792207792 0.5079365079365079 0.032467532467532464 0.06825396825396825
1 0.7051948051948052 0.6095238095238096 0.09480519480519481 0.16666666666666666
2 0.7454545454545455 0.5936507936507937 0.02207792207792208 0.10952380952380952
2 0.6077922077922078 0.5047619047619047 0.015584415584415584 0.06984126984126984
2 0.5636363636363636 0.5206349206349207 0.025974025974025976 0.08412698412698413
1 0.5194805194805194 0.5206349206349207 0.048051948051948054 0.13015873015873017
2 0.5402597402597402 0.4793650793650794 0.02077922077922078 0.06825396825396825
2 0.538961038961039 0.42857142857142855 0.01948051948051948 0.046031746031746035
2 0.5701298701298702 0.4793650793650794 0.015584415584415584 0.05555555555555555
2 0.5909090909090909 0.4777777777777778 0.02207792207792208 0.06666666666666667
2 0.5961038961038961 0.4396825396825397 0.015584415584415584 0.05555555555555555
2 0.5818181818181818 0.41904761904761906 0.023376623376623377 0.05396825396825397
2 0.5636363636363636 0.4396825396825397 0.02207792207792208 0.06666666666666667
2 0.5701298701298702 0.38412698412698415 0.016883116883116882 0.05873015873015873
2 0.6597402597402597 0.4507936507936508 0.01948051948051948 0.06666666666666667
2 0.687012987012987 0.46984126984126984 0.016883116883116882 0.0380952380952381
2 0.6493506493506493 0.41904761904761906 0.01948051948051948 0.06507936507936508
2 0.6350649350649351 0.3904761904761905 0.01948051948051948 0.06349206349206349
2 0.6584415584415585 0.3603174603174603 0.016883116883116882 0.05555555555555555
2 0.6441558441558441 0.35555555555555557 0.02077922077922078 0.0380952380952381
1 0.6103896103896104 0.39206349206349206 0.048051948051948054 0.09523809523809523
2 0.6181818181818182 0.35079365079365077 0.015584415584415584 0.05238095238095238
2 0.6311688311688312 0.3492063492063492 0.011688311688311689 0.02857142857142857
2 0.6103896103896104 0.33174603174603173 0.012987012987012988 0.04126984126984127
1 0.587012987012987 0.3476190476190476 0.04155844155844156 0.06507936507936508
1 0.5818181818181818 0.29523809523809524 0.02857142857142857 0.03650793650793651
2 0.5961038961038961 0.3 0.014285714285714285 0.03968253968253968
2 0.6077922077922078 0.2984126984126984 0.015584415584415584 0.03015873015873016
1 0.5428571428571428 0.353968253968254 0.04285714285714286 0.06349206349206349
2 0.5584415584415584 0.319047619047619 0.012987012987012988 0.0380952380952381
2 0.5688311688311688 0.3253968253968254 0.012987012987012988 0.046031746031746035
1 0.5376623376623376 0.2984126984126984 0.02727272727272727 0.03650793650793651
2 0.551948051948052 0.3 0.012987012987012988 0.031746031746031744
2 0.5155844155844156 0.3412698412698413 0.015584415584415584 0.06349206349206349
2 0.5116883116883116 0.30158730158730157 0.012987012987012988 0.031746031746031744
1 0.4805194805194805 0.29365079365079366 0.03116883116883117 0.026984126984126985
2 0.5025974025974026 0.273015873015873 0.015584415584415584 0.023809523809523808
2 0.5207792207792208 0.2698412698412698 0.00909090909090909 0.026984126984126985
2 0.5454545454545454 0.2746031746031746 0.011688311688311689 0.03333333333333333
1 0.5116883116883116 0.2396825396825397 0.02077922077922078 0.03492063492063492
2 0.5181818181818182 0.25396825396825395 0.011688311688311689 0.01904761904761905
2 0.5298701298701298 0.25555555555555554 0.011688311688311689 0.026984126984126985
2 0.5337662337662338 0.2619047619047619 0.007792207792207792 0.023809523809523808
2 0.4961038961038961 0.24126984126984127 0.00909090909090909 0.01746031746031746
1 0.4805194805194805 0.24444444444444444 0.024675324675324677 0.026984126984126985
2 0.4909090909090909 0.2222222222222222 0.006493506493506494 0.020634920634920634
2 0.587012987012987 0.2698412698412698 0.00909090909090909 0.025396825396825397
1 0.5597402597402598 0.2571428571428571 0.03116883116883117 0.04285714285714286
2 0.5792207792207792 0.25555555555555554 0.011688311688311689 0.03015873015873016
2 0.5701298701298702 0.23333333333333334 0.01038961038961039 0.022222222222222223
1 0.5532467532467532 0.23333333333333334 0.02987012987012987 0.03968253968253968
2 0.5623376623376624 0.2253968253968254 0.007792207792207792 0.01746031746031746
1 0.5376623376623376 0.2222222222222222 0.02727272727272727 0.03968253968253968
2 0.548051948051948 0.20634920634920634 0.015584415584415584 0.023809523809523808
2 0.5571428571428572 0.2126984126984127 0.01038961038961039 0.022222222222222223
1 0.5298701298701298 0.19365079365079366 0.02727272727272727 0.03650793650793651
2 0.5402597402597402 0.19047619047619047 0.006493506493506494 0.014285714285714285
1 0.4779220779220779 0.21904761904761905 0.02077922077922078 0.01904761904761905
2 0.4857142857142857 0.20317460317460317 0.011688311688311689 0.023809523809523808
2 0.4948051948051948 0.20793650793650795 0.01038961038961039 0.023809523809523808
2 0.4818181818181818 0.18571428571428572 0.007792207792207792 0.01746031746031746
2 0.45324675324675323 0.2 0.007792207792207792 0.023809523809523808
1 0.461038961038961 0.15873015873015872 0.01818181818181818 0.031746031746031744
1 0.4662337662337662 0.173015873015873 0.016883116883116882 0.014285714285714285
2 0.4779220779220779 0.16666666666666666 0.006493506493506494 0.023809523809523808
1 0.4675324675324675 0.16031746031746033 0.016883116883116882 0.015873015873015872
2 0.474025974025974 0.14603174603174604 0.005194805194805195 0.015873015873015872
1 0.5103896103896104 0.15555555555555556 0.01818181818181818 0.020634920634920634
1 0.509090909090909 0.14126984126984127 0.01038961038961039 0.015873015873015872
2 0.5181818181818182 0.14126984126984127 0.005194805194805195 0.01904761904761905
2 0.5337662337662338 0.1746031746031746 0.005194805194805195 0.014285714285714285
1 0.4792207792207792 0.12857142857142856 0.011688311688311689 0.011111111111111112
3 0.4922077922077922 0.1523809523809524 0.02727272727272727 0.047619047619047616
2 0.487012987012987 0.12222222222222222 0.005194805194805195 0.015873015873015872
1 0.5064935064935064 0.12857142857142856 0.011688311688311689 0.012698412698412698
2 0.5116883116883116 0.11746031746031746 0.005194805194805195 0.01746031746031746
3 0.5 0.1111111111111111 0.014285714285714285 0.01904761904761905
2 0.512987012987013 0.10634920634920635 0.005194805194805195 0.014285714285714285
1 0.4636363636363636 0.1126984126984127 0.007792207792207792 0.014285714285714285
1 0.4779220779220779 0.11587301587301588 0.012987012987012988 0.012698412698412698
1 0.4792207792207792 0.10952380952380952 0.007792207792207792 0.009523809523809525
2 0.4909090909090909 0.1126984126984127 0.003896103896103896 0.011111111111111112
1 0.5077922077922078 0.4095238095238095 0.046753246753246755 0.07142857142857142
1 0.4883116883116883 0.3476190476190476 0.033766233766233764 0.0746031746031746
1 0.4844155844155844 0.2714285714285714 0.02987012987012987 0.025396825396825397
1 0.5077922077922078 0.20952380952380953 0.02077922077922078 0.026984126984126985
1 0.5012987012987012 0.18571428571428572 0.023376623376623377 0.014285714285714285
1 0.4727272727272727 0.20952380952380953 0.024675324675324677 0.014285714285714285
1 0.4662337662337662 0.2 0.023376623376623377 0.025396825396825397
1 0.4662337662337662 0.18571428571428572 0.014285714285714285 0.011111111111111112
1 0.5155844155844156 0.16984126984126985 0.014285714285714285 0.020634920634920634
1 0.461038961038961 0.14126984126984127 0.012987012987012988 0.011111111111111112
1 0.4597402597402597 0.13015873015873017 0.011688311688311689 0.012698412698412698
1 0.4623376623376623 0.12063492063492064 0.003896103896103896 0.014285714285714285
1 0.4688311688311688 0.10634920634920635 0.00909090909090909 0.011111111111111112
1 0.4714285714285714 0.1 0.006493506493506494 0.011111111111111112
1 0.4779220779220779 0.09682539682539683 0.003896103896103896 0.012698412698412698
1 0.4844155844155844 0.10634920634920635 0.005194805194805195 0.009523809523809525
1 0.4844155844155844 0.09206349206349207 0.006493506493506494 0.011111111111111112
0 0.4987012987012987 0.09682539682539683 0.012987012987012988 0.020634920634920634