1 0.6012987012987013 0.9777777777777777 0.09350649350649351 0.044444444444444446
1 0.7389610389610389 0.9174603174603174 0.12467532467532468 0.16507936507936508
1 0.7831168831168831 0.7904761904761904 0.12207792207792208 0.23333333333333334
1 0.5454545454545454 0.7492063492063492 0.09090909090909091 0.24444444444444444
1 0.687012987012987 0.5365079365079365 0.045454545454545456 0.10952380952380952
1 0.5181818181818182 0.5206349206349207 0.08961038961038961 0.10634920634920635
1 0.5207792207792208 0.5126984126984127 0.08051948051948052 0.12380952380952381
1 0.5025974025974026 0.4158730158730159 0.05584415584415584 0.0746031746031746
1 0.551948051948052 0.37777777777777777 0.02987012987012987 0.06984126984126984
1 0.5714285714285714 0.319047619047619 0.04155844155844156 0.05555555555555555
1 0.5402597402597402 0.30793650793650795 0.04025974025974026 0.05396825396825397
1 0.4935064935064935 0.33174603174603173 0.03506493506493506 0.06349206349206349
1 0.4857142857142857 0.2857142857142857 0.02727272727272727 0.046031746031746035
1 0.4961038961038961 0.2634920634920635 0.02077922077922078 0.05396825396825397
1 0.522077922077922 0.273015873015873 0.02987012987012987 0.031746031746031744
1 0.4727272727272727 0.23174603174603176 0.024675324675324677 0.0380952380952381
1 0.4805194805194805 0.20634920634920634 0.02857142857142857 0.031746031746031744
1 0.4701298701298701 0.19206349206349208 0.023376623376623377 0.047619047619047616
1 0.4987012987012987 0.17777777777777778 0.02207792207792208 0.0380952380952381
1 0.4909090909090909 0.173015873015873 0.014285714285714285 0.044444444444444446
3 0.6649350649350649 0.6904761904761905 0.12467532467532468 0.33015873015873015
3 0.6051948051948052 0.49523809523809526 0.06233766233766234 0.14444444444444443
3 0.577922077922078 0.40793650793650793 0.05064935064935065 0.06984126984126984
3 0.5727272727272728 0.2365079365079365 0.04935064935064935 0.07777777777777778
3 0.4714285714285714 0.15396825396825398 0.024675324675324677 0.046031746031746035
3 0.5311688311688312 0.2222222222222222 0.03116883116883117 0.08888888888888889
2 0.5714285714285714 0.9222222222222223 0.02987012987012987 0.08412698412698413
2 0.6350649350649351 0.9444444444444444 0.03896103896103896 0.1111111111111111
2 0.6168831168831169 0.8492063492063492 0.033766233766233764 0.12698412698412698
2 0.8155844155844156 0.9476190476190476 0.04025974025974026 0.10476190476190476
2 0.8922077922077922 0.9682539682539683 0.02987012987012987 0.06349206349206349
2 0.9272727272727272 0.9666666666666667 0.03116883116883117 0.06666666666666667
2 0.9883116883116884 0.9777777777777777 0.023376623376623377 0.04285714285714286
2 0.8727272727272727 0.9793650793650793 0.03766233766233766 0.04126984126984127
2 0.8701298701298701 0.9111111111111111 0.045454545454545456 0.12380952380952381
2 0.9181818181818182 0.8650793650793651 0.06753246753246753 0.14285714285714285
2 0.9467532467532468 0.8126984126984127 0.07792207792207792 0.1365079365079365
2 0.8480519480519481 0.7904761904761904 0.033766233766233764 0.11587301587301588
2 0.8220779220779221 0.6904761904761905 0.03636363636363636 0.07777777777777778
2 0.7766233766233767 0.6634920634920635 0.015584415584415584 0.08412698412698413
2 0.7454545454545455 0.638095238095238 0.03116883116883117 0.050793650793650794
2 0.7363636363636363 0.5873015873015873 0.03766233766233766 0.047619047619047616
2 0.7467532467532467 0.5476190476190477 0.032467532467532464 0.047619047619047616
2 0.7168831168831169 0.5365079365079365 0.015584415584415584 0.06349206349206349
2 0.7142857142857143 0.4888888888888889 0.032467532467532464 0.0746031746031746
2 0.6662337662337663 0.47619047619047616 0.025974025974025976 0.04126984126984127
2 0.674025974025974 0.44126984126984126 0.023376623376623377 0.05873015873015873
2 0.6558441558441559 0.4365079365079365 0.024675324675324677 0.049206349206349205
2 0.6337662337662338 0.4158730158730159 0.015584415584415584 0.03968253968253968
2 0.6428571428571429 0.39206349206349206 0.025974025974025976 0.0380952380952381
2 0.625974025974026 0.37777777777777777 0.016883116883116882 0.04126984126984127
2 0.625974025974026 0.35079365079365077 0.02987012987012987 0.031746031746031744
2 0.6077922077922078 0.3746031746031746 0.025974025974025976 0.04126984126984127
2 0.5493506493506494 0.2365079365079365 0.01818181818181818 0.044444444444444446
2 0.5363636363636364 0.3412698412698413 0.01948051948051948 0.03015873015873016
2 0.525974025974026 0.35079365079365077 0.023376623376623377 0.05238095238095238
2 0.5233766233766234 0.32222222222222224 0.01818181818181818 0.04126984126984127
2 0.5467532467532468 0.44761904761904764 0.025974025974025976 0.047619047619047616
2 0.5597402597402598 0.49523809523809526 0.02987012987012987 0.05873015873015873
2 0.577922077922078 0.6476190476190476 0.03116883116883117 0.08095238095238096
2 0.5103896103896104 0.6158730158730159 0.024675324675324677 0.06984126984126984
2 0.5246753246753246 0.5873015873015873 0.03766233766233766 0.08571428571428572
2 0.5103896103896104 0.23809523809523808 0.01818181818181818 0.049206349206349205
2 0.5155844155844156 0.18571428571428572 0.012987012987012988 0.03333333333333333
2 0.5168831168831168 0.1619047619047619 0.023376623376623377 0.03015873015873016
2 0.4987012987012987 0.14761904761904762 0.01818181818181818 0.015873015873015872
2 0.5051948051948052 0.13333333333333333 0.01818181818181818 0.014285714285714285
2 0.4909090909090909 0.1365079365079365 0.015584415584415584 0.02857142857142857
2 0.5077922077922078 0.1111111111111111 0.00909090909090909 0.020634920634920634
2 0.4987012987012987 0.10634920634920635 0.014285714285714285 0.025396825396825397
2 0.4818181818181818 0.11746031746031746 0.011688311688311689 0.01746031746031746
2 0.4727272727272727 0.11904761904761904 0.011688311688311689 0.023809523809523808