1 0.6077922077922078 0.9761904761904762 0.08961038961038961 0.046031746031746035
1 0.7194805194805195 0.8603174603174604 0.12077922077922078 0.2634920634920635
2 0.6766233766233766 0.9492063492063492 0.05584415584415584 0.1
2 0.6376623376623377 0.8206349206349206 0.04155844155844156 0.1746031746031746
2 0.7961038961038961 0.9031746031746032 0.053246753246753244 0.1619047619047619
2 0.8597402597402597 0.953968253968254 0.046753246753246755 0.09206349206349207
2 0.9376623376623376 0.973015873015873 0.048051948051948054 0.05238095238095238
2 0.8688311688311688 0.9111111111111111 0.05064935064935065 0.12222222222222222
2 0.8207792207792208 0.8523809523809524 0.04285714285714286 0.16507936507936508
2 0.787012987012987 0.7634920634920634 0.03766233766233766 0.12857142857142856
2 0.7428571428571429 0.7587301587301587 0.02857142857142857 0.1111111111111111
1 0.6441558441558441 0.6587301587301587 0.09350649350649351 0.19047619047619047
2 0.7142857142857143 0.6841269841269841 0.033766233766233764 0.09365079365079365
1 0.564935064935065 0.8492063492063492 0.09090909090909091 0.2619047619047619
2 0.5883116883116883 0.6095238095238096 0.02987012987012987 0.09682539682539683
2 0.5831168831168831 0.5380952380952381 0.03116883116883117 0.0746031746031746
2 0.4922077922077922 0.5238095238095238 0.02207792207792208 0.08888888888888889
1 0.5324675324675324 0.5396825396825397 0.05454545454545454 0.09682539682539683
2 0.5181818181818182 0.49523809523809526 0.02207792207792208 0.05396825396825397
2 0.4961038961038961 0.4793650793650794 0.01818181818181818 0.05238095238095238
2 0.6792207792207792 0.5777777777777777 0.02077922077922078 0.09682539682539683
1 0.7441558441558441 0.6222222222222222 0.09350649350649351 0.1746031746031746
2 0.7116883116883117 0.526984126984127 0.015584415584415584 0.0380952380952381
2 0.674025974025974 0.5206349206349207 0.024675324675324677 0.06507936507936508
2 0.6623376623376623 0.4396825396825397 0.02207792207792208 0.06031746031746032
2 0.674025974025974 0.45714285714285713 0.01818181818181818 0.03968253968253968
2 0.6350649350649351 0.43333333333333335 0.01818181818181818 0.07777777777777778
2 0.6441558441558441 0.40793650793650793 0.016883116883116882 0.0746031746031746
2 0.6207792207792208 0.39365079365079364 0.02077922077922078 0.05555555555555555
2 0.6168831168831169 0.36666666666666664 0.01818181818181818 0.04126984126984127
1 0.587012987012987 0.3952380952380952 0.045454545454545456 0.09682539682539683
2 0.5818181818181818 0.3333333333333333 0.014285714285714285 0.03650793650793651
2 0.6051948051948052 0.33015873015873015 0.011688311688311689 0.046031746031746035
2 0.6181818181818182 0.3396825396825397 0.016883116883116882 0.04285714285714286
1 0.5584415584415584 0.35714285714285715 0.03896103896103896 0.08888888888888889
2 0.564935064935065 0.30158730158730157 0.011688311688311689 0.03968253968253968
2 0.5766233766233766 0.3111111111111111 0.011688311688311689 0.04126984126984127
2 0.5974025974025974 0.3047619047619048 0.014285714285714285 0.050793650793650794
2 0.587012987012987 0.29523809523809524 0.01038961038961039 0.03650793650793651
1 0.5441558441558442 0.3111111111111111 0.032467532467532464 0.050793650793650794
2 0.5532467532467532 0.2761904761904762 0.01038961038961039 0.0380952380952381
2 0.5623376623376624 0.2857142857142857 0.00909090909090909 0.03333333333333333
2 0.5727272727272728 0.27936507936507937 0.012987012987012988 0.03492063492063492
2 0.5727272727272728 0.25396825396825395 0.01038961038961039 0.022222222222222223
1 0.5298701298701298 0.24603174603174602 0.02857142857142857 0.06031746031746032
2 0.5402597402597402 0.22380952380952382 0.01038961038961039 0.0380952380952381
2 0.5571428571428572 0.23174603174603176 0.01038961038961039 0.03968253968253968
2 0.4805194805194805 0.30634920634920637 0.014285714285714285 0.046031746031746035
2 0.4922077922077922 0.2984126984126984 0.014285714285714285 0.05396825396825397
2 0.5077922077922078 0.27936507936507937 0.011688311688311689 0.046031746031746035
2 0.4831168831168831 0.3476190476190476 0.015584415584415584 0.07142857142857142
2 0.474025974025974 0.2714285714285714 0.011688311688311689 0.046031746031746035
1 0.4883116883116883 0.24444444444444444 0.02727272727272727 0.05714285714285714
2 0.4753246753246753 0.22380952380952382 0.01038961038961039 0.03333333333333333
2 0.4935064935064935 0.2111111111111111 0.00909090909090909 0.031746031746031744
2 0.5025974025974026 0.20317460317460317 0.011688311688311689 0.0380952380952381
2 0.5233766233766234 0.20317460317460317 0.011688311688311689 0.03333333333333333
2 0.5428571428571428 0.20793650793650795 0.012987012987012988 0.03650793650793651
2 0.4675324675324675 0.19047619047619047 0.012987012987012988 0.0380952380952381
2 0.4727272727272727 0.16825396825396827 0.00909090909090909 0.02857142857142857
2 0.4818181818181818 0.1746031746031746 0.00909090909090909 0.031746031746031744
2 0.4844155844155844 0.15873015873015872 0.006493506493506494 0.025396825396825397
2 0.5103896103896104 0.1873015873015873 0.00909090909090909 0.03333333333333333
1 0.4974025974025974 0.16666666666666666 0.01818181818181818 0.03492063492063492
2 0.522077922077922 0.16825396825396827 0.00909090909090909 0.03015873015873016
1 0.4662337662337662 0.14761904761904762 0.015584415584415584 0.03015873015873016
2 0.4649350649350649 0.12857142857142856 0.01038961038961039 0.01904761904761905
2 0.4753246753246753 0.1380952380952381 0.006493506493506494 0.023809523809523808
2 0.4922077922077922 0.1523809523809524 0.007792207792207792 0.015873015873015872
1 0.487012987012987 0.1349206349206349 0.012987012987012988 0.026984126984126985
2 0.4909090909090909 0.14444444444444443 0.006493506493506494 0.015873015873015872
2 0.5116883116883116 0.1634920634920635 0.007792207792207792 0.01904761904761905
2 0.5064935064935064 0.14761904761904762 0.006493506493506494 0.025396825396825397
2 0.5116883116883116 0.1492063492063492 0.007792207792207792 0.01746031746031746
1 0.4675324675324675 0.11746031746031746 0.011688311688311689 0.025396825396825397
1 0.4844155844155844 0.12063492063492064 0.011688311688311689 0.020634920634920634
2 0.4961038961038961 0.12698412698412698 0.007792207792207792 0.014285714285714285
2 0.5038961038961038 0.12857142857142856 0.007792207792207792 0.014285714285714285
1 0.4805194805194805 0.1 0.00909090909090909 0.020634920634920634
0 0.4974025974025974 0.10476190476190476 0.016883116883116882 0.03015873015873016
1 0.5025974025974026 0.08888888888888889 0.007792207792207792 0.014285714285714285
2 0.509090909090909 0.3238095238095238 0.015584415584415584 0.0380952380952381
1 0.5142857142857142 0.3825396825396825 0.04155844155844156 0.08412698412698413
2 0.525974025974026 0.3492063492063492 0.016883116883116882 0.050793650793650794
1 0.5792207792207792 0.46190476190476193 0.05844155844155844 0.11428571428571428
1 0.6324675324675325 0.5333333333333333 0.06883116883116883 0.10793650793650794
1 0.5441558441558442 0.6507936507936508 0.07402597402597402 0.16984126984126985