1 0.5714285714285714 0.8777777777777778 0.10909090909090909 0.24444444444444444
1 0.5571428571428572 0.6761904761904762 0.08701298701298701 0.18095238095238095
2 0.7025974025974026 0.6095238095238096 0.04285714285714286 0.09365079365079365
2 0.6948051948051948 0.5126984126984127 0.04285714285714286 0.09047619047619047
3 0.7363636363636363 0.8158730158730159 0.16753246753246753 0.3682539682539683
2 0.5948051948051948 0.3111111111111111 0.015584415584415584 0.05238095238095238
1 0.5467532467532468 0.2984126984126984 0.04025974025974026 0.07936507936507936
2 0.5142857142857142 0.2857142857142857 0.016883116883116882 0.05396825396825397
1 0.4818181818181818 0.2523809523809524 0.025974025974025976 0.05714285714285714
1 0.4779220779220779 0.20317460317460317 0.025974025974025976 0.046031746031746035
2 0.5493506493506494 0.23174603174603176 0.011688311688311689 0.046031746031746035
2 0.5207792207792208 0.22857142857142856 0.011688311688311689 0.03968253968253968
2 0.5194805194805194 0.20793650793650795 0.007792207792207792 0.03015873015873016
2 0.512987012987013 0.19682539682539682 0.00909090909090909 0.04126984126984127
2 0.5064935064935064 0.17142857142857143 0.01038961038961039 0.03650793650793651
2 0.522077922077922 0.18412698412698414 0.006493506493506494 0.0380952380952381
2 0.4883116883116883 0.15714285714285714 0.006493506493506494 0.031746031746031744
2 0.4818181818181818 0.14126984126984127 0.005194805194805195 0.031746031746031744
2 0.5012987012987012 0.11587301587301588 0.007792207792207792 0.020634920634920634
2 0.5012987012987012 0.12380952380952381 0.00909090909090909 0.026984126984126985
1 0.4857142857142857 0.10476190476190476 0.015584415584415584 0.03015873015873016
1 0.5038961038961038 0.10317460317460317 0.011688311688311689 0.025396825396825397