2 0.9181818181818182 0.9333333333333333 0.05714285714285714 0.11587301587301588
2 0.5987012987012987 0.7095238095238096 0.03896103896103896 0.1111111111111111
2 0.587012987012987 0.638095238095238 0.03766233766233766 0.07777777777777778
2 0.8103896103896104 0.6523809523809524 0.03766233766233766 0.09365079365079365
2 0.787012987012987 0.6841269841269841 0.033766233766233764 0.12222222222222222
2 0.8194805194805195 0.7365079365079366 0.03896103896103896 0.11904761904761904
2 0.8675324675324675 0.7857142857142857 0.03636363636363636 0.12063492063492064
2 0.8467532467532467 0.7968253968253968 0.04155844155844156 0.12380952380952381
2 0.8168831168831169 0.807936507936508 0.03896103896103896 0.09682539682539683
2 0.8064935064935065 0.8412698412698413 0.04415584415584416 0.09523809523809523
2 0.7675324675324675 0.6222222222222222 0.02987012987012987 0.05555555555555555
2 0.7467532467532467 0.5777777777777777 0.033766233766233764 0.06507936507936508
2 0.7467532467532467 0.5317460317460317 0.025974025974025976 0.06666666666666667
2 0.6948051948051948 0.6126984126984127 0.033766233766233764 0.08888888888888889
2 0.6714285714285714 0.5873015873015873 0.03506493506493506 0.08571428571428572
2 0.5792207792207792 0.5888888888888889 0.02857142857142857 0.07301587301587302
2 0.5493506493506494 0.5888888888888889 0.02987012987012987 0.08412698412698413
2 0.5142857142857142 0.626984126984127 0.024675324675324677 0.07142857142857142
2 0.5051948051948052 0.5111111111111111 0.033766233766233764 0.0746031746031746
2 0.5662337662337662 0.5015873015873016 0.03636363636363636 0.06825396825396825
2 0.5363636363636364 0.5031746031746032 0.01818181818181818 0.09047619047619047
2 0.5532467532467532 0.5126984126984127 0.02077922077922078 0.05714285714285714
2 0.5805194805194805 0.5380952380952381 0.016883116883116882 0.046031746031746035
2 0.7168831168831169 0.4936507936507937 0.02207792207792208 0.049206349206349205
2 0.7 0.4746031746031746 0.02077922077922078 0.05396825396825397
2 0.6805194805194805 0.4650793650793651 0.02077922077922078 0.06666666666666667
2 0.6688311688311688 0.44126984126984126 0.01948051948051948 0.050793650793650794
2 0.6532467532467533 0.48095238095238096 0.025974025974025976 0.05873015873015873
2 0.6324675324675325 0.46984126984126984 0.01948051948051948 0.07936507936507936
2 0.6506493506493507 0.44285714285714284 0.02077922077922078 0.05555555555555555
2 0.6220779220779221 0.4365079365079365 0.024675324675324677 0.049206349206349205
2 0.6545454545454545 0.3968253968253968 0.016883116883116882 0.05238095238095238
2 0.6428571428571429 0.4031746031746032 0.016883116883116882 0.04126984126984127
2 0.6350649350649351 0.38095238095238093 0.01948051948051948 0.04285714285714286
2 0.6207792207792208 0.38571428571428573 0.02077922077922078 0.044444444444444446
2 0.6064935064935065 0.4126984126984127 0.01818181818181818 0.04285714285714286
2 0.5974025974025974 0.3904761904761905 0.02207792207792208 0.049206349206349205
2 0.6142857142857143 0.3603174603174603 0.01948051948051948 0.046031746031746035
2 0.6363636363636364 0.353968253968254 0.01818181818181818 0.044444444444444446
2 0.6233766233766234 0.3396825396825397 0.01818181818181818 0.03968253968253968
2 0.6077922077922078 0.34285714285714286 0.012987012987012988 0.03968253968253968
2 0.6116883116883117 0.3111111111111111 0.015584415584415584 0.03492063492063492
2 0.5181818181818182 0.3619047619047619 0.025974025974025976 0.04285714285714286
2 0.5168831168831168 0.33650793650793653 0.014285714285714285 0.03492063492063492
2 0.5181818181818182 0.31587301587301586 0.012987012987012988 0.026984126984126985
2 0.5077922077922078 0.30952380952380953 0.012987012987012988 0.0380952380952381
2 0.5155844155844156 0.2968253968253968 0.012987012987012988 0.026984126984126985
2 0.5077922077922078 0.2841269841269841 0.012987012987012988 0.025396825396825397
2 0.5038961038961038 0.26666666666666666 0.012987012987012988 0.023809523809523808
2 0.5025974025974026 0.24603174603174602 0.01038961038961039 0.025396825396825397
2 0.4974025974025974 0.23015873015873015 0.01038961038961039 0.02857142857142857
2 0.5987012987012987 0.29365079365079366 0.01038961038961039 0.026984126984126985
2 0.5935064935064935 0.2761904761904762 0.012987012987012988 0.026984126984126985
2 0.5844155844155844 0.2873015873015873 0.012987012987012988 0.01904761904761905
2 0.5675324675324676 0.30158730158730157 0.014285714285714285 0.02857142857142857
2 0.5467532467532468 0.2650793650793651 0.011688311688311689 0.025396825396825397
2 0.5558441558441558 0.2746031746031746 0.011688311688311689 0.03333333333333333
2 0.5701298701298702 0.25555555555555554 0.012987012987012988 0.03333333333333333
2 0.5857142857142857 0.26031746031746034 0.014285714285714285 0.02857142857142857
2 0.5623376623376624 0.25873015873015875 0.015584415584415584 0.025396825396825397
2 0.5636363636363636 0.2873015873015873 0.01038961038961039 0.03650793650793651
2 0.5662337662337662 0.34285714285714286 0.015584415584415584 0.03492063492063492
2 0.5298701298701298 0.24603174603174602 0.01818181818181818 0.022222222222222223
2 0.5051948051948052 0.16666666666666666 0.007792207792207792 0.01746031746031746
2 0.5116883116883116 0.18095238095238095 0.00909090909090909 0.026984126984126985
2 0.5168831168831168 0.19365079365079366 0.01038961038961039 0.01746031746031746
2 0.522077922077922 0.2111111111111111 0.014285714285714285 0.03015873015873016
2 0.5506493506493506 0.23015873015873015 0.011688311688311689 0.022222222222222223
2 0.5597402597402598 0.23333333333333334 0.014285714285714285 0.022222222222222223
2 0.5454545454545454 0.20476190476190476 0.01818181818181818 0.02857142857142857
2 0.535064935064935 0.2015873015873016 0.011688311688311689 0.025396825396825397
2 0.4844155844155844 0.20476190476190476 0.00909090909090909 0.023809523809523808
2 0.5207792207792208 0.14761904761904762 0.006493506493506494 0.011111111111111112
2 0.5155844155844156 0.14285714285714285 0.006493506493506494 0.012698412698412698
2 0.4974025974025974 0.14603174603174604 0.007792207792207792 0.020634920634920634
2 0.4935064935064935 0.1380952380952381 0.006493506493506494 0.01746031746031746
2 0.4714285714285714 0.15396825396825398 0.007792207792207792 0.01746031746031746
2 0.4753246753246753 0.14126984126984127 0.007792207792207792 0.015873015873015872
2 0.5025974025974026 0.1 0.007792207792207792 0.007936507936507936
2 0.4974025974025974 0.10158730158730159 0.007792207792207792 0.011111111111111112
2 0.4831168831168831 0.11587301587301588 0.005194805194805195 0.009523809523809525
2 0.4792207792207792 0.12222222222222222 0.005194805194805195 0.011111111111111112
2 0.4753246753246753 0.13015873015873017 0.007792207792207792 0.011111111111111112
1 0.4896103896103896 0.10952380952380952 0.00909090909090909 0.014285714285714285
1 0.4948051948051948 0.1111111111111111 0.01038961038961039 0.012698412698412698
1 0.4948051948051948 0.12222222222222222 0.01038961038961039 0.012698412698412698
1 0.4857142857142857 0.1253968253968254 0.015584415584415584 0.009523809523809525
1 0.4753246753246753 0.11587301587301588 0.00909090909090909 0.012698412698412698
1 0.4792207792207792 0.10793650793650794 0.011688311688311689 0.015873015873015872
1 0.4636363636363636 0.12857142857142856 0.011688311688311689 0.015873015873015872
1 0.4662337662337662 0.14126984126984127 0.01948051948051948 0.025396825396825397
1 0.461038961038961 0.15079365079365079 0.016883116883116882 0.011111111111111112
1 0.4623376623376623 0.16825396825396827 0.01948051948051948 0.01904761904761905
1 0.4818181818181818 0.13968253968253969 0.016883116883116882 0.022222222222222223
1 0.5051948051948052 0.1349206349206349 0.014285714285714285 0.020634920634920634
1 0.509090909090909 0.15396825396825398 0.01818181818181818 0.03333333333333333
1 0.5246753246753246 0.16825396825396827 0.01818181818181818 0.03015873015873016
1 0.4896103896103896 0.15714285714285714 0.015584415584415584 0.022222222222222223
1 0.4922077922077922 0.17936507936507937 0.015584415584415584 0.025396825396825397
1 0.5 0.19206349206349208 0.01948051948051948 0.02857142857142857
1 0.5038961038961038 0.20634920634920634 0.01948051948051948 0.026984126984126985
1 0.5077922077922078 0.22063492063492063 0.02077922077922078 0.03650793650793651
1 0.512987012987013 0.2396825396825397 0.023376623376623377 0.031746031746031744
1 0.5181818181818182 0.2634920634920635 0.02077922077922078 0.03492063492063492
1 0.551948051948052 0.24761904761904763 0.024675324675324677 0.04285714285714286
1 0.535064935064935 0.273015873015873 0.03116883116883117 0.03492063492063492
1 0.5402597402597402 0.29523809523809524 0.025974025974025976 0.0380952380952381
1 0.5896103896103896 0.3253968253968254 0.04415584415584416 0.06507936507936508
1 0.5441558441558442 0.32063492063492066 0.03506493506493506 0.047619047619047616
1 0.5532467532467532 0.3746031746031746 0.04025974025974026 0.08095238095238096
1 0.5727272727272728 0.4238095238095238 0.048051948051948054 0.08095238095238096
1 0.4675324675324675 0.18253968253968253 0.015584415584415584 0.023809523809523808
1 0.474025974025974 0.20793650793650795 0.025974025974025976 0.03650793650793651
1 0.4766233766233766 0.23492063492063492 0.02207792207792208 0.03968253968253968
1 0.4857142857142857 0.26825396825396824 0.025974025974025976 0.05238095238095238
1 0.4883116883116883 0.2984126984126984 0.033766233766233764 0.04285714285714286
1 0.4857142857142857 0.33015873015873015 0.03896103896103896 0.06666666666666667
1 0.5038961038961038 0.38412698412698415 0.046753246753246755 0.07301587301587302
1 0.509090909090909 0.4507936507936508 0.048051948051948054 0.10476190476190476
1 0.6038961038961039 0.48412698412698413 0.06233766233766234 0.11587301587301588
1 0.6350649350649351 0.6079365079365079 0.07922077922077922 0.173015873015873
1 0.6922077922077922 0.5492063492063493 0.08961038961038961 0.1380952380952381
1 0.7376623376623377 0.6936507936507936 0.09610389610389611 0.20476190476190476
1 0.6558441558441559 0.7714285714285715 0.08571428571428572 0.2222222222222222
1 0.5493506493506494 0.7285714285714285 0.08831168831168831 0.20793650793650795
1 0.5766233766233766 0.9 0.1025974025974026 0.2
3 0.7441558441558441 0.8492063492063492 0.18701298701298702 0.30158730158730157
1 0.874025974025974 0.9238095238095239 0.13376623376623376 0.1523809523809524
2 0.987012987012987 0.8777777777777778 0.025974025974025976 0.13968253968253969