2 0.9155844155844156 0.9650793650793651 0.04285714285714286 0.06984126984126984
2 0.8792207792207792 0.9222222222222223 0.033766233766233764 0.15079365079365079
1 0.8051948051948052 0.8634920634920635 0.14545454545454545 0.26666666666666666
2 0.8649350649350649 0.8222222222222222 0.04285714285714286 0.1253968253968254
2 0.8064935064935065 0.7301587301587301 0.04285714285714286 0.11587301587301588
1 0.5714285714285714 0.9063492063492063 0.0987012987012987 0.1873015873015873
2 0.612987012987013 0.8412698412698413 0.032467532467532464 0.12063492063492064
2 0.6181818181818182 0.7603174603174603 0.046753246753246755 0.1380952380952381
1 0.5545454545454546 0.726984126984127 0.07012987012987013 0.1984126984126984
2 0.5402597402597402 0.7984126984126985 0.033766233766233764 0.1
2 0.5025974025974026 0.8380952380952381 0.04155844155844156 0.16825396825396827
2 0.5974025974025974 0.6682539682539682 0.025974025974025976 0.10634920634920635
2 0.5168831168831168 0.6396825396825396 0.025974025974025976 0.12063492063492064
1 0.7285714285714285 0.680952380952381 0.09220779220779221 0.1873015873015873
2 0.7610389610389611 0.6206349206349207 0.033766233766233764 0.08888888888888889
2 0.5545454545454546 0.6126984126984127 0.015584415584415584 0.05238095238095238
2 0.5831168831168831 0.6079365079365079 0.023376623376623377 0.09047619047619047
2 0.5662337662337662 0.5682539682539682 0.024675324675324677 0.0873015873015873
2 0.5597402597402598 0.5349206349206349 0.016883116883116882 0.07301587301587302
2 0.5558441558441558 0.49682539682539684 0.023376623376623377 0.0746031746031746
2 0.7285714285714285 0.5634920634920635 0.02727272727272727 0.08571428571428572
1 0.6935064935064935 0.5634920634920635 0.06103896103896104 0.1349206349206349
2 0.7090909090909091 0.5174603174603175 0.02077922077922078 0.07777777777777778
2 0.6883116883116883 0.48412698412698413 0.02077922077922078 0.07301587301587302
2 0.6701298701298701 0.4746031746031746 0.016883116883116882 0.0380952380952381
2 0.6571428571428571 0.45714285714285713 0.011688311688311689 0.044444444444444446
2 0.6493506493506493 0.4396825396825397 0.01948051948051948 0.044444444444444446
2 0.6298701298701299 0.42857142857142855 0.014285714285714285 0.02857142857142857
2 0.6441558441558441 0.4142857142857143 0.016883116883116882 0.047619047619047616
2 0.6181818181818182 0.4015873015873016 0.01948051948051948 0.03492063492063492
2 0.6077922077922078 0.3825396825396825 0.016883116883116882 0.02857142857142857
1 0.577922077922078 0.353968253968254 0.032467532467532464 0.07142857142857142
1 0.548051948051948 0.30317460317460315 0.032467532467532464 0.06349206349206349
2 0.5727272727272728 0.29523809523809524 0.01038961038961039 0.046031746031746035
2 0.5766233766233766 0.29365079365079366 0.015584415584415584 0.050793650793650794
2 0.5844155844155844 0.3047619047619048 0.00909090909090909 0.031746031746031744
1 0.6051948051948052 0.3412698412698413 0.03896103896103896 0.07142857142857142
2 0.5935064935064935 0.29523809523809524 0.01038961038961039 0.031746031746031744
2 0.5961038961038961 0.30634920634920637 0.012987012987012988 0.02857142857142857
1 0.5363636363636364 0.2777777777777778 0.03116883116883117 0.06031746031746032
2 0.561038961038961 0.2714285714285714 0.012987012987012988 0.03650793650793651
2 0.5805194805194805 0.2777777777777778 0.00909090909090909 0.03650793650793651
1 0.5064935064935064 0.3492063492063492 0.04155844155844156 0.08095238095238096
1 0.4883116883116883 0.32063492063492066 0.02987012987012987 0.06507936507936508
2 0.5155844155844156 0.30793650793650795 0.015584415584415584 0.05873015873015873
2 0.4649350649350649 0.26666666666666666 0.011688311688311689 0.046031746031746035
1 0.4883116883116883 0.2619047619047619 0.02857142857142857 0.050793650793650794
1 0.5038961038961038 0.2571428571428571 0.014285714285714285 0.04285714285714286
2 0.5142857142857142 0.2571428571428571 0.00909090909090909 0.047619047619047616
1 0.535064935064935 0.24603174603174602 0.024675324675324677 0.0380952380952381
2 0.5558441558441558 0.2571428571428571 0.012987012987012988 0.031746031746031744
2 0.5792207792207792 0.2634920634920635 0.014285714285714285 0.0380952380952381
2 0.45584415584415583 0.21904761904761905 0.01038961038961039 0.046031746031746035
2 0.5 0.21904761904761905 0.005194805194805195 0.031746031746031744
1 0.522077922077922 0.22698412698412698 0.014285714285714285 0.03333333333333333
2 0.5428571428571428 0.22698412698412698 0.007792207792207792 0.03492063492063492
2 0.548051948051948 0.23809523809523808 0.007792207792207792 0.03333333333333333
2 0.5558441558441558 0.2396825396825397 0.012987012987012988 0.031746031746031744
2 0.561038961038961 0.24285714285714285 0.01038961038961039 0.03650793650793651
2 0.5701298701298702 0.24603174603174602 0.01038961038961039 0.03650793650793651
1 0.5246753246753246 0.1984126984126984 0.025974025974025976 0.03492063492063492
1 0.5324675324675324 0.20952380952380953 0.02077922077922078 0.031746031746031744
2 0.5532467532467532 0.21587301587301588 0.00909090909090909 0.03333333333333333
2 0.551948051948052 0.22857142857142856 0.014285714285714285 0.02857142857142857
1 0.5038961038961038 0.17936507936507937 0.02077922077922078 0.03333333333333333
2 0.5376623376623376 0.18888888888888888 0.012987012987012988 0.0380952380952381
2 0.538961038961039 0.19206349206349208 0.00909090909090909 0.03015873015873016
2 0.5467532467532468 0.20476190476190476 0.011688311688311689 0.022222222222222223
2 0.5441558441558442 0.19523809523809524 0.005194805194805195 0.015873015873015872
1 0.4649350649350649 0.16507936507936508 0.02207792207792208 0.031746031746031744
2 0.4818181818181818 0.16666666666666666 0.00909090909090909 0.023809523809523808
2 0.487012987012987 0.173015873015873 0.006493506493506494 0.022222222222222223
2 0.5168831168831168 0.1619047619047619 0.005194805194805195 0.023809523809523808
2 0.5233766233766234 0.16031746031746033 0.006493506493506494 0.03333333333333333
2 0.5233766233766234 0.1634920634920635 0.011688311688311689 0.03015873015873016
2 0.5285714285714286 0.17142857142857143 0.01038961038961039 0.022222222222222223
2 0.5337662337662338 0.1619047619047619 0.01038961038961039 0.025396825396825397
2 0.4857142857142857 0.15555555555555556 0.007792207792207792 0.012698412698412698
1 0.4662337662337662 0.1365079365079365 0.00909090909090909 0.020634920634920634
2 0.4909090909090909 0.14126984126984127 0.00909090909090909 0.025396825396825397
1 0.5051948051948052 0.14603174603174604 0.01818181818181818 0.022222222222222223
2 0.5207792207792208 0.13968253968253969 0.005194805194805195 0.02857142857142857
2 0.5168831168831168 0.14126984126984127 0.006493506493506494 0.022222222222222223
2 0.5285714285714286 0.1492063492063492 0.006493506493506494 0.025396825396825397
1 0.4727272727272727 0.1126984126984127 0.01038961038961039 0.025396825396825397
1 0.4935064935064935 0.10952380952380952 0.00909090909090909 0.01904761904761905
2 0.5051948051948052 0.1126984126984127 0.007792207792207792 0.01746031746031746
2 0.5012987012987012 0.11587301587301588 0.006493506493506494 0.007936507936507936
2 0.5103896103896104 0.10952380952380952 0.007792207792207792 0.01904761904761905
1 0.6987012987012987 0.8984126984126984 0.11948051948051948 0.20317460317460317
1 0.6597402597402597 0.7365079365079366 0.09350649350649351 0.17777777777777778
1 0.522077922077922 0.5523809523809524 0.05584415584415584 0.14126984126984127
1 0.5181818181818182 0.4714285714285714 0.04025974025974026 0.0761904761904762
1 0.5831168831168831 0.40793650793650793 0.05064935064935065 0.08412698412698413
1 0.535064935064935 0.3333333333333333 0.02987012987012987 0.06349206349206349
1 0.4909090909090909 0.0873015873015873 0.003896103896103896 0.007936507936507936