1 0.7298701298701299 0.7380952380952381 0.1012987012987013 0.18095238095238095
1 0.5571428571428572 0.8555555555555555 0.0987012987012987 0.23809523809523808
1 0.5935064935064935 0.6111111111111112 0.07662337662337662 0.1761904761904762
1 0.674025974025974 0.5714285714285714 0.07532467532467532 0.15555555555555556
1 0.577922077922078 0.4444444444444444 0.053246753246753244 0.09523809523809523
1 0.5064935064935064 0.4126984126984127 0.046753246753246755 0.10158730158730159
1 0.4935064935064935 0.3396825396825397 0.03506493506493506 0.0761904761904762
1 0.5363636363636364 0.3476190476190476 0.03506493506493506 0.0761904761904762
1 0.5961038961038961 0.3634920634920635 0.03896103896103896 0.0746031746031746
1 0.5714285714285714 0.3142857142857143 0.03116883116883117 0.05873015873015873
1 0.4714285714285714 0.24126984126984127 0.02857142857142857 0.04285714285714286
2 0.4896103896103896 0.28095238095238095 0.01038961038961039 0.04126984126984127
1 0.5116883116883116 0.26031746031746034 0.023376623376623377 0.04126984126984127
2 0.45324675324675323 0.20317460317460317 0.011688311688311689 0.03650793650793651
1 0.4675324675324675 0.2126984126984127 0.014285714285714285 0.02857142857142857
1 0.4688311688311688 0.19365079365079366 0.01038961038961039 0.025396825396825397
1 0.4662337662337662 0.17777777777777778 0.007792207792207792 0.020634920634920634
2 0.45584415584415583 0.1634920634920635 0.003896103896103896 0.020634920634920634
1 0.4623376623376623 0.15873015873015872 0.007792207792207792 0.01746031746031746
1 0.4688311688311688 0.16666666666666666 0.007792207792207792 0.01746031746031746
1 0.4675324675324675 0.14761904761904762 0.011688311688311689 0.01746031746031746
1 0.4818181818181818 0.14761904761904762 0.012987012987012988 0.020634920634920634
3 0.4987012987012987 0.1761904761904762 0.016883116883116882 0.06507936507936508
2 0.4961038961038961 0.2396825396825397 0.007792207792207792 0.03650793650793651
2 0.487012987012987 0.2222222222222222 0.006493506493506494 0.03492063492063492
2 0.4909090909090909 0.22857142857142856 0.005194805194805195 0.031746031746031744
1 0.5051948051948052 0.22063492063492063 0.015584415584415584 0.03650793650793651
1 0.4636363636363636 0.13968253968253969 0.01038961038961039 0.014285714285714285
2 0.5025974025974026 0.2968253968253968 0.01038961038961039 0.03650793650793651
2 0.5207792207792208 0.28253968253968254 0.012987012987012988 0.049206349206349205
2 0.5415584415584416 0.30634920634920637 0.012987012987012988 0.03492063492063492
2 0.5402597402597402 0.2857142857142857 0.01038961038961039 0.023809523809523808
2 0.538961038961039 0.26825396825396824 0.01038961038961039 0.03650793650793651
2 0.5285714285714286 0.2492063492063492 0.011688311688311689 0.04126984126984127
2 0.5883116883116883 0.29365079365079366 0.014285714285714285 0.04285714285714286
2 0.6012987012987013 0.30317460317460315 0.012987012987012988 0.046031746031746035
2 0.6168831168831169 0.33650793650793653 0.012987012987012988 0.050793650793650794
2 0.6272727272727273 0.4015873015873016 0.014285714285714285 0.05714285714285714
2 0.6363636363636364 0.373015873015873 0.014285714285714285 0.05238095238095238
2 0.6402597402597403 0.44603174603174606 0.015584415584415584 0.07142857142857142
2 0.6571428571428571 0.4238095238095238 0.01948051948051948 0.06984126984126984
2 0.6883116883116883 0.4984126984126984 0.025974025974025976 0.08412698412698413
2 0.7454545454545455 0.6206349206349207 0.02987012987012987 0.10793650793650794
2 0.9584415584415584 0.8666666666666667 0.02987012987012987 0.1634920634920635
2 0.8662337662337662 0.8857142857142857 0.03766233766233766 0.15714285714285714
2 0.8324675324675325 0.9714285714285714 0.05974025974025974 0.05714285714285714
2 0.6584415584415585 0.8904761904761904 0.04285714285714286 0.1761904761904762
2 0.5168831168831168 0.7031746031746032 0.02987012987012987 0.1111111111111111
2 0.6077922077922078 0.5174603174603175 0.02857142857142857 0.0761904761904762
2 0.5493506493506494 0.40476190476190477 0.01818181818181818 0.08571428571428572
2 0.5584415584415584 0.2507936507936508 0.007792207792207792 0.031746031746031744
2 0.5701298701298702 0.2523809523809524 0.00909090909090909 0.0380952380952381
2 0.5506493506493506 0.25555555555555554 0.007792207792207792 0.03492063492063492
2 0.5584415584415584 0.28253968253968254 0.007792207792207792 0.0380952380952381
2 0.5688311688311688 0.27936507936507937 0.00909090909090909 0.020634920634920634
2 0.5844155844155844 0.2698412698412698 0.01038961038961039 0.031746031746031744
2 0.5363636363636364 0.23492063492063492 0.007792207792207792 0.0380952380952381
2 0.5428571428571428 0.2365079365079365 0.007792207792207792 0.03968253968253968
2 0.5558441558441558 0.2253968253968254 0.011688311688311689 0.03650793650793651
2 0.525974025974026 0.22063492063492063 0.007792207792207792 0.023809523809523808
2 0.5207792207792208 0.20634920634920634 0.01038961038961039 0.031746031746031744
2 0.5324675324675324 0.2015873015873016 0.00909090909090909 0.03333333333333333
2 0.548051948051948 0.20476190476190476 0.006493506493506494 0.03650793650793651
2 0.5415584415584416 0.2 0.007792207792207792 0.026984126984126985
2 0.487012987012987 0.2111111111111111 0.007792207792207792 0.03015873015873016
2 0.4844155844155844 0.2015873015873016 0.007792207792207792 0.031746031746031744
2 0.4831168831168831 0.18888888888888888 0.00909090909090909 0.025396825396825397
2 0.4818181818181818 0.17777777777777778 0.00909090909090909 0.026984126984126985
2 0.4779220779220779 0.13174603174603175 0.003896103896103896 0.015873015873015872
2 0.4831168831168831 0.13015873015873017 0.005194805194805195 0.011111111111111112
1 0.4961038961038961 0.13174603174603175 0.00909090909090909 0.015873015873015872
1 0.4675324675324675 0.13333333333333333 0.011688311688311689 0.01746031746031746
2 0.4688311688311688 0.11904761904761904 0.005194805194805195 0.015873015873015872
2 0.4961038961038961 0.12063492063492064 0.005194805194805195 0.009523809523809525
2 0.5012987012987012 0.11746031746031746 0.005194805194805195 0.015873015873015872
2 0.5064935064935064 0.10476190476190476 0.005194805194805195 0.014285714285714285
1 0.525974025974026 0.19047619047619047 0.012987012987012988 0.03015873015873016
2 0.5155844155844156 0.18253968253968253 0.005194805194805195 0.022222222222222223
2 0.5155844155844156 0.16825396825396827 0.007792207792207792 0.012698412698412698
2 0.5233766233766234 0.16984126984126985 0.005194805194805195 0.015873015873015872
2 0.5324675324675324 0.1746031746031746 0.006493506493506494 0.01904761904761905
2 0.5272727272727272 0.16825396825396827 0.003896103896103896 0.015873015873015872
2 0.525974025974026 0.15873015873015872 0.005194805194805195 0.01746031746031746
2 0.509090909090909 0.1380952380952381 0.005194805194805195 0.014285714285714285
2 0.5025974025974026 0.13015873015873017 0.003896103896103896 0.012698412698412698
1 0.512987012987013 0.15873015873015872 0.007792207792207792 0.012698412698412698
2 0.5181818181818182 0.15555555555555556 0.003896103896103896 0.011111111111111112
2 0.512987012987013 0.1492063492063492 0.003896103896103896 0.006349206349206349
1 0.7324675324675325 0.9698412698412698 0.09740259740259741 0.05873015873015873