1 0.5441558441558442 0.6063492063492063 0.05974025974025974 0.13174603174603175
1 0.6 0.5301587301587302 0.05454545454545454 0.09682539682539683
1 0.5142857142857142 0.42063492063492064 0.05064935064935065 0.09206349206349207
1 0.5571428571428572 0.3825396825396825 0.045454545454545456 0.09841269841269841
1 0.7779220779220779 0.7523809523809524 0.10519480519480519 0.19365079365079366
1 0.7207792207792207 0.9571428571428572 0.10649350649350649 0.08571428571428572
1 0.5012987012987012 0.3396825396825397 0.02727272727272727 0.06825396825396825
1 0.538961038961039 0.3142857142857143 0.02727272727272727 0.049206349206349205
1 0.4831168831168831 0.2841269841269841 0.02077922077922078 0.046031746031746035
1 0.5077922077922078 0.20793650793650795 0.014285714285714285 0.026984126984126985
1 0.4727272727272727 0.23809523809523808 0.01948051948051948 0.03492063492063492
1 0.4753246753246753 0.20476190476190476 0.01818181818181818 0.03333333333333333
1 0.4987012987012987 0.1761904761904762 0.015584415584415584 0.02857142857142857
1 0.4766233766233766 0.16984126984126985 0.012987012987012988 0.031746031746031744
1 0.509090909090909 0.1619047619047619 0.014285714285714285 0.022222222222222223
1 0.5025974025974026 0.1492063492063492 0.007792207792207792 0.020634920634920634
1 0.5012987012987012 0.1380952380952381 0.011688311688311689 0.01746031746031746
1 0.4844155844155844 0.13174603174603175 0.011688311688311689 0.01904761904761905
1 0.5363636363636364 0.2650793650793651 0.03116883116883117 0.06190476190476191
1 0.4974025974025974 0.09841269841269841 0.00909090909090909 0.012698412698412698
1 0.4844155844155844 0.10317460317460317 0.01038961038961039 0.012698412698412698
1 0.4974025974025974 0.12698412698412698 0.00909090909090909 0.011111111111111112
1 0.4844155844155844 0.12857142857142856 0.00909090909090909 0.014285714285714285
2 0.6207792207792208 0.7428571428571429 0.033766233766233764 0.1126984126984127
2 0.6831168831168831 0.6984126984126984 0.023376623376623377 0.08571428571428572
2 0.9142857142857143 0.9238095238095239 0.032467532467532464 0.12063492063492064
2 0.8493506493506493 0.9777777777777777 0.046753246753246755 0.044444444444444446
2 0.6623376623376623 0.6285714285714286 0.032467532467532464 0.0761904761904762
2 0.7 0.6222222222222222 0.014285714285714285 0.08571428571428572
2 0.7948051948051948 0.6730158730158731 0.01948051948051948 0.08095238095238096
2 0.7350649350649351 0.5952380952380952 0.02987012987012987 0.06666666666666667
2 0.6727272727272727 0.546031746031746 0.02857142857142857 0.07936507936507936
2 0.6857142857142857 0.49047619047619045 0.016883116883116882 0.05714285714285714
2 0.6610389610389611 0.5 0.012987012987012988 0.046031746031746035
2 0.6571428571428571 0.4714285714285714 0.014285714285714285 0.03333333333333333
2 0.6220779220779221 0.45714285714285713 0.012987012987012988 0.0380952380952381
2 0.5454545454545454 0.4936507936507937 0.015584415584415584 0.07142857142857142
2 0.5935064935064935 0.44126984126984126 0.015584415584415584 0.05238095238095238
2 0.6441558441558441 0.4126984126984127 0.015584415584415584 0.05396825396825397
2 0.6220779220779221 0.40793650793650793 0.00909090909090909 0.05714285714285714
2 0.6038961038961039 0.3984126984126984 0.015584415584415584 0.04126984126984127
2 0.6233766233766234 0.36984126984126986 0.011688311688311689 0.0380952380952381
2 0.6116883116883117 0.353968253968254 0.00909090909090909 0.031746031746031744
2 0.6 0.37142857142857144 0.014285714285714285 0.031746031746031744
2 0.5922077922077922 0.3380952380952381 0.01818181818181818 0.04126984126984127
2 0.5883116883116883 0.31587301587301586 0.015584415584415584 0.02857142857142857
2 0.5688311688311688 0.30793650793650795 0.01948051948051948 0.03492063492063492
2 0.5636363636363636 0.2841269841269841 0.01038961038961039 0.022222222222222223
2 0.5883116883116883 0.2904761904761905 0.02077922077922078 0.02857142857142857
2 0.5 0.2904761904761905 0.011688311688311689 0.02857142857142857
2 0.5142857142857142 0.2920634920634921 0.014285714285714285 0.03968253968253968
2 0.5012987012987012 0.2650793650793651 0.01038961038961039 0.02857142857142857
2 0.512987012987013 0.2619047619047619 0.01818181818181818 0.03650793650793651
2 0.4935064935064935 0.2507936507936508 0.00909090909090909 0.025396825396825397
2 0.5038961038961038 0.24285714285714285 0.005194805194805195 0.022222222222222223
2 0.5103896103896104 0.2365079365079365 0.005194805194805195 0.015873015873015872
2 0.4987012987012987 0.2253968253968254 0.00909090909090909 0.025396825396825397
2 0.4896103896103896 0.2365079365079365 0.007792207792207792 0.01904761904761905
2 0.5285714285714286 0.21428571428571427 0.01038961038961039 0.03492063492063492
2 0.5311688311688312 0.2 0.016883116883116882 0.03492063492063492
2 0.5246753246753246 0.18412698412698414 0.01038961038961039 0.02857142857142857
2 0.4597402597402597 0.22063492063492063 0.01038961038961039 0.025396825396825397
2 0.5584415584415584 0.24444444444444444 0.00909090909090909 0.031746031746031744
2 0.5415584415584416 0.23015873015873015 0.014285714285714285 0.020634920634920634
2 0.4909090909090909 0.15555555555555556 0.014285714285714285 0.020634920634920634
1 0.5 0.11746031746031746 0.01038961038961039 0.015873015873015872
1 0.4909090909090909 0.12380952380952381 0.01038961038961039 0.020634920634920634