1 0.5103896103896104 0.15714285714285714 0.011688311688311689 0.020634920634920634
2 0.9467532467532468 0.9428571428571428 0.046753246753246755 0.11428571428571428
2 0.938961038961039 0.9904761904761905 0.02987012987012987 0.01904761904761905
2 0.9064935064935065 0.9428571428571428 0.05194805194805195 0.11428571428571428
2 0.8688311688311688 0.9380952380952381 0.05194805194805195 0.12222222222222222
2 0.8402597402597403 0.9698412698412698 0.012987012987012988 0.06031746031746032
2 0.8207792207792208 0.8206349206349206 0.02857142857142857 0.0380952380952381
2 0.7753246753246753 0.6571428571428571 0.033766233766233764 0.1126984126984127
2 0.7532467532467533 0.553968253968254 0.024675324675324677 0.08412698412698413
2 0.7298701298701299 0.5 0.03116883116883117 0.09365079365079365
2 0.6480519480519481 0.5317460317460317 0.03506493506493506 0.08095238095238096
2 0.6688311688311688 0.5619047619047619 0.023376623376623377 0.03492063492063492
2 0.5636363636363636 0.5317460317460317 0.023376623376623377 0.07936507936507936
2 0.5675324675324676 0.5698412698412698 0.02857142857142857 0.07936507936507936
2 0.587012987012987 0.6174603174603175 0.02987012987012987 0.09365079365079365
2 0.551948051948052 0.46190476190476193 0.01948051948051948 0.07301587301587302
2 0.5441558441558442 0.42063492063492064 0.01818181818181818 0.046031746031746035
2 0.5142857142857142 0.26666666666666666 0.01038961038961039 0.044444444444444446
2 0.5194805194805194 0.2650793650793651 0.006493506493506494 0.03333333333333333
2 0.551948051948052 0.2746031746031746 0.011688311688311689 0.03492063492063492
2 0.5844155844155844 0.3761904761904762 0.014285714285714285 0.046031746031746035
2 0.5935064935064935 0.3888888888888889 0.014285714285714285 0.031746031746031744
2 0.6077922077922078 0.4238095238095238 0.02077922077922078 0.06984126984126984
2 0.6662337662337663 0.42698412698412697 0.015584415584415584 0.05396825396825397
2 0.6506493506493507 0.38412698412698415 0.015584415584415584 0.050793650793650794
2 0.6324675324675325 0.35079365079365077 0.012987012987012988 0.03333333333333333
2 0.6181818181818182 0.33174603174603173 0.016883116883116882 0.046031746031746035
2 0.6051948051948052 0.3047619047619048 0.014285714285714285 0.022222222222222223
2 0.5545454545454546 0.30317460317460315 0.012987012987012988 0.04126984126984127
2 0.5636363636363636 0.23174603174603176 0.012987012987012988 0.03492063492063492
2 0.564935064935065 0.273015873015873 0.00909090909090909 0.026984126984126985
2 0.561038961038961 0.2920634920634921 0.011688311688311689 0.02857142857142857
2 0.5753246753246753 0.25873015873015875 0.01038961038961039 0.026984126984126985
2 0.5857142857142857 0.2698412698412698 0.01038961038961039 0.020634920634920634
2 0.5935064935064935 0.2841269841269841 0.007792207792207792 0.020634920634920634
2 0.5662337662337662 0.25873015873015875 0.007792207792207792 0.01746031746031746
2 0.45324675324675323 0.19682539682539682 0.011688311688311689 0.031746031746031744
2 0.4597402597402597 0.14285714285714285 0.005194805194805195 0.014285714285714285
2 0.4701298701298701 0.14444444444444443 0.007792207792207792 0.015873015873015872
2 0.5545454545454546 0.21587301587301588 0.005194805194805195 0.015873015873015872
2 0.5441558441558442 0.1984126984126984 0.01038961038961039 0.022222222222222223
2 0.5363636363636364 0.19047619047619047 0.006493506493506494 0.02857142857142857
2 0.522077922077922 0.15555555555555556 0.003896103896103896 0.01746031746031746
2 0.525974025974026 0.16984126984126985 0.006493506493506494 0.01904761904761905
2 0.5311688311688312 0.18095238095238095 0.005194805194805195 0.022222222222222223
2 0.561038961038961 0.32857142857142857 0.007792207792207792 0.03650793650793651
2 0.45584415584415583 0.1634920634920635 0.006493506493506494 0.025396825396825397
2 0.4805194805194805 0.14761904761904762 0.007792207792207792 0.01904761904761905
2 0.474025974025974 0.1746031746031746 0.005194805194805195 0.01746031746031746
2 0.4857142857142857 0.19047619047619047 0.011688311688311689 0.015873015873015872
2 0.4805194805194805 0.1634920634920635 0.005194805194805195 0.01746031746031746
2 0.4883116883116883 0.13333333333333333 0.005194805194805195 0.01746031746031746
2 0.4948051948051948 0.1349206349206349 0.003896103896103896 0.01904761904761905
2 0.5012987012987012 0.1365079365079365 0.005194805194805195 0.01746031746031746
2 0.509090909090909 0.14126984126984127 0.01038961038961039 0.014285714285714285
2 0.4896103896103896 0.12222222222222222 0.005194805194805195 0.009523809523809525
2 0.4896103896103896 0.10476190476190476 0.003896103896103896 0.009523809523809525
2 0.4948051948051948 0.10476190476190476 0.006493506493506494 0.014285714285714285
2 0.5012987012987012 0.10158730158730159 0.003896103896103896 0.012698412698412698
2 0.5064935064935064 0.10317460317460317 0.003896103896103896 0.012698412698412698
2 0.4961038961038961 0.12063492063492064 0.006493506493506494 0.01904761904761905
2 0.5025974025974026 0.11746031746031746 0.006493506493506494 0.020634920634920634
2 0.5051948051948052 0.13333333333333333 0.005194805194805195 0.020634920634920634
2 0.5064935064935064 0.16666666666666666 0.005194805194805195 0.01904761904761905
2 0.4805194805194805 0.17936507936507937 0.007792207792207792 0.01746031746031746
1 0.5662337662337662 0.7142857142857143 0.09220779220779221 0.21746031746031746
1 0.5844155844155844 0.9253968253968254 0.1038961038961039 0.1492063492063492
1 0.7402597402597403 0.653968253968254 0.06883116883116883 0.12698412698412698
1 0.7 0.5301587301587302 0.06493506493506493 0.12857142857142856
1 0.6454545454545455 0.45714285714285713 0.05844155844155844 0.10952380952380952
1 0.6207792207792208 0.39206349206349206 0.046753246753246755 0.0746031746031746
1 0.6012987012987013 0.3476190476190476 0.03766233766233766 0.06984126984126984
1 0.5805194805194805 0.3111111111111111 0.03506493506493506 0.06984126984126984
1 0.5896103896103896 0.4507936507936508 0.05714285714285714 0.10317460317460317
1 0.6038961038961039 0.5523809523809524 0.07012987012987013 0.10317460317460317
1 0.6233766233766234 0.6460317460317461 0.05454545454545454 0.15079365079365079
1 0.5246753246753246 0.5841269841269842 0.06493506493506493 0.15396825396825398
1 0.5246753246753246 0.46984126984126984 0.05584415584415584 0.12857142857142856
1 0.5584415584415584 0.38571428571428573 0.045454545454545456 0.0873015873015873
1 0.5064935064935064 0.4158730158730159 0.04285714285714286 0.08412698412698413
1 0.4948051948051948 0.35714285714285715 0.03896103896103896 0.06190476190476191
1 0.4948051948051948 0.33174603174603173 0.033766233766233764 0.049206349206349205
1 0.5441558441558442 0.3476190476190476 0.03636363636363636 0.06984126984126984
1 0.5363636363636364 0.3142857142857143 0.04025974025974026 0.07142857142857142
0 0.7311688311688311 0.7904761904761904 0.24675324675324675 0.41904761904761906
1 0.5337662337662338 0.273015873015873 0.02987012987012987 0.049206349206349205
1 0.551948051948052 0.24761904761904763 0.02987012987012987 0.04285714285714286
1 0.5428571428571428 0.2253968253968254 0.02857142857142857 0.04126984126984127
1 0.522077922077922 0.24603174603174602 0.02727272727272727 0.0380952380952381
1 0.5155844155844156 0.17142857142857143 0.01818181818181818 0.022222222222222223
1 0.5142857142857142 0.21428571428571427 0.01948051948051948 0.026984126984126985
1 0.5012987012987012 0.18888888888888888 0.023376623376623377 0.022222222222222223
3 0.4935064935064935 0.1634920634920635 0.023376623376623377 0.04285714285714286
1 0.522077922077922 0.19523809523809524 0.02077922077922078 0.0380952380952381
1 0.4792207792207792 0.10793650793650794 0.007792207792207792 0.015873015873015872
1 0.487012987012987 0.11587301587301588 0.012987012987012988 0.01746031746031746
2 0.509090909090909 0.10952380952380952 0.006493506493506494 0.020634920634920634
1 0.4662337662337662 0.12698412698412698 0.012987012987012988 0.023809523809523808
1 0.4675324675324675 0.16666666666666666 0.01818181818181818 0.03333333333333333
1 0.4662337662337662 0.19682539682539682 0.015584415584415584 0.026984126984126985
1 0.4714285714285714 0.2 0.015584415584415584 0.025396825396825397
1 0.4649350649350649 0.22698412698412698 0.01038961038961039 0.03333333333333333
3 0.4883116883116883 0.26031746031746034 0.046753246753246755 0.13174603174603175
1 0.512987012987013 0.09047619047619047 0.00909090909090909 0.015873015873015872