2 0.9 0.9603174603174603 0.03766233766233766 0.07936507936507936
2 0.9493506493506494 0.9523809523809523 0.03766233766233766 0.09523809523809523
2 0.9883116883116884 0.9666666666666667 0.02207792207792208 0.06507936507936508
2 0.987012987012987 0.9111111111111111 0.025974025974025976 0.10793650793650794
2 0.9506493506493506 0.9031746031746032 0.04415584415584416 0.12698412698412698
2 0.8506493506493507 0.8952380952380953 0.04935064935064935 0.1126984126984127
2 0.9545454545454546 0.8222222222222222 0.03506493506493506 0.1349206349206349
2 0.9103896103896104 0.8158730158730159 0.03636363636363636 0.14603174603174604
2 0.9246753246753247 0.7603174603174603 0.02857142857142857 0.1253968253968254
2 0.8857142857142857 0.6952380952380952 0.024675324675324677 0.10158730158730159
2 0.9116883116883117 0.6873015873015873 0.033766233766233764 0.09841269841269841
2 0.8805194805194805 0.6365079365079365 0.033766233766233764 0.08253968253968254
2 0.8402597402597403 0.6 0.032467532467532464 0.05873015873015873
2 0.7155844155844155 0.7031746031746032 0.025974025974025976 0.09047619047619047
2 0.7389610389610389 0.6746031746031746 0.02987012987012987 0.08571428571428572
2 0.6974025974025974 0.6460317460317461 0.025974025974025976 0.10317460317460317
2 0.6025974025974026 0.5888888888888889 0.02727272727272727 0.11428571428571428
2 0.5896103896103896 0.5428571428571428 0.02077922077922078 0.09206349206349207
2 0.8181818181818182 0.546031746031746 0.02207792207792208 0.09206349206349207