1 0.8077922077922078 0.9142857142857143 0.12987012987012986 0.16984126984126985
2 0.861038961038961 0.8984126984126984 0.05194805194805195 0.1523809523809524
2 0.5792207792207792 0.8412698412698413 0.03636363636363636 0.173015873015873
2 0.5233766233766234 0.5619047619047619 0.02077922077922078 0.09523809523809523
2 0.7311688311688311 0.6317460317460317 0.045454545454545456 0.10634920634920635
2 0.6493506493506493 0.44285714285714284 0.01948051948051948 0.07936507936507936
2 0.5896103896103896 0.34444444444444444 0.014285714285714285 0.05238095238095238
2 0.6090909090909091 0.346031746031746 0.014285714285714285 0.05396825396825397
2 0.5311688311688312 0.31587301587301586 0.014285714285714285 0.046031746031746035
2 0.5922077922077922 0.30317460317460315 0.012987012987012988 0.04126984126984127
2 0.5766233766233766 0.28253968253968254 0.014285714285714285 0.046031746031746035
2 0.5662337662337662 0.2698412698412698 0.00909090909090909 0.03968253968253968
1 0.5272727272727272 0.2126984126984127 0.02207792207792208 0.04126984126984127
2 0.5311688311688312 0.18571428571428572 0.007792207792207792 0.014285714285714285
2 0.5103896103896104 0.18095238095238095 0.01038961038961039 0.025396825396825397
2 0.5103896103896104 0.15555555555555556 0.00909090909090909 0.020634920634920634
2 0.4831168831168831 0.16031746031746033 0.00909090909090909 0.025396825396825397
2 0.45714285714285713 0.1619047619047619 0.007792207792207792 0.022222222222222223
2 0.461038961038961 0.12857142857142856 0.005194805194805195 0.014285714285714285
2 0.4701298701298701 0.12857142857142856 0.005194805194805195 0.012698412698412698
2 0.4662337662337662 0.14285714285714285 0.003896103896103896 0.01746031746031746
2 0.4779220779220779 0.14444444444444443 0.005194805194805195 0.012698412698412698
2 0.4714285714285714 0.1380952380952381 0.005194805194805195 0.014285714285714285
2 0.4727272727272727 0.1492063492063492 0.003896103896103896 0.009523809523809525
2 0.4779220779220779 0.12698412698412698 0.003896103896103896 0.012698412698412698
2 0.4831168831168831 0.1349206349206349 0.0025974025974025974 0.007936507936507936
1 0.4896103896103896 0.14444444444444443 0.014285714285714285 0.020634920634920634
2 0.4857142857142857 0.13174603174603175 0.0025974025974025974 0.006349206349206349
2 0.487012987012987 0.12222222222222222 0.003896103896103896 0.014285714285714285
2 0.5103896103896104 0.14603174603174604 0.003896103896103896 0.012698412698412698
2 0.5025974025974026 0.14285714285714285 0.005194805194805195 0.014285714285714285
2 0.4961038961038961 0.13968253968253969 0.003896103896103896 0.011111111111111112
2 0.5025974025974026 0.12857142857142856 0.003896103896103896 0.014285714285714285
2 0.4987012987012987 0.1253968253968254 0.003896103896103896 0.012698412698412698
2 0.5012987012987012 0.12063492063492064 0.003896103896103896 0.009523809523809525
2 0.4909090909090909 0.12380952380952381 0.003896103896103896 0.012698412698412698
2 0.5038961038961038 0.10476190476190476 0.003896103896103896 0.01904761904761905
2 0.4974025974025974 0.10476190476190476 0.003896103896103896 0.012698412698412698
2 0.4948051948051948 0.11428571428571428 0.003896103896103896 0.011111111111111112
2 0.4987012987012987 0.11587301587301588 0.003896103896103896 0.012698412698412698
2 0.4844155844155844 0.10476190476190476 0.0012987012987012987 0.007936507936507936
1 0.5064935064935064 0.09523809523809523 0.006493506493506494 0.011111111111111112
1 0.5 0.09682539682539683 0.007792207792207792 0.011111111111111112
1 0.4909090909090909 0.10793650793650794 0.007792207792207792 0.006349206349206349
1 0.4792207792207792 0.10634920634920635 0.01038961038961039 0.014285714285714285
1 0.4688311688311688 0.16825396825396827 0.015584415584415584 0.025396825396825397
1 0.5 0.1634920634920635 0.014285714285714285 0.025396825396825397
1 0.4753246753246753 0.20793650793650795 0.01818181818181818 0.044444444444444446
1 0.5025974025974026 0.3380952380952381 0.03506493506493506 0.08095238095238096
1 0.5558441558441558 0.35714285714285715 0.04285714285714286 0.08571428571428572
1 0.5818181818181818 0.43333333333333335 0.05064935064935065 0.10158730158730159