2 0.6142857142857143 0.7984126984126985 0.05064935064935065 0.14285714285714285
2 0.7623376623376623 0.8317460317460318 0.046753246753246755 0.1349206349206349
2 0.7974025974025974 0.9222222222222223 0.045454545454545456 0.13968253968253969
2 0.8558441558441559 0.9365079365079365 0.06233766233766234 0.12698412698412698
2 0.9181818181818182 0.9587301587301588 0.04025974025974026 0.08095238095238096
2 0.5545454545454546 0.5301587301587302 0.032467532467532464 0.08571428571428572
2 0.4701298701298701 0.48412698412698413 0.02207792207792208 0.08571428571428572
2 0.5636363636363636 0.346031746031746 0.015584415584415584 0.06507936507936508
2 0.5415584415584416 0.30952380952380953 0.024675324675324677 0.06984126984126984
2 0.5038961038961038 0.19206349206349208 0.012987012987012988 0.03968253968253968
2 0.4662337662337662 0.14444444444444443 0.011688311688311689 0.02857142857142857
2 0.45064935064935063 0.12222222222222222 0.007792207792207792 0.022222222222222223
2 0.461038961038961 0.11587301587301588 0.005194805194805195 0.020634920634920634
2 0.4688311688311688 0.11746031746031746 0.005194805194805195 0.020634920634920634
2 0.4675324675324675 0.09206349206349207 0.005194805194805195 0.014285714285714285
1 0.5753246753246753 0.8984126984126984 0.10649350649350649 0.20317460317460317
1 0.5324675324675324 0.7492063492063492 0.07142857142857142 0.2015873015873016
1 0.6506493506493507 0.6365079365079365 0.09610389610389611 0.15555555555555556
1 0.6974025974025974 0.8174603174603174 0.11688311688311688 0.22857142857142856
1 0.7480519480519481 0.9603174603174603 0.09480519480519481 0.07777777777777778
1 0.5194805194805194 0.5761904761904761 0.08051948051948052 0.14285714285714285
1 0.4831168831168831 0.23174603174603176 0.03506493506493506 0.06031746031746032
1 0.4701298701298701 0.17777777777777778 0.02727272727272727 0.044444444444444446
0 0.6064935064935065 0.4793650793650794 0.1 0.1984126984126984
1 0.4662337662337662 0.3111111111111111 0.048051948051948054 0.0746031746031746
1 0.487012987012987 0.12698412698412698 0.01948051948051948 0.026984126984126985
3 0.44545454545454544 0.10317460317460317 0.014285714285714285 0.031746031746031744
1 0.45454545454545453 0.09523809523809523 0.011688311688311689 0.020634920634920634
3 0.45584415584415583 0.0746031746031746 0.012987012987012988 0.023809523809523808