3 0.5753246753246753 0.719047619047619 0.13116883116883116 0.4650793650793651
3 0.7909090909090909 0.9238095238095239 0.14805194805194805 0.15079365079365079
2 0.5766233766233766 0.3476190476190476 0.01818181818181818 0.08253968253968254
2 0.4961038961038961 0.15873015873015872 0.01038961038961039 0.03492063492063492
2 0.512987012987013 0.15873015873015872 0.01038961038961039 0.02857142857142857
2 0.5038961038961038 0.13968253968253969 0.006493506493506494 0.020634920634920634
3 0.4675324675324675 0.12698412698412698 0.01818181818181818 0.06190476190476191
3 0.4831168831168831 0.11904761904761904 0.012987012987012988 0.04285714285714286
1 0.4935064935064935 0.09682539682539683 0.006493506493506494 0.015873015873015872
2 0.4948051948051948 0.12380952380952381 0.003896103896103896 0.020634920634920634
2 0.5 0.10317460317460317 0.0025974025974025974 0.014285714285714285
2 0.5051948051948052 0.1 0.003896103896103896 0.01746031746031746
2 0.5012987012987012 0.12063492063492064 0.003896103896103896 0.01904761904761905
2 0.5051948051948052 0.12380952380952381 0.003896103896103896 0.020634920634920634