1 0.5558441558441558 0.919047619047619 0.09350649350649351 0.16031746031746033
1 0.7259740259740259 0.9333333333333333 0.09740259740259741 0.13333333333333333
1 0.8428571428571429 0.9809523809523809 0.14285714285714285 0.0380952380952381
1 0.6922077922077922 0.7761904761904762 0.09350649350649351 0.19682539682539682
3 0.5597402597402598 0.6619047619047619 0.11558441558441558 0.35714285714285715
2 0.9597402597402598 0.9793650793650793 0.03766233766233766 0.04126984126984127
2 0.9194805194805195 0.9396825396825397 0.024675324675324677 0.12063492063492064
2 0.8844155844155844 0.9253968253968254 0.02207792207792208 0.07301587301587302
2 0.948051948051948 0.8365079365079365 0.05974025974025974 0.17142857142857143
2 0.8675324675324675 0.8571428571428571 0.032467532467532464 0.13174603174603175
2 0.8363636363636363 0.8793650793650793 0.04155844155844156 0.14603174603174604
2 0.7974025974025974 0.9063492063492063 0.04025974025974026 0.12222222222222222
2 0.787012987012987 0.834920634920635 0.025974025974025976 0.10952380952380952
2 0.8350649350649351 0.7968253968253968 0.02857142857142857 0.14444444444444443
2 0.8 0.7761904761904762 0.033766233766233764 0.13968253968253969
1 0.7285714285714285 0.6365079365079365 0.10519480519480519 0.23492063492063492
2 0.7389610389610389 0.7111111111111111 0.0012987012987012987 0.0031746031746031746
2 0.7571428571428571 0.780952380952381 0.02987012987012987 0.15555555555555556
2 0.8077922077922078 0.7126984126984127 0.032467532467532464 0.11428571428571428
2 0.8116883116883117 0.6698412698412698 0.033766233766233764 0.09841269841269841
2 0.6896103896103896 0.546031746031746 0.01948051948051948 0.07777777777777778
2 0.7077922077922078 0.5174603174603175 0.01948051948051948 0.08412698412698413
2 0.7285714285714285 0.5444444444444444 0.02077922077922078 0.03650793650793651
1 0.6428571428571429 0.626984126984127 0.07142857142857142 0.14761904761904762
2 0.6636363636363637 0.5682539682539682 0.02857142857142857 0.10317460317460317
2 0.6779220779220779 0.5126984126984127 0.02077922077922078 0.08412698412698413
2 0.6480519480519481 0.49682539682539684 0.023376623376623377 0.09365079365079365
2 0.6649350649350649 0.47619047619047616 0.016883116883116882 0.06349206349206349
2 0.6896103896103896 0.4714285714285714 0.016883116883116882 0.06666666666666667
1 0.6298701298701299 0.4253968253968254 0.05454545454545454 0.1126984126984127
1 0.6077922077922078 0.5047619047619047 0.05974025974025974 0.09841269841269841
2 0.6324675324675325 0.45396825396825397 0.016883116883116882 0.07936507936507936
2 0.6662337662337663 0.43333333333333335 0.011688311688311689 0.05714285714285714
2 0.6571428571428571 0.4126984126984127 0.01818181818181818 0.05873015873015873
2 0.6454545454545455 0.38412698412698415 0.012987012987012988 0.03650793650793651
2 0.6350649350649351 0.36507936507936506 0.02207792207792208 0.044444444444444446
1 0.5818181818181818 0.4523809523809524 0.046753246753246755 0.08095238095238096
1 0.5857142857142857 0.4031746031746032 0.03766233766233766 0.06190476190476191
2 0.6 0.3888888888888889 0.014285714285714285 0.046031746031746035
1 0.5181818181818182 0.5111111111111111 0.046753246753246755 0.12063492063492064
2 0.551948051948052 0.4634920634920635 0.015584415584415584 0.046031746031746035
1 0.509090909090909 0.3968253968253968 0.05454545454545454 0.14603174603174604
2 0.5376623376623376 0.4444444444444444 0.011688311688311689 0.044444444444444446
2 0.5506493506493506 0.43492063492063493 0.012987012987012988 0.031746031746031744
2 0.5467532467532468 0.4111111111111111 0.014285714285714285 0.03492063492063492
2 0.5441558441558442 0.39365079365079364 0.011688311688311689 0.03968253968253968
2 0.5402597402597402 0.373015873015873 0.011688311688311689 0.03968253968253968
1 0.5597402597402598 0.35079365079365077 0.033766233766233764 0.06825396825396825
2 0.5584415584415584 0.3746031746031746 0.01038961038961039 0.04285714285714286
1 0.5987012987012987 0.3492063492063492 0.048051948051948054 0.06984126984126984
2 0.6181818181818182 0.3380952380952381 0.007792207792207792 0.047619047619047616
1 0.587012987012987 0.30952380952380953 0.032467532467532464 0.05396825396825397
2 0.6012987012987013 0.30634920634920637 0.011688311688311689 0.020634920634920634
2 0.6077922077922078 0.32063492063492066 0.007792207792207792 0.022222222222222223
2 0.5636363636363636 0.30952380952380953 0.012987012987012988 0.03650793650793651
1 0.5428571428571428 0.3142857142857143 0.03116883116883117 0.06825396825396825
2 0.5584415584415584 0.30317460317460315 0.006493506493506494 0.03015873015873016
2 0.5545454545454546 0.2841269841269841 0.00909090909090909 0.026984126984126985
2 0.5636363636363636 0.2777777777777778 0.006493506493506494 0.023809523809523808
2 0.574025974025974 0.2698412698412698 0.007792207792207792 0.03015873015873016
2 0.5844155844155844 0.273015873015873 0.007792207792207792 0.031746031746031744
2 0.5987012987012987 0.2904761904761905 0.00909090909090909 0.020634920634920634
2 0.5948051948051948 0.26825396825396824 0.00909090909090909 0.044444444444444446
2 0.5831168831168831 0.2634920634920635 0.007792207792207792 0.03492063492063492
2 0.577922077922078 0.2507936507936508 0.007792207792207792 0.025396825396825397
2 0.5636363636363636 0.2492063492063492 0.00909090909090909 0.031746031746031744
2 0.5714285714285714 0.24126984126984127 0.00909090909090909 0.03015873015873016
1 0.5285714285714286 0.2920634920634921 0.02857142857142857 0.05714285714285714
2 0.5428571428571428 0.2619047619047619 0.01038961038961039 0.03492063492063492
2 0.551948051948052 0.2523809523809524 0.014285714285714285 0.03015873015873016
1 0.5415584415584416 0.23015873015873015 0.016883116883116882 0.04285714285714286
2 0.5428571428571428 0.23809523809523808 0.00909090909090909 0.025396825396825397
2 0.5584415584415584 0.2253968253968254 0.00909090909090909 0.0380952380952381
2 0.5493506493506494 0.20317460317460317 0.01038961038961039 0.04126984126984127
2 0.5363636363636364 0.19206349206349208 0.01038961038961039 0.026984126984126985
2 0.5272727272727272 0.2 0.00909090909090909 0.03650793650793651
1 0.5064935064935064 0.22857142857142856 0.01818181818181818 0.03968253968253968
1 0.5103896103896104 0.2 0.02207792207792208 0.01904761904761905
2 0.5181818181818182 0.19206349206349208 0.01038961038961039 0.03333333333333333
2 0.5103896103896104 0.18095238095238095 0.006493506493506494 0.023809523809523808
2 0.4766233766233766 0.16984126984126985 0.00909090909090909 0.01904761904761905
2 0.4805194805194805 0.173015873015873 0.006493506493506494 0.020634920634920634
2 0.4597402597402597 0.2523809523809524 0.01038961038961039 0.0380952380952381
2 0.4636363636363636 0.24285714285714285 0.012987012987012988 0.04126984126984127
2 0.5038961038961038 0.2492063492063492 0.011688311688311689 0.03333333333333333
2 0.5051948051948052 0.16507936507936508 0.007792207792207792 0.025396825396825397
2 0.509090909090909 0.16666666666666666 0.006493506493506494 0.026984126984126985
2 0.5181818181818182 0.15714285714285714 0.006493506493506494 0.014285714285714285
2 0.4987012987012987 0.15873015873015872 0.003896103896103896 0.01904761904761905
2 0.4727272727272727 0.15079365079365079 0.005194805194805195 0.01746031746031746
1 0.5038961038961038 0.13333333333333333 0.011688311688311689 0.022222222222222223
1 0.4987012987012987 0.12380952380952381 0.007792207792207792 0.015873015873015872
1 0.4974025974025974 0.11587301587301588 0.007792207792207792 0.009523809523809525
2 0.5051948051948052 0.11904761904761904 0.003896103896103896 0.011111111111111112
1 0.4818181818181818 0.12063492063492064 0.007792207792207792 0.015873015873015872
2 0.4909090909090909 0.12063492063492064 0.005194805194805195 0.014285714285714285
1 0.4818181818181818 0.1126984126984127 0.007792207792207792 0.012698412698412698
1 0.4909090909090909 0.1111111111111111 0.011688311688311689 0.014285714285714285
2 0.4987012987012987 0.10634920634920635 0.005194805194805195 0.011111111111111112
2 0.5038961038961038 0.10793650793650794 0.005194805194805195 0.011111111111111112
2 0.5025974025974026 0.10158730158730159 0.0025974025974025974 0.009523809523809525
2 0.4805194805194805 0.1365079365079365 0.005194805194805195 0.01746031746031746
1 0.461038961038961 0.12063492063492064 0.007792207792207792 0.01904761904761905
1 0.4701298701298701 0.1365079365079365 0.015584415584415584 0.01904761904761905
2 0.4714285714285714 0.12063492063492064 0.003896103896103896 0.009523809523809525
1 0.4675324675324675 0.10952380952380952 0.01818181818181818 0.020634920634920634
2 0.474025974025974 0.1126984126984127 0.003896103896103896 0.009523809523809525
2 0.4779220779220779 0.10793650793650794 0.0025974025974025974 0.009523809523809525
1 0.5064935064935064 0.09206349206349207 0.005194805194805195 0.014285714285714285
3 0.4974025974025974 0.09047619047619047 0.012987012987012988 0.01746031746031746
1 0.4857142857142857 0.09841269841269841 0.005194805194805195 0.011111111111111112
1 0.4896103896103896 0.1365079365079365 0.014285714285714285 0.01746031746031746
1 0.4649350649350649 0.1761904761904762 0.014285714285714285 0.031746031746031744
1 0.4623376623376623 0.16507936507936508 0.014285714285714285 0.03015873015873016
1 0.4636363636363636 0.14761904761904762 0.012987012987012988 0.022222222222222223
1 0.4597402597402597 0.13968253968253969 0.011688311688311689 0.01746031746031746
1 0.487012987012987 0.1619047619047619 0.014285714285714285 0.022222222222222223
1 0.4922077922077922 0.1523809523809524 0.01038961038961039 0.015873015873015872
1 0.5103896103896104 0.1492063492063492 0.012987012987012988 0.022222222222222223
1 0.4922077922077922 0.18253968253968253 0.014285714285714285 0.03492063492063492
1 0.525974025974026 0.17777777777777778 0.016883116883116882 0.03015873015873016
1 0.4792207792207792 0.22380952380952382 0.023376623376623377 0.03968253968253968
1 0.4792207792207792 0.2015873015873016 0.02077922077922078 0.03492063492063492
1 0.5233766233766234 0.2492063492063492 0.02727272727272727 0.06666666666666667
1 0.4792207792207792 0.25873015873015875 0.01818181818181818 0.047619047619047616
1 0.4974025974025974 0.33174603174603173 0.03766233766233766 0.06666666666666667
1 0.4987012987012987 0.30317460317460315 0.033766233766233764 0.06825396825396825
1 0.4922077922077922 0.2714285714285714 0.03116883116883117 0.06507936507936508
2 0.5285714285714286 0.3412698412698413 0.011688311688311689 0.02857142857142857