3 0.5753246753246753 0.7238095238095238 0.09090909090909091 0.35714285714285715
3 0.6948051948051948 0.7428571428571429 0.08701298701298701 0.29523809523809524
1 0.7948051948051948 0.7317460317460317 0.08311688311688312 0.2015873015873016
1 0.8831168831168831 0.9603174603174603 0.08181818181818182 0.07936507936507936
1 0.512987012987013 0.4158730158730159 0.045454545454545456 0.07936507936507936
1 0.4909090909090909 0.31746031746031744 0.025974025974025976 0.05873015873015873
1 0.5428571428571428 0.3 0.024675324675324677 0.06349206349206349
1 0.5688311688311688 0.27936507936507937 0.024675324675324677 0.04285714285714286
1 0.4831168831168831 0.2714285714285714 0.024675324675324677 0.03968253968253968
1 0.4766233766233766 0.23492063492063492 0.016883116883116882 0.04126984126984127
1 0.5168831168831168 0.21587301587301588 0.016883116883116882 0.03492063492063492
1 0.4766233766233766 0.20952380952380953 0.016883116883116882 0.0380952380952381
1 0.4701298701298701 0.17777777777777778 0.016883116883116882 0.03015873015873016
1 0.5064935064935064 0.18571428571428572 0.014285714285714285 0.02857142857142857
1 0.4714285714285714 0.15555555555555556 0.011688311688311689 0.020634920634920634
1 0.4662337662337662 0.13333333333333333 0.011688311688311689 0.020634920634920634
1 0.4909090909090909 0.15396825396825398 0.01038961038961039 0.023809523809523808
1 0.5051948051948052 0.14126984126984127 0.00909090909090909 0.022222222222222223
1 0.4857142857142857 0.13174603174603175 0.00909090909090909 0.022222222222222223
1 0.4662337662337662 0.11746031746031746 0.007792207792207792 0.01904761904761905
1 0.4805194805194805 0.12063492063492064 0.007792207792207792 0.01904761904761905
2 0.4896103896103896 0.11587301587301588 0.005194805194805195 0.015873015873015872
1 0.4961038961038961 0.1126984126984127 0.007792207792207792 0.014285714285714285
1 0.4701298701298701 0.10793650793650794 0.007792207792207792 0.015873015873015872
1 0.4766233766233766 0.10158730158730159 0.005194805194805195 0.014285714285714285
1 0.4818181818181818 0.09841269841269841 0.006493506493506494 0.020634920634920634
2 0.5376623376623376 0.5015873015873016 0.02207792207792208 0.08253968253968254
2 0.574025974025974 0.4888888888888889 0.01818181818181818 0.08412698412698413
2 0.5935064935064935 0.4746031746031746 0.016883116883116882 0.09206349206349207
2 0.6064935064935065 0.580952380952381 0.01818181818181818 0.0746031746031746
2 0.6168831168831169 0.546031746031746 0.01948051948051948 0.08571428571428572
2 0.6285714285714286 0.5174603174603175 0.01818181818181818 0.08412698412698413
2 0.6428571428571429 0.4936507936507937 0.01818181818181818 0.0873015873015873
2 0.6636363636363637 0.4873015873015873 0.015584415584415584 0.06984126984126984
2 0.6948051948051948 0.5142857142857142 0.02207792207792208 0.0761904761904762
2 0.6961038961038961 0.5634920634920635 0.023376623376623377 0.08888888888888889
2 0.6623376623376623 0.5428571428571428 0.023376623376623377 0.07777777777777778
2 0.564935064935065 0.43174603174603177 0.015584415584415584 0.06984126984126984
2 0.5727272727272728 0.40793650793650793 0.014285714285714285 0.06984126984126984
2 0.5818181818181818 0.38571428571428573 0.01818181818181818 0.07142857142857142
2 0.551948051948052 0.36507936507936506 0.015584415584415584 0.06666666666666667
2 0.5857142857142857 0.35079365079365077 0.016883116883116882 0.05873015873015873
2 0.6077922077922078 0.3492063492063492 0.014285714285714285 0.049206349206349205
2 0.6103896103896104 0.3825396825396825 0.016883116883116882 0.050793650793650794
2 0.6077922077922078 0.42857142857142855 0.02077922077922078 0.07777777777777778
2 0.6480519480519481 0.4380952380952381 0.01818181818181818 0.06507936507936508
2 0.6467532467532467 0.4015873015873016 0.015584415584415584 0.044444444444444446
2 0.6324675324675325 0.3904761904761905 0.014285714285714285 0.06349206349206349
2 0.6272727272727273 0.3492063492063492 0.014285714285714285 0.05555555555555555
2 0.6038961038961039 0.32857142857142857 0.014285714285714285 0.04285714285714286
2 0.5922077922077922 0.2968253968253968 0.011688311688311689 0.049206349206349205
2 0.5181818181818182 0.3126984126984127 0.011688311688311689 0.047619047619047616
2 0.512987012987013 0.2857142857142857 0.007792207792207792 0.0380952380952381
2 0.522077922077922 0.28095238095238095 0.01038961038961039 0.04285714285714286
2 0.5103896103896104 0.2571428571428571 0.007792207792207792 0.03968253968253968
2 0.4961038961038961 0.2507936507936508 0.01038961038961039 0.044444444444444446
2 0.5194805194805194 0.24444444444444444 0.01038961038961039 0.03968253968253968
2 0.5584415584415584 0.23333333333333334 0.00909090909090909 0.03333333333333333
2 0.5467532467532468 0.24285714285714285 0.01038961038961039 0.04285714285714286
2 0.5324675324675324 0.26825396825396824 0.007792207792207792 0.0380952380952381
2 0.5402597402597402 0.26031746031746034 0.007792207792207792 0.031746031746031744
2 0.5324675324675324 0.24126984126984127 0.006493506493506494 0.03333333333333333
2 0.5363636363636364 0.22698412698412698 0.00909090909090909 0.03650793650793651
2 0.5454545454545454 0.20793650793650795 0.006493506493506494 0.031746031746031744
2 0.5324675324675324 0.20317460317460317 0.007792207792207792 0.03333333333333333
2 0.5298701298701298 0.17936507936507937 0.011688311688311689 0.03015873015873016
2 0.5181818181818182 0.16666666666666666 0.007792207792207792 0.026984126984126985
2 0.5207792207792208 0.16031746031746033 0.006493506493506494 0.025396825396825397
2 0.5116883116883116 0.15714285714285714 0.005194805194805195 0.03015873015873016
2 0.4857142857142857 0.18412698412698414 0.006493506493506494 0.031746031746031744
2 0.4948051948051948 0.20634920634920634 0.007792207792207792 0.03492063492063492
2 0.5012987012987012 0.22698412698412698 0.00909090909090909 0.03968253968253968
2 0.4584415584415584 0.19365079365079366 0.01038961038961039 0.03650793650793651
2 0.45584415584415583 0.173015873015873 0.00909090909090909 0.02857142857142857
2 0.4597402597402597 0.15396825396825398 0.005194805194805195 0.026984126984126985
2 0.4779220779220779 0.14444444444444443 0.006493506493506494 0.023809523809523808
2 0.474025974025974 0.11746031746031746 0.003896103896103896 0.01904761904761905
2 0.4948051948051948 0.13015873015873017 0.006493506493506494 0.023809523809523808
2 0.5038961038961038 0.12380952380952381 0.005194805194805195 0.01746031746031746
2 0.4896103896103896 0.10158730158730159 0.003896103896103896 0.012698412698412698
2 0.5051948051948052 0.10793650793650794 0.005194805194805195 0.01746031746031746