2 0.8246753246753247 0.9396825396825397 0.08051948051948052 0.12063492063492064
2 0.9883116883116884 0.926984126984127 0.023376623376623377 0.14444444444444443
2 0.9766233766233766 0.6285714285714286 0.023376623376623377 0.11587301587301588
2 0.4792207792207792 0.4142857142857143 0.01818181818181818 0.05396825396825397
2 0.487012987012987 0.44761904761904764 0.016883116883116882 0.06666666666666667
2 0.6636363636363637 0.5666666666666667 0.02077922077922078 0.07777777777777778
2 0.6766233766233766 0.5365079365079365 0.01948051948051948 0.08888888888888889
2 0.6974025974025974 0.5206349206349207 0.02077922077922078 0.07936507936507936
2 0.7116883116883117 0.5444444444444444 0.02727272727272727 0.05238095238095238
2 0.6454545454545455 0.5238095238095238 0.02077922077922078 0.06190476190476191
2 0.6428571428571429 0.5 0.01948051948051948 0.06825396825396825
2 0.6298701298701299 0.4746031746031746 0.023376623376623377 0.0873015873015873
2 0.6168831168831169 0.44603174603174606 0.024675324675324677 0.07301587301587302
2 0.6766233766233766 0.4746031746031746 0.02207792207792208 0.06031746031746032
2 0.6961038961038961 0.46825396825396826 0.016883116883116882 0.06190476190476191
2 0.6649350649350649 0.4714285714285714 0.01818181818181818 0.08412698412698413
2 0.6571428571428571 0.4015873015873016 0.01948051948051948 0.047619047619047616
2 0.6415584415584416 0.40476190476190477 0.01948051948051948 0.050793650793650794
2 0.6181818181818182 0.40476190476190477 0.011688311688311689 0.031746031746031744
2 0.6597402597402597 0.4301587301587302 0.01948051948051948 0.047619047619047616
2 0.538961038961039 0.3888888888888889 0.02077922077922078 0.06349206349206349
2 0.5337662337662338 0.353968253968254 0.015584415584415584 0.044444444444444446
2 0.4766233766233766 0.35079365079365077 0.016883116883116882 0.06190476190476191
2 0.5103896103896104 0.2984126984126984 0.00909090909090909 0.03333333333333333
2 0.5181818181818182 0.319047619047619 0.014285714285714285 0.03650793650793651
2 0.5831168831168831 0.2650793650793651 0.00909090909090909 0.025396825396825397
2 0.5701298701298702 0.28888888888888886 0.012987012987012988 0.026984126984126985
2 0.5922077922077922 0.29365079365079366 0.01038961038961039 0.031746031746031744
2 0.5857142857142857 0.30634920634920637 0.011688311688311689 0.023809523809523808
2 0.5766233766233766 0.319047619047619 0.012987012987012988 0.046031746031746035
2 0.5857142857142857 0.33015873015873015 0.016883116883116882 0.0380952380952381
2 0.5896103896103896 0.35714285714285715 0.011688311688311689 0.03492063492063492
2 0.5948051948051948 0.38571428571428573 0.014285714285714285 0.047619047619047616
2 0.5987012987012987 0.4126984126984127 0.011688311688311689 0.06031746031746032
2 0.6012987012987013 0.33015873015873015 0.01038961038961039 0.04126984126984127
2 0.6142857142857143 0.3523809523809524 0.01038961038961039 0.04126984126984127
2 0.6077922077922078 0.35873015873015873 0.016883116883116882 0.03650793650793651
2 0.612987012987013 0.37777777777777777 0.01038961038961039 0.03492063492063492
2 0.6285714285714286 0.3761904761904762 0.015584415584415584 0.04285714285714286
2 0.4584415584415584 0.22063492063492063 0.007792207792207792 0.03333333333333333
2 0.4974025974025974 0.22063492063492063 0.005194805194805195 0.023809523809523808
2 0.5155844155844156 0.1873015873015873 0.006493506493506494 0.020634920634920634
2 0.5194805194805194 0.19047619047619047 0.005194805194805195 0.020634920634920634
2 0.509090909090909 0.17936507936507937 0.006493506493506494 0.014285714285714285
2 0.525974025974026 0.1746031746031746 0.011688311688311689 0.012698412698412698
1 0.577922077922078 0.8396825396825397 0.1 0.2761904761904762
1 0.6857142857142857 0.8063492063492064 0.12077922077922078 0.24761904761904763
1 0.7194805194805195 0.6476190476190476 0.09090909090909091 0.18253968253968253
1 0.6350649350649351 0.6063492063492063 0.08571428571428572 0.18571428571428572
1 0.535064935064935 0.6253968253968254 0.07532467532467532 0.18571428571428572
1 0.5194805194805194 0.5 0.053246753246753244 0.1126984126984127
1 0.5883116883116883 0.4793650793650794 0.05454545454545454 0.10476190476190476
1 0.512987012987013 0.39365079365079364 0.05064935064935065 0.09523809523809523
1 0.5701298701298702 0.4126984126984127 0.05194805194805195 0.08095238095238096
1 0.5012987012987012 0.35079365079365077 0.03506493506493506 0.06349206349206349
1 0.561038961038961 0.33650793650793653 0.03896103896103896 0.08571428571428572
1 0.5376623376623376 0.3126984126984127 0.03506493506493506 0.06190476190476191
1 0.525974025974026 0.2904761904761905 0.02727272727272727 0.047619047619047616
1 0.5636363636363636 0.2746031746031746 0.03116883116883117 0.047619047619047616
1 0.5662337662337662 0.24285714285714285 0.02987012987012987 0.01746031746031746
1 0.5506493506493506 0.22063492063492063 0.01818181818181818 0.025396825396825397
1 0.5467532467532468 0.24285714285714285 0.011688311688311689 0.046031746031746035
1 0.4766233766233766 0.26031746031746034 0.023376623376623377 0.01746031746031746
3 0.487012987012987 0.3 0.04415584415584416 0.06349206349206349
1 0.5376623376623376 0.2015873015873016 0.016883116883116882 0.012698412698412698
1 0.5012987012987012 0.18571428571428572 0.011688311688311689 0.020634920634920634
1 0.5038961038961038 0.20952380952380953 0.00909090909090909 0.023809523809523808
1 0.4974025974025974 0.16984126984126985 0.015584415584415584 0.014285714285714285
1 0.5064935064935064 0.15555555555555556 0.012987012987012988 0.015873015873015872
1 0.512987012987013 0.16507936507936508 0.00909090909090909 0.012698412698412698
1 0.4922077922077922 0.16031746031746033 0.015584415584415584 0.014285714285714285
1 0.4844155844155844 0.15079365079365079 0.014285714285714285 0.012698412698412698
1 0.4818181818181818 0.13968253968253969 0.01038961038961039 0.012698412698412698
1 0.4805194805194805 0.12857142857142856 0.011688311688311689 0.014285714285714285
1 0.487012987012987 0.12222222222222222 0.006493506493506494 0.009523809523809525
1 0.4857142857142857 0.11587301587301588 0.014285714285714285 0.009523809523809525
1 0.4896103896103896 0.10793650793650794 0.007792207792207792 0.006349206349206349
1 0.4935064935064935 0.1 0.006493506493506494 0.006349206349206349
1 0.4792207792207792 0.10317460317460317 0.00909090909090909 0.007936507936507936
1 0.4844155844155844 0.1 0.007792207792207792 0.011111111111111112
1 0.4909090909090909 0.09523809523809523 0.007792207792207792 0.007936507936507936
0 0.5038961038961038 0.13015873015873017 0.025974025974025976 0.03968253968253968
3 0.4675324675324675 0.11587301587301588 0.012987012987012988 0.020634920634920634
3 0.4636363636363636 0.1492063492063492 0.015584415584415584 0.05714285714285714
3 0.4805194805194805 0.21587301587301588 0.04415584415584416 0.10952380952380952
1 0.5285714285714286 0.19047619047619047 0.014285714285714285 0.022222222222222223
2 0.5064935064935064 0.09682539682539683 0.007792207792207792 0.011111111111111112
2 0.5064935064935064 0.10793650793650794 0.011688311688311689 0.007936507936507936