2 0.8051948051948052 0.926984126984127 0.05714285714285714 0.14603174603174604
2 0.7753246753246753 0.7619047619047619 0.045454545454545456 0.1349206349206349
2 0.7311688311688311 0.780952380952381 0.04155844155844156 0.15873015873015872
2 0.4909090909090909 0.7126984126984127 0.032467532467532464 0.14126984126984127
2 0.6805194805194805 0.5603174603174603 0.032467532467532464 0.11587301587301588
2 0.6168831168831169 0.5 0.02857142857142857 0.09523809523809523
2 0.4818181818181818 0.4587301587301587 0.01948051948051948 0.08253968253968254
2 0.5753246753246753 0.4365079365079365 0.01818181818181818 0.07777777777777778
2 0.5961038961038961 0.38571428571428573 0.01818181818181818 0.0761904761904762
2 0.4623376623376623 0.3634920634920635 0.016883116883116882 0.06349206349206349
2 0.5441558441558442 0.2873015873015873 0.015584415584415584 0.05555555555555555
2 0.487012987012987 0.28888888888888886 0.012987012987012988 0.050793650793650794
2 0.4649350649350649 0.27936507936507937 0.011688311688311689 0.050793650793650794
2 0.5025974025974026 0.23174603174603176 0.012987012987012988 0.03650793650793651
2 0.522077922077922 0.23174603174603176 0.011688311688311689 0.04126984126984127
2 0.4883116883116883 0.19047619047619047 0.014285714285714285 0.031746031746031744
2 0.4805194805194805 0.1380952380952381 0.014285714285714285 0.025396825396825397
2 0.4727272727272727 0.12380952380952381 0.007792207792207792 0.01746031746031746
2 0.45584415584415583 0.09682539682539683 0.007792207792207792 0.020634920634920634
2 0.4649350649350649 0.09047619047619047 0.003896103896103896 0.023809523809523808
1 0.4649350649350649 0.18253968253968253 0.02207792207792208 0.04285714285714286
1 0.487012987012987 0.2523809523809524 0.032467532467532464 0.0746031746031746
1 0.5532467532467532 0.5 0.06233766233766234 0.12857142857142856
1 0.6441558441558441 0.8253968253968254 0.10779220779220779 0.2253968253968254