1 0.5896103896103896 0.9079365079365079 0.12857142857142856 0.18253968253968253
1 0.7194805194805195 0.926984126984127 0.11948051948051948 0.14603174603174604
1 0.6896103896103896 0.7396825396825397 0.1012987012987013 0.23333333333333334
1 0.7701298701298701 0.7412698412698413 0.13246753246753246 0.24761904761904763
1 0.5415584415584416 0.653968253968254 0.06233766233766234 0.16825396825396827
1 0.6220779220779221 0.5952380952380952 0.06753246753246753 0.15714285714285714
1 0.6779220779220779 0.5428571428571428 0.06753246753246753 0.13968253968253969
1 0.5896103896103896 0.48412698412698413 0.07272727272727272 0.11746031746031746
1 0.5207792207792208 0.4857142857142857 0.05454545454545454 0.14126984126984127
1 0.5142857142857142 0.4 0.045454545454545456 0.0746031746031746
1 0.4922077922077922 0.33015873015873015 0.04285714285714286 0.0746031746031746
3 0.564935064935065 0.35714285714285715 0.06623376623376623 0.14444444444444443
1 0.5506493506493506 0.2714285714285714 0.03766233766233766 0.03968253968253968
1 0.5246753246753246 0.24761904761904763 0.02727272727272727 0.05714285714285714
1 0.5207792207792208 0.1873015873015873 0.02727272727272727 0.05238095238095238
3 0.4649350649350649 0.1349206349206349 0.02077922077922078 0.03968253968253968
0 0.4909090909090909 0.14285714285714285 0.02207792207792208 0.049206349206349205
1 0.4792207792207792 0.13333333333333333 0.012987012987012988 0.023809523809523808
2 0.9766233766233766 0.9746031746031746 0.04025974025974026 0.049206349206349205
2 0.9077922077922078 0.9809523809523809 0.046753246753246755 0.0380952380952381
2 0.8753246753246753 0.9825396825396825 0.048051948051948054 0.03492063492063492
2 0.8363636363636363 0.9317460317460318 0.06623376623376623 0.1365079365079365
2 0.9 0.8952380952380953 0.04025974025974026 0.12698412698412698
2 0.8389610389610389 0.7634920634920634 0.05584415584415584 0.14603174603174604
2 0.6376623376623377 0.8444444444444444 0.06363636363636363 0.13015873015873017
2 0.577922077922078 0.7396825396825397 0.02987012987012987 0.14285714285714285
2 0.6181818181818182 0.7682539682539683 0.033766233766233764 0.10793650793650794
2 0.787012987012987 0.6444444444444445 0.02727272727272727 0.06507936507936508
2 0.7077922077922078 0.6365079365079365 0.04415584415584416 0.09365079365079365
2 0.7506493506493507 0.5714285714285714 0.05064935064935065 0.06666666666666667
2 0.7090909090909091 0.5158730158730159 0.016883116883116882 0.0746031746031746
2 0.7285714285714285 0.5111111111111111 0.025974025974025976 0.0746031746031746
2 0.4961038961038961 0.5523809523809524 0.02987012987012987 0.10793650793650794
2 0.551948051948052 0.553968253968254 0.033766233766233764 0.08412698412698413
2 0.638961038961039 0.4888888888888889 0.023376623376623377 0.06825396825396825
2 0.687012987012987 0.4746031746031746 0.01948051948051948 0.031746031746031744
2 0.6714285714285714 0.4380952380952381 0.02857142857142857 0.06507936507936508
2 0.6779220779220779 0.45396825396825397 0.02077922077922078 0.03968253968253968
2 0.6454545454545455 0.4222222222222222 0.033766233766233764 0.08412698412698413
2 0.6428571428571429 0.3825396825396825 0.02987012987012987 0.04126984126984127
2 0.6012987012987013 0.33650793650793653 0.01948051948051948 0.06984126984126984
2 0.6194805194805195 0.35714285714285715 0.016883116883116882 0.06349206349206349
2 0.5584415584415584 0.23492063492063492 0.02077922077922078 0.03333333333333333
2 0.5467532467532468 0.20952380952380953 0.016883116883116882 0.02857142857142857
2 0.4857142857142857 0.1984126984126984 0.02857142857142857 0.047619047619047616
2 0.5181818181818182 0.15714285714285714 0.00909090909090909 0.012698412698412698
2 0.509090909090909 0.14126984126984127 0.01038961038961039 0.023809523809523808
2 0.5142857142857142 0.1492063492063492 0.00909090909090909 0.015873015873015872
2 0.4662337662337662 0.11587301587301588 0.011688311688311689 0.015873015873015872
2 0.4883116883116883 0.10793650793650794 0.007792207792207792 0.012698412698412698
2 0.4961038961038961 0.10952380952380952 0.003896103896103896 0.014285714285714285
2 0.4948051948051948 0.09682539682539683 0.007792207792207792 0.014285714285714285
2 0.5012987012987012 0.09523809523809523 0.01038961038961039 0.015873015873015872
2 0.5077922077922078 0.10158730158730159 0.007792207792207792 0.009523809523809525
2 0.509090909090909 0.09365079365079365 0.005194805194805195 0.006349206349206349