2 0.9181818181818182 0.946031746031746 0.05584415584415584 0.10793650793650794
2 0.9662337662337662 0.9698412698412698 0.04155844155844156 0.06031746031746032
2 0.964935064935065 0.9015873015873016 0.06493506493506493 0.1492063492063492
2 0.8701298701298701 0.946031746031746 0.05194805194805195 0.10793650793650794
2 0.8181818181818182 0.9666666666666667 0.05584415584415584 0.06666666666666667
2 0.7597402597402597 0.9507936507936507 0.05844155844155844 0.09682539682539683
2 0.8272727272727273 0.9365079365079365 0.05584415584415584 0.12698412698412698
2 0.8142857142857143 0.873015873015873 0.048051948051948054 0.1380952380952381
2 0.8649350649350649 0.8714285714285714 0.048051948051948054 0.1349206349206349
2 0.8194805194805195 0.8111111111111111 0.03506493506493506 0.12222222222222222
2 0.7675324675324675 0.9015873015873016 0.04415584415584416 0.14761904761904762
2 0.7506493506493507 0.819047619047619 0.048051948051948054 0.14285714285714285
2 0.7662337662337663 0.7873015873015873 0.048051948051948054 0.1349206349206349
2 0.8077922077922078 0.7015873015873015 0.03766233766233766 0.12063492063492064
2 0.7610389610389611 0.7222222222222222 0.04415584415584416 0.1111111111111111
2 0.7610389610389611 0.6873015873015873 0.02857142857142857 0.09682539682539683
2 0.7506493506493507 0.6428571428571429 0.03636363636363636 0.10634920634920635
2 0.7597402597402597 0.6158730158730159 0.03896103896103896 0.10634920634920635
2 0.6194805194805195 0.9111111111111111 0.046753246753246755 0.15079365079365079
2 0.5571428571428572 0.6968253968253968 0.03766233766233766 0.12063492063492064
2 0.4961038961038961 0.726984126984127 0.033766233766233764 0.13015873015873017
2 0.5103896103896104 0.6476190476190476 0.024675324675324677 0.12222222222222222
2 0.4831168831168831 0.6555555555555556 0.03116883116883117 0.11587301587301588
2 0.5363636363636364 0.5476190476190477 0.02727272727272727 0.10634920634920635
2 0.6402597402597403 0.5650793650793651 0.024675324675324677 0.09682539682539683
2 0.6623376623376623 0.5317460317460317 0.02207792207792208 0.046031746031746035
2 0.6727272727272727 0.5142857142857142 0.02727272727272727 0.06825396825396825
2 0.6610389610389611 0.48253968253968255 0.03506493506493506 0.09523809523809523
2 0.6675324675324675 0.4634920634920635 0.03116883116883117 0.08888888888888889
2 0.6064935064935065 0.5222222222222223 0.02207792207792208 0.06507936507936508
2 0.6181818181818182 0.5285714285714286 0.02857142857142857 0.10952380952380952
2 0.4974025974025974 0.42857142857142855 0.02857142857142857 0.08412698412698413
2 0.577922077922078 0.4095238095238095 0.02207792207792208 0.0761904761904762
2 0.6298701298701299 0.4111111111111111 0.024675324675324677 0.06031746031746032
2 0.6207792207792208 0.3746031746031746 0.016883116883116882 0.05555555555555555
2 0.5948051948051948 0.38095238095238093 0.02077922077922078 0.050793650793650794
2 0.6038961038961039 0.3634920634920635 0.023376623376623377 0.0761904761904762
2 0.5948051948051948 0.34285714285714286 0.02857142857142857 0.06984126984126984
2 0.564935064935065 0.38095238095238093 0.024675324675324677 0.044444444444444446
2 0.5532467532467532 0.35873015873015873 0.025974025974025976 0.044444444444444446
2 0.5441558441558442 0.33650793650793653 0.016883116883116882 0.046031746031746035
2 0.5402597402597402 0.30952380952380953 0.023376623376623377 0.046031746031746035
2 0.5701298701298702 0.346031746031746 0.024675324675324677 0.050793650793650794
2 0.5714285714285714 0.3126984126984127 0.012987012987012988 0.05396825396825397
2 0.5636363636363636 0.32857142857142857 0.023376623376623377 0.06507936507936508
2 0.574025974025974 0.29365079365079366 0.015584415584415584 0.06031746031746032
2 0.5207792207792208 0.2222222222222222 0.014285714285714285 0.04285714285714286
2 0.5168831168831168 0.20952380952380953 0.014285714285714285 0.047619047619047616
2 0.45194805194805193 0.20634920634920634 0.011688311688311689 0.031746031746031744
2 0.43506493506493504 0.19682539682539682 0.011688311688311689 0.04285714285714286
2 0.4623376623376623 0.19206349206349208 0.014285714285714285 0.03650793650793651
2 0.4597402597402597 0.16825396825396827 0.012987012987012988 0.03015873015873016
2 0.4649350649350649 0.15714285714285714 0.011688311688311689 0.031746031746031744
2 0.4649350649350649 0.14603174603174604 0.007792207792207792 0.03015873015873016
2 0.4753246753246753 0.12857142857142856 0.01038961038961039 0.0380952380952381
2 0.4675324675324675 0.10317460317460317 0.007792207792207792 0.020634920634920634
2 0.4597402597402597 0.10317460317460317 0.00909090909090909 0.012698412698412698
2 0.45194805194805193 0.10634920634920635 0.007792207792207792 0.023809523809523808
2 0.4779220779220779 0.08253968253968254 0.007792207792207792 0.01746031746031746
2 0.4675324675324675 0.08571428571428572 0.003896103896103896 0.011111111111111112
2 0.44415584415584414 0.09682539682539683 0.003896103896103896 0.01746031746031746
2 0.4584415584415584 0.09365079365079365 0.007792207792207792 0.015873015873015872
1 0.5467532467532468 0.8523809523809524 0.09740259740259741 0.2761904761904762
1 0.4974025974025974 0.5476190476190477 0.06363636363636363 0.1492063492063492
1 0.5935064935064935 0.6142857142857143 0.07922077922077922 0.18888888888888888
1 0.6974025974025974 0.6317460317460317 0.08831168831168831 0.20317460317460317
1 0.561038961038961 0.45555555555555555 0.05584415584415584 0.11428571428571428
1 0.6142857142857143 0.44761904761904764 0.05584415584415584 0.12857142857142856
1 0.535064935064935 0.38412698412698415 0.05584415584415584 0.1
1 0.5 0.33650793650793653 0.04415584415584416 0.07777777777777778
1 0.4597402597402597 0.3126984126984127 0.03896103896103896 0.07936507936507936
1 0.4961038961038961 0.2777777777777778 0.032467532467532464 0.047619047619047616
1 0.4844155844155844 0.23492063492063492 0.025974025974025976 0.049206349206349205
1 0.4948051948051948 0.2015873015873016 0.024675324675324677 0.04285714285714286
1 0.4857142857142857 0.1634920634920635 0.024675324675324677 0.05396825396825397
1 0.43246753246753245 0.16825396825396827 0.02077922077922078 0.04126984126984127
1 0.44805194805194803 0.15714285714285714 0.015584415584415584 0.04126984126984127
1 0.4584415584415584 0.1380952380952381 0.016883116883116882 0.03492063492063492
1 0.4649350649350649 0.12857142857142856 0.016883116883116882 0.025396825396825397
1 0.43506493506493504 0.10952380952380952 0.015584415584415584 0.03333333333333333
1 0.45324675324675323 0.08571428571428572 0.007792207792207792 0.023809523809523808
1 0.4662337662337662 0.0761904761904762 0.012987012987012988 0.023809523809523808
3 0.45064935064935063 0.2507936507936508 0.03766233766233766 0.06984126984126984
3 0.6662337662337663 0.7793650793650794 0.13636363636363635 0.346031746031746