2 0.8467532467532467 0.9650793650793651 0.03506493506493506 0.06825396825396825
2 0.9025974025974026 0.9634920634920635 0.03116883116883117 0.07142857142857142
2 0.9415584415584416 0.953968253968254 0.03766233766233766 0.0873015873015873
2 0.8597402597402597 0.9174603174603174 0.03896103896103896 0.15555555555555556
2 0.8194805194805195 0.9 0.02857142857142857 0.11428571428571428
2 0.7779220779220779 0.8492063492063492 0.03766233766233766 0.1111111111111111
2 0.8285714285714286 0.8111111111111111 0.03636363636363636 0.09047619047619047
2 0.8207792207792208 0.7253968253968254 0.023376623376623377 0.08571428571428572
2 0.7961038961038961 0.7476190476190476 0.04155844155844156 0.11428571428571428
2 0.7766233766233767 0.7746031746031746 0.03896103896103896 0.10476190476190476
2 0.7506493506493507 0.7158730158730159 0.02857142857142857 0.10158730158730159
2 0.7571428571428571 0.6253968253968254 0.02207792207792208 0.09047619047619047
2 0.7194805194805195 0.6698412698412698 0.02727272727272727 0.09682539682539683
2 0.7025974025974026 0.6222222222222222 0.023376623376623377 0.08888888888888889
2 0.7428571428571429 0.5603174603174603 0.024675324675324677 0.09047619047619047
2 0.7246753246753247 0.5079365079365079 0.024675324675324677 0.07301587301587302
2 0.6610389610389611 0.5047619047619047 0.03116883116883117 0.08095238095238096
2 0.6883116883116883 0.4634920634920635 0.02077922077922078 0.05238095238095238
2 0.6701298701298701 0.43492063492063493 0.014285714285714285 0.06507936507936508
2 0.6480519480519481 0.3888888888888889 0.016883116883116882 0.046031746031746035
2 0.6064935064935065 0.40634920634920635 0.016883116883116882 0.06825396825396825
2 0.6207792207792208 0.39206349206349206 0.014285714285714285 0.03650793650793651
2 0.6272727272727273 0.3634920634920635 0.01948051948051948 0.050793650793650794
2 0.625974025974026 0.33174603174603173 0.014285714285714285 0.03492063492063492
2 0.5974025974025974 0.373015873015873 0.015584415584415584 0.04126984126984127
2 0.5961038961038961 0.3412698412698413 0.011688311688311689 0.03968253968253968
2 0.6025974025974026 0.30634920634920637 0.011688311688311689 0.050793650793650794
2 0.5805194805194805 0.3412698412698413 0.011688311688311689 0.049206349206349205
2 0.5688311688311688 0.3238095238095238 0.012987012987012988 0.03015873015873016
2 0.5727272727272728 0.29365079365079366 0.011688311688311689 0.03968253968253968
2 0.5857142857142857 0.28253968253968254 0.012987012987012988 0.03968253968253968
2 0.564935064935065 0.2650793650793651 0.012987012987012988 0.044444444444444446
2 0.548051948051948 0.2904761904761905 0.01038961038961039 0.03015873015873016
2 0.4909090909090909 0.43333333333333335 0.016883116883116882 0.07142857142857142
2 0.4948051948051948 0.4015873015873016 0.012987012987012988 0.03968253968253968
2 0.4909090909090909 0.38095238095238093 0.01038961038961039 0.026984126984126985
2 0.5337662337662338 0.4 0.02207792207792208 0.050793650793650794
2 0.5194805194805194 0.4 0.014285714285714285 0.03015873015873016
2 0.5168831168831168 0.3746031746031746 0.012987012987012988 0.03015873015873016
2 0.5064935064935064 0.3746031746031746 0.016883116883116882 0.06349206349206349
2 0.5363636363636364 0.22380952380952382 0.01038961038961039 0.03333333333333333
2 0.522077922077922 0.2 0.01038961038961039 0.02857142857142857
2 0.5025974025974026 0.19523809523809524 0.003896103896103896 0.03015873015873016
2 0.4896103896103896 0.23174603174603176 0.012987012987012988 0.044444444444444446
2 0.4675324675324675 0.23333333333333334 0.012987012987012988 0.04126984126984127
2 0.4948051948051948 0.15555555555555556 0.006493506493506494 0.025396825396825397
2 0.487012987012987 0.15873015873015872 0.01038961038961039 0.023809523809523808
2 0.4961038961038961 0.12698412698412698 0.007792207792207792 0.020634920634920634
2 0.4857142857142857 0.12698412698412698 0.006493506493506494 0.020634920634920634
2 0.4805194805194805 0.1380952380952381 0.007792207792207792 0.020634920634920634
2 0.4766233766233766 0.11587301587301588 0.006493506493506494 0.020634920634920634
1 0.5766233766233766 0.873015873015873 0.10909090909090909 0.25396825396825395
1 0.7194805194805195 0.8809523809523809 0.12207792207792208 0.2365079365079365
1 0.6584415584415585 0.6682539682539682 0.09220779220779221 0.173015873015873
1 0.5636363636363636 0.6936507936507936 0.08181818181818182 0.1349206349206349
1 0.5324675324675324 0.5587301587301587 0.06363636363636363 0.1380952380952381
1 0.6168831168831169 0.5412698412698412 0.06623376623376623 0.13333333333333333
1 0.6961038961038961 0.553968253968254 0.07402597402597402 0.1523809523809524
1 0.6428571428571429 0.4380952380952381 0.05064935064935065 0.09365079365079365
1 0.577922077922078 0.4253968253968254 0.05974025974025974 0.10952380952380952
1 0.525974025974026 0.4587301587301587 0.05714285714285714 0.09523809523809523
1 0.5662337662337662 0.35714285714285715 0.04025974025974026 0.044444444444444446
1 0.548051948051948 0.33015873015873015 0.033766233766233764 0.0746031746031746
1 0.5207792207792208 0.2365079365079365 0.03116883116883117 0.06031746031746032
1 0.4701298701298701 0.12698412698412698 0.014285714285714285 0.023809523809523808
1 0.487012987012987 0.10793650793650794 0.011688311688311689 0.015873015873015872
1 0.4987012987012987 0.1 0.01038961038961039 0.020634920634920634
3 0.5 0.319047619047619 0.04285714285714286 0.11746031746031746