2 0.5038961038961038 0.1761904761904762 0.012987012987012988 0.031746031746031744
2 0.5077922077922078 0.15396825396825398 0.00909090909090909 0.026984126984126985
2 0.5025974025974026 0.14126984126984127 0.00909090909090909 0.03015873015873016
2 0.5896103896103896 0.30158730158730157 0.01818181818181818 0.049206349206349205
2 0.6298701298701299 0.3603174603174603 0.016883116883116882 0.06984126984126984
2 0.625974025974026 0.49523809523809526 0.01818181818181818 0.08571428571428572
2 0.6428571428571429 0.5380952380952381 0.01818181818181818 0.09365079365079365
2 0.7012987012987013 0.5333333333333333 0.02857142857142857 0.08412698412698413
2 0.6649350649350649 0.5571428571428572 0.02207792207792208 0.06984126984126984
2 0.6714285714285714 0.5888888888888889 0.02727272727272727 0.0746031746031746
2 0.6805194805194805 0.6634920634920635 0.024675324675324677 0.11587301587301588
2 0.712987012987013 0.7238095238095238 0.03896103896103896 0.1111111111111111
2 0.7922077922077922 0.6634920634920635 0.033766233766233764 0.11587301587301588
2 0.8207792207792208 0.7365079365079366 0.03636363636363636 0.14126984126984127
2 0.7415584415584415 0.5746031746031746 0.02727272727272727 0.0380952380952381
2 0.5831168831168831 0.7015873015873015 0.032467532467532464 0.1126984126984127
2 0.5987012987012987 0.7714285714285715 0.03116883116883117 0.11746031746031746
2 0.6701298701298701 0.8095238095238095 0.03506493506493506 0.12380952380952381
2 0.8142857142857143 0.9682539682539683 0.033766233766233764 0.06190476190476191
2 0.8467532467532467 0.8714285714285714 0.046753246753246755 0.1
2 0.8519480519480519 0.9365079365079365 0.046753246753246755 0.12698412698412698
2 0.8987012987012987 0.9809523809523809 0.025974025974025976 0.0380952380952381
2 0.9402597402597402 0.973015873015873 0.032467532467532464 0.05396825396825397
2 0.974025974025974 0.9650793650793651 0.032467532467532464 0.06984126984126984
1 0.5805194805194805 0.8920634920634921 0.10909090909090909 0.21587301587301588
1 0.7090909090909091 0.9 0.10779220779220779 0.2
1 0.7714285714285715 0.8539682539682539 0.11168831168831168 0.2365079365079365
1 0.5311688311688312 0.7253968253968254 0.08441558441558442 0.18888888888888888
1 0.6402597402597403 0.7 0.08311688311688312 0.1746031746031746
1 0.7402597402597403 0.653968253968254 0.09220779220779221 0.20793650793650795
1 0.5285714285714286 0.5793650793650794 0.08181818181818182 0.15873015873015872
1 0.6077922077922078 0.5571428571428572 0.07142857142857142 0.1523809523809524
1 0.5207792207792208 0.48095238095238096 0.06363636363636363 0.11746031746031746
1 0.5753246753246753 0.48253968253968255 0.05064935064935065 0.12222222222222222
1 0.6298701298701299 0.45555555555555555 0.053246753246753244 0.10634920634920635
1 0.5636363636363636 0.4174603174603175 0.06883116883116883 0.07936507936507936
1 0.5584415584415584 0.3634920634920635 0.04415584415584416 0.07142857142857142
1 0.6012987012987013 0.3619047619047619 0.053246753246753244 0.09365079365079365
3 0.5064935064935064 0.38412698412698415 0.06753246753246753 0.16507936507936508
3 0.5376623376623376 0.2841269841269841 0.06233766233766234 0.13015873015873017