2 0.5415584415584416 0.9698412698412698 0.053246753246753244 0.06031746031746032
2 0.6064935064935065 0.9158730158730158 0.03766233766233766 0.16825396825396827
2 0.6337662337662338 0.819047619047619 0.046753246753246755 0.15714285714285714
2 0.6493506493506493 0.9555555555555556 0.048051948051948054 0.0873015873015873
2 0.6935064935064935 0.9333333333333333 0.03766233766233766 0.13333333333333333
1 0.7727272727272727 0.9126984126984127 0.12597402597402596 0.173015873015873
2 0.8493506493506493 0.8539682539682539 0.10649350649350649 0.2523809523809524
2 0.7805194805194805 0.8142857142857143 0.04415584415584416 0.1253968253968254
2 0.7649350649350649 0.7380952380952381 0.04415584415584416 0.13015873015873017
2 0.7077922077922078 0.6444444444444445 0.03116883116883117 0.12857142857142856
2 0.7506493506493507 0.6476190476190476 0.02987012987012987 0.10476190476190476
1 0.6545454545454545 0.6428571428571429 0.08831168831168831 0.15714285714285714
2 0.6909090909090909 0.5825396825396826 0.032467532467532464 0.11746031746031746
2 0.5974025974025974 0.5301587301587302 0.023376623376623377 0.10158730158730159
2 0.6233766233766234 0.5174603174603175 0.01818181818181818 0.09682539682539683
2 0.6480519480519481 0.5396825396825397 0.02077922077922078 0.07301587301587302
2 0.7090909090909091 0.5507936507936508 0.024675324675324677 0.09682539682539683
2 0.6558441558441559 0.5079365079365079 0.02207792207792208 0.09523809523809523
2 0.6948051948051948 0.5 0.02857142857142857 0.08253968253968254
2 0.5727272727272728 0.45555555555555555 0.01948051948051948 0.09682539682539683
2 0.5961038961038961 0.46825396825396826 0.02207792207792208 0.07301587301587302
2 0.6064935064935065 0.44603174603174606 0.023376623376623377 0.08253968253968254
2 0.6246753246753247 0.46984126984126984 0.01948051948051948 0.07142857142857142
1 0.5363636363636364 0.6285714285714286 0.07662337662337662 0.1761904761904762
1 0.5337662337662338 0.4666666666666667 0.05714285714285714 0.12698412698412698
2 0.5545454545454546 0.4238095238095238 0.014285714285714285 0.07301587301587302
2 0.5831168831168831 0.40634920634920635 0.01818181818181818 0.0761904761904762
2 0.6454545454545455 0.3984126984126984 0.016883116883116882 0.07301587301587302
2 0.6116883116883117 0.35555555555555557 0.012987012987012988 0.06507936507936508
2 0.625974025974026 0.36666666666666664 0.014285714285714285 0.06507936507936508
2 0.5571428571428572 0.38095238095238093 0.012987012987012988 0.03968253968253968
2 0.5571428571428572 0.35873015873015873 0.015584415584415584 0.05396825396825397
2 0.564935064935065 0.31587301587301586 0.014285714285714285 0.05555555555555555
1 0.5857142857142857 0.353968253968254 0.04285714285714286 0.0873015873015873
2 0.6038961038961039 0.33015873015873015 0.00909090909090909 0.044444444444444446
2 0.6181818181818182 0.32857142857142857 0.01818181818181818 0.05238095238095238
2 0.587012987012987 0.2920634920634921 0.011688311688311689 0.044444444444444446
2 0.6051948051948052 0.30793650793650795 0.014285714285714285 0.03333333333333333
2 0.5428571428571428 0.3253968253968254 0.015584415584415584 0.06349206349206349
2 0.5532467532467532 0.3333333333333333 0.01038961038961039 0.03650793650793651
2 0.5324675324675324 0.30952380952380953 0.01038961038961039 0.05238095238095238
2 0.577922077922078 0.2777777777777778 0.011688311688311689 0.044444444444444446
1 0.5532467532467532 0.273015873015873 0.03116883116883117 0.06031746031746032
2 0.564935064935065 0.25873015873015875 0.00909090909090909 0.04126984126984127
2 0.5844155844155844 0.2619047619047619 0.01038961038961039 0.025396825396825397
2 0.5324675324675324 0.25396825396825395 0.01038961038961039 0.044444444444444446
2 0.5571428571428572 0.23492063492063492 0.01038961038961039 0.03015873015873016
1 0.4831168831168831 0.2396825396825397 0.025974025974025976 0.05555555555555555
3 0.509090909090909 0.30952380952380953 0.046753246753246755 0.14126984126984127
2 0.5025974025974026 0.23333333333333334 0.00909090909090909 0.03333333333333333
2 0.512987012987013 0.2396825396825397 0.011688311688311689 0.023809523809523808
1 0.5181818181818182 0.2015873015873016 0.03116883116883117 0.06349206349206349
2 0.509090909090909 0.22380952380952382 0.011688311688311689 0.03333333333333333
2 0.4974025974025974 0.2126984126984127 0.007792207792207792 0.031746031746031744
1 0.4714285714285714 0.2 0.024675324675324677 0.049206349206349205
2 0.4831168831168831 0.19523809523809524 0.00909090909090909 0.03492063492063492
2 0.4896103896103896 0.19682539682539682 0.00909090909090909 0.0380952380952381
1 0.4896103896103896 0.17142857142857143 0.01948051948051948 0.03333333333333333
2 0.4909090909090909 0.18253968253968253 0.006493506493506494 0.023809523809523808
2 0.4948051948051948 0.18412698412698414 0.007792207792207792 0.020634920634920634
2 0.5454545454545454 0.21746031746031746 0.01038961038961039 0.0380952380952381
2 0.5402597402597402 0.20476190476190476 0.00909090909090909 0.026984126984126985
2 0.5077922077922078 0.18412698412698414 0.006493506493506494 0.031746031746031744
2 0.5324675324675324 0.18412698412698414 0.006493506493506494 0.02857142857142857
2 0.5363636363636364 0.19206349206349208 0.00909090909090909 0.031746031746031744
2 0.4701298701298701 0.17142857142857143 0.007792207792207792 0.025396825396825397
2 0.4766233766233766 0.1746031746031746 0.006493506493506494 0.022222222222222223
2 0.4753246753246753 0.1634920634920635 0.006493506493506494 0.023809523809523808
1 0.5103896103896104 0.15555555555555556 0.02207792207792208 0.049206349206349205
2 0.4987012987012987 0.1634920634920635 0.006493506493506494 0.026984126984126985
2 0.522077922077922 0.16984126984126985 0.011688311688311689 0.020634920634920634
2 0.4636363636363636 0.16825396825396827 0.007792207792207792 0.03015873015873016
3 0.4636363636363636 0.1349206349206349 0.02077922077922078 0.06349206349206349
2 0.4753246753246753 0.14444444444444443 0.006493506493506494 0.022222222222222223
2 0.4805194805194805 0.1523809523809524 0.006493506493506494 0.020634920634920634
2 0.4922077922077922 0.1492063492063492 0.007792207792207792 0.015873015873015872
2 0.4753246753246753 0.12063492063492064 0.006493506493506494 0.022222222222222223
1 0.4883116883116883 0.12698412698412698 0.011688311688311689 0.012698412698412698
1 0.487012987012987 0.1126984126984127 0.012987012987012988 0.026984126984126985
1 0.5 0.13174603174603175 0.011688311688311689 0.022222222222222223
2 0.4961038961038961 0.12222222222222222 0.005194805194805195 0.015873015873015872
2 0.5077922077922078 0.13015873015873017 0.005194805194805195 0.020634920634920634
2 0.5025974025974026 0.1111111111111111 0.005194805194805195 0.01746031746031746
1 0.4961038961038961 0.1 0.011688311688311689 0.022222222222222223
1 0.5038961038961038 0.09365079365079365 0.00909090909090909 0.01746031746031746
1 0.487012987012987 0.28888888888888886 0.01948051948051948 0.06190476190476191