2 0.8688311688311688 0.8031746031746032 0.033766233766233764 0.15714285714285714
2 0.8974025974025974 0.7333333333333333 0.045454545454545456 0.14603174603174604
2 0.8116883116883117 0.6666666666666666 0.024675324675324677 0.1380952380952381
2 0.8545454545454545 0.6460317460317461 0.03116883116883117 0.14126984126984127
2 0.8207792207792208 0.5619047619047619 0.024675324675324677 0.08571428571428572
2 0.7740259740259741 0.5333333333333333 0.032467532467532464 0.08412698412698413
2 0.8038961038961039 0.5031746031746032 0.01948051948051948 0.0761904761904762
2 0.7896103896103897 0.45714285714285713 0.023376623376623377 0.05396825396825397
2 0.7636363636363637 0.4444444444444444 0.024675324675324677 0.047619047619047616
2 0.7571428571428571 0.40793650793650793 0.02207792207792208 0.05714285714285714
2 0.7103896103896103 0.4396825396825397 0.01948051948051948 0.05238095238095238
2 0.6675324675324675 0.46984126984126984 0.01818181818181818 0.10952380952380952
2 0.7285714285714285 0.4126984126984127 0.016883116883116882 0.07777777777777778
2 0.7389610389610389 0.35873015873015873 0.016883116883116882 0.05873015873015873
2 0.7285714285714285 0.3349206349206349 0.016883116883116882 0.05714285714285714
2 0.7038961038961039 0.28095238095238095 0.01818181818181818 0.0380952380952381
2 0.6896103896103896 0.273015873015873 0.014285714285714285 0.044444444444444446
2 0.6701298701298701 0.24603174603174602 0.014285714285714285 0.03968253968253968
2 0.6662337662337663 0.21587301587301588 0.011688311688311689 0.03968253968253968
2 0.6779220779220779 0.22380952380952382 0.01948051948051948 0.044444444444444446
2 0.5792207792207792 0.1619047619047619 0.014285714285714285 0.03333333333333333
2 0.5701298701298702 0.15555555555555556 0.00909090909090909 0.03492063492063492
2 0.5857142857142857 0.14603174603174604 0.014285714285714285 0.026984126984126985
2 0.5714285714285714 0.13174603174603175 0.006493506493506494 0.026984126984126985
2 0.5805194805194805 0.12222222222222222 0.01038961038961039 0.022222222222222223
2 0.574025974025974 0.1111111111111111 0.00909090909090909 0.014285714285714285
2 0.5805194805194805 0.10634920634920635 0.007792207792207792 0.022222222222222223
2 0.6233766233766234 0.1492063492063492 0.016883116883116882 0.023809523809523808
2 0.6155844155844156 0.13015873015873017 0.014285714285714285 0.03015873015873016
2 0.6025974025974026 0.1253968253968254 0.00909090909090909 0.020634920634920634
2 0.5974025974025974 0.10634920634920635 0.007792207792207792 0.01904761904761905
2 0.6064935064935065 0.10952380952380952 0.01038961038961039 0.01746031746031746
2 0.6142857142857143 0.09365079365079365 0.00909090909090909 0.014285714285714285
2 0.6220779220779221 0.08888888888888889 0.00909090909090909 0.014285714285714285
1 0.6545454545454545 0.773015873015873 0.08701298701298701 0.24444444444444444
1 0.7688311688311689 0.8111111111111111 0.11038961038961038 0.2650793650793651
1 0.7142857142857143 0.5523809523809524 0.07272727272727272 0.16825396825396827
1 0.6168831168831169 0.44285714285714284 0.048051948051948054 0.12222222222222222
1 0.6597402597402597 0.35873015873015873 0.046753246753246755 0.09365079365079365
1 0.7025974025974026 0.33650793650793653 0.04285714285714286 0.07936507936507936
1 0.6766233766233766 0.2904761904761905 0.032467532467532464 0.06190476190476191
1 0.6493506493506493 0.30317460317460315 0.03766233766233766 0.05714285714285714
1 0.638961038961039 0.25555555555555554 0.02727272727272727 0.05238095238095238
1 0.6285714285714286 0.22698412698412698 0.023376623376623377 0.031746031746031744
1 0.6181818181818182 0.21746031746031746 0.02207792207792208 0.04285714285714286
1 0.5844155844155844 0.24444444444444444 0.02207792207792208 0.049206349206349205
1 0.5909090909090909 0.21587301587301588 0.02207792207792208 0.03015873015873016
1 0.5805194805194805 0.20634920634920634 0.02987012987012987 0.03650793650793651
1 0.5818181818181818 0.18253968253968253 0.025974025974025976 0.01904761904761905
1 0.6493506493506493 0.2015873015873016 0.02207792207792208 0.0380952380952381
1 0.6051948051948052 0.18253968253968253 0.01818181818181818 0.049206349206349205
1 0.6038961038961039 0.1492063492063492 0.02077922077922078 0.025396825396825397
1 0.5974025974025974 0.09206349206349207 0.011688311688311689 0.023809523809523808
1 0.6090909090909091 0.07777777777777778 0.011688311688311689 0.014285714285714285
3 0.6025974025974026 0.30158730158730157 0.048051948051948054 0.1492063492063492
3 0.6272727272727273 0.1873015873015873 0.024675324675324677 0.046031746031746035
2 0.5701298701298702 0.23015873015873015 0.005194805194805195 0.049206349206349205
2 0.6493506493506493 0.17777777777777778 0.014285714285714285 0.012698412698412698
2 0.6402597402597403 0.16825396825396827 0.01038961038961039 0.01746031746031746