3 0.5766233766233766 0.8396825396825397 0.13116883116883116 0.32063492063492066
1 0.6883116883116883 0.8857142857142857 0.10909090909090909 0.22857142857142856
3 0.8194805194805195 0.9492063492063492 0.14415584415584415 0.10158730158730159
1 0.912987012987013 0.9476190476190476 0.09220779220779221 0.10317460317460317
2 0.7974025974025974 0.834920634920635 0.03766233766233766 0.12857142857142856
2 0.8103896103896104 0.8857142857142857 0.03506493506493506 0.05238095238095238
2 0.8454545454545455 0.8841269841269841 0.03636363636363636 0.05714285714285714
2 0.7467532467532467 0.8301587301587302 0.03766233766233766 0.14126984126984127
2 0.8337662337662337 0.8333333333333334 0.03116883116883117 0.10634920634920635
2 0.8415584415584415 0.7777777777777778 0.03506493506493506 0.1365079365079365
2 0.7350649350649351 0.7571428571428571 0.03506493506493506 0.10793650793650794
2 0.7688311688311689 0.7698412698412699 0.03506493506493506 0.12222222222222222
2 0.8025974025974026 0.7587301587301587 0.032467532467532464 0.09523809523809523
2 0.7064935064935065 0.7158730158730159 0.03116883116883117 0.12222222222222222
2 0.7519480519480519 0.7047619047619048 0.025974025974025976 0.08253968253968254
2 0.7922077922077922 0.7015873015873015 0.02987012987012987 0.09206349206349207
2 0.6948051948051948 0.6492063492063492 0.023376623376623377 0.09841269841269841
2 0.687012987012987 0.6174603174603175 0.01948051948051948 0.08571428571428572
2 0.7103896103896103 0.6349206349206349 0.02207792207792208 0.09047619047619047
2 0.7376623376623377 0.653968253968254 0.03116883116883117 0.09523809523809523
2 0.7584415584415585 0.6587301587301587 0.02857142857142857 0.11428571428571428
2 0.7961038961038961 0.6698412698412698 0.02207792207792208 0.1111111111111111
2 0.7298701298701299 0.6047619047619047 0.02857142857142857 0.08095238095238096
1 0.6428571428571429 0.6968253968253968 0.07792207792207792 0.18095238095238095
2 0.6584415584415585 0.6095238095238096 0.025974025974025976 0.08888888888888889
2 0.6831168831168831 0.5746031746031746 0.02207792207792208 0.06984126984126984
2 0.6597402597402597 0.5634920634920635 0.02077922077922078 0.050793650793650794
2 0.7090909090909091 0.5650793650793651 0.02077922077922078 0.06984126984126984
2 0.6363636363636364 0.5126984126984127 0.02077922077922078 0.08253968253968254
2 0.6480519480519481 0.5365079365079365 0.01948051948051948 0.06825396825396825
2 0.674025974025974 0.5396825396825397 0.02727272727272727 0.06349206349206349
2 0.7051948051948052 0.5317460317460317 0.01818181818181818 0.08412698412698413
2 0.6987012987012987 0.4746031746031746 0.024675324675324677 0.07936507936507936
2 0.5467532467532468 0.4793650793650794 0.01818181818181818 0.06666666666666667
2 0.5571428571428572 0.5015873015873016 0.01818181818181818 0.047619047619047616
3 0.551948051948052 0.6142857142857143 0.09610389610389611 0.1873015873015873
2 0.5623376623376624 0.5206349206349207 0.02077922077922078 0.0380952380952381
2 0.5441558441558442 0.4222222222222222 0.01818181818181818 0.06507936507936508
2 0.5506493506493506 0.44603174603174606 0.01818181818181818 0.03968253968253968
2 0.5415584415584416 0.3825396825396825 0.016883116883116882 0.050793650793650794
2 0.5441558441558442 0.3873015873015873 0.012987012987012988 0.03015873015873016
2 0.5337662337662338 0.346031746031746 0.015584415584415584 0.0380952380952381
2 0.6207792207792208 0.4857142857142857 0.01818181818181818 0.06666666666666667
2 0.6090909090909091 0.40793650793650793 0.015584415584415584 0.06984126984126984
1 0.5831168831168831 0.4238095238095238 0.04415584415584416 0.06984126984126984
2 0.6038961038961039 0.3825396825396825 0.011688311688311689 0.04126984126984127
1 0.6571428571428571 0.4714285714285714 0.05844155844155844 0.11428571428571428
2 0.6402597402597403 0.41904761904761906 0.012987012987012988 0.031746031746031744
2 0.6584415584415585 0.4142857142857143 0.015584415584415584 0.03492063492063492
2 0.6233766233766234 0.41904761904761906 0.014285714285714285 0.05396825396825397
2 0.6454545454545455 0.39365079365079364 0.015584415584415584 0.049206349206349205
2 0.6350649350649351 0.37142857142857144 0.01948051948051948 0.05555555555555555
1 0.6064935064935065 0.35079365079365077 0.033766233766233764 0.06666666666666667
2 0.6246753246753247 0.35555555555555557 0.014285714285714285 0.0380952380952381
2 0.6272727272727273 0.3333333333333333 0.01038961038961039 0.025396825396825397
1 0.5701298701298702 0.37142857142857144 0.03506493506493506 0.06031746031746032
2 0.577922077922078 0.33650793650793653 0.014285714285714285 0.04285714285714286
1 0.5493506493506494 0.3142857142857143 0.02987012987012987 0.05238095238095238
2 0.564935064935065 0.2984126984126984 0.011688311688311689 0.0380952380952381
2 0.5753246753246753 0.28095238095238095 0.00909090909090909 0.047619047619047616
2 0.5792207792207792 0.29523809523809524 0.01038961038961039 0.0380952380952381
2 0.5935064935064935 0.30158730158730157 0.01038961038961039 0.04126984126984127
2 0.5675324675324676 0.3380952380952381 0.01038961038961039 0.03015873015873016
2 0.6025974025974026 0.319047619047619 0.00909090909090909 0.01904761904761905
2 0.612987012987013 0.32063492063492066 0.012987012987012988 0.03333333333333333
2 0.6038961038961039 0.3047619047619048 0.01038961038961039 0.03015873015873016
1 0.5324675324675324 0.2746031746031746 0.02207792207792208 0.04126984126984127
2 0.5506493506493506 0.2857142857142857 0.011688311688311689 0.026984126984126985
2 0.5883116883116883 0.2761904761904762 0.011688311688311689 0.03333333333333333
2 0.4649350649350649 0.27936507936507937 0.011688311688311689 0.050793650793650794
2 0.4714285714285714 0.2873015873015873 0.011688311688311689 0.047619047619047616
2 0.4662337662337662 0.2507936507936508 0.006493506493506494 0.03015873015873016
3 0.5025974025974026 0.3492063492063492 0.06103896103896104 0.1253968253968254
1 0.487012987012987 0.2857142857142857 0.023376623376623377 0.044444444444444446
2 0.5077922077922078 0.27936507936507937 0.014285714285714285 0.026984126984126985
1 0.487012987012987 0.26666666666666666 0.02077922077922078 0.025396825396825397
1 0.487012987012987 0.25396825396825395 0.016883116883116882 0.020634920634920634
1 0.4844155844155844 0.23492063492063492 0.02207792207792208 0.026984126984126985
2 0.4844155844155844 0.2365079365079365 0.01948051948051948 0.023809523809523808
2 0.5012987012987012 0.24126984126984127 0.00909090909090909 0.026984126984126985
1 0.5246753246753246 0.22857142857142856 0.025974025974025976 0.03968253968253968
2 0.5402597402597402 0.23174603174603176 0.00909090909090909 0.031746031746031744
1 0.509090909090909 0.2126984126984127 0.024675324675324677 0.049206349206349205
2 0.5298701298701298 0.21587301587301588 0.00909090909090909 0.026984126984126985
2 0.5376623376623376 0.21428571428571427 0.00909090909090909 0.03015873015873016
1 0.5571428571428572 0.2523809523809524 0.03116883116883117 0.050793650793650794
2 0.5506493506493506 0.22380952380952382 0.00909090909090909 0.014285714285714285
3 0.474025974025974 0.21587301587301588 0.02077922077922078 0.050793650793650794
1 0.4701298701298701 0.20317460317460317 0.01818181818181818 0.03492063492063492
2 0.4935064935064935 0.21428571428571427 0.014285714285714285 0.031746031746031744
2 0.45324675324675323 0.173015873015873 0.01038961038961039 0.031746031746031744
1 0.4662337662337662 0.18412698412698414 0.016883116883116882 0.025396825396825397
2 0.4766233766233766 0.173015873015873 0.007792207792207792 0.03650793650793651
2 0.4831168831168831 0.17936507936507937 0.00909090909090909 0.026984126984126985
2 0.5207792207792208 0.2 0.007792207792207792 0.023809523809523808
2 0.5467532467532468 0.20952380952380953 0.006493506493506494 0.025396825396825397
1 0.5168831168831168 0.18888888888888888 0.01948051948051948 0.02857142857142857
2 0.5298701298701298 0.18571428571428572 0.01038961038961039 0.031746031746031744
1 0.4701298701298701 0.1619047619047619 0.014285714285714285 0.020634920634920634
1 0.4961038961038961 0.17142857142857143 0.01948051948051948 0.01904761904761905
1 0.4922077922077922 0.1523809523809524 0.01948051948051948 0.023809523809523808
2 0.5064935064935064 0.15714285714285714 0.01038961038961039 0.025396825396825397
2 0.5155844155844156 0.16507936507936508 0.00909090909090909 0.026984126984126985
1 0.4688311688311688 0.14285714285714285 0.011688311688311689 0.020634920634920634
2 0.4792207792207792 0.14761904761904762 0.007792207792207792 0.01904761904761905
1 0.4675324675324675 0.13333333333333333 0.012987012987012988 0.012698412698412698
1 0.4909090909090909 0.1349206349206349 0.012987012987012988 0.023809523809523808
2 0.4974025974025974 0.1349206349206349 0.006493506493506494 0.015873015873015872
2 0.509090909090909 0.13968253968253969 0.014285714285714285 0.025396825396825397
1 0.4675324675324675 0.12063492063492064 0.014285714285714285 0.022222222222222223
1 0.4831168831168831 0.12380952380952381 0.012987012987012988 0.020634920634920634
1 0.4935064935064935 0.11904761904761904 0.01038961038961039 0.01904761904761905
1 0.4948051948051948 0.1111111111111111 0.01038961038961039 0.014285714285714285
1 0.4974025974025974 0.1 0.011688311688311689 0.01904761904761905
1 0.5116883116883116 0.44761904761904764 0.04155844155844156 0.06507936507936508
1 0.5935064935064935 0.48095238095238096 0.05194805194805195 0.0761904761904762
1 0.5168831168831168 0.5190476190476191 0.053246753246753244 0.11746031746031746
1 0.6103896103896104 0.5587301587301587 0.05194805194805195 0.10952380952380952