3 0.7584415584415585 0.8650793650793651 0.2051948051948052 0.26825396825396824
1 0.5883116883116883 0.9095238095238095 0.10649350649350649 0.18095238095238095
1 0.548051948051948 0.7476190476190476 0.09220779220779221 0.18253968253968253
1 0.6701298701298701 0.6603174603174603 0.07792207792207792 0.1746031746031746
1 0.5272727272727272 0.5746031746031746 0.06103896103896104 0.1111111111111111
3 0.5246753246753246 0.4158730158730159 0.07532467532467532 0.1873015873015873
1 0.5402597402597402 0.3047619047619048 0.033766233766233764 0.06349206349206349
1 0.4701298701298701 0.17142857142857143 0.01948051948051948 0.03650793650793651
1 0.4857142857142857 0.10317460317460317 0.016883116883116882 0.015873015873015872
2 0.4909090909090909 0.1349206349206349 0.01038961038961039 0.012698412698412698
2 0.5025974025974026 0.10158730158730159 0.007792207792207792 0.011111111111111112
1 0.5012987012987012 0.09047619047619047 0.012987012987012988 0.011111111111111112
2 0.5077922077922078 0.1 0.003896103896103896 0.006349206349206349
2 0.5181818181818182 0.21587301587301588 0.012987012987012988 0.031746031746031744
2 0.6142857142857143 0.353968253968254 0.03116883116883117 0.04126984126984127
2 0.6298701298701299 0.40793650793650793 0.025974025974025976 0.06984126984126984
2 0.674025974025974 0.4857142857142857 0.03116883116883117 0.08412698412698413
2 0.577922077922078 0.4888888888888889 0.02857142857142857 0.05555555555555555
2 0.6038961038961039 0.6603174603174603 0.04285714285714286 0.10158730158730159
2 0.6 0.6079365079365079 0.014285714285714285 0.10476190476190476
2 0.5025974025974026 0.6523809523809524 0.03766233766233766 0.09682539682539683
2 0.6974025974025974 0.5857142857142857 0.03116883116883117 0.09047619047619047
2 0.6350649350649351 0.8380952380952381 0.03766233766233766 0.14761904761904762
2 0.6233766233766234 0.746031746031746 0.025974025974025976 0.10158730158730159
2 0.8324675324675325 0.7111111111111111 0.05584415584415584 0.0873015873015873
2 0.7987012987012987 0.8111111111111111 0.04025974025974026 0.10952380952380952
2 0.951948051948052 0.8904761904761904 0.06883116883116883 0.11428571428571428
2 0.912987012987013 0.9142857142857143 0.06103896103896104 0.13174603174603175
2 0.861038961038961 0.9079365079365079 0.048051948051948054 0.12063492063492064
2 0.9545454545454546 0.9793650793650793 0.033766233766233764 0.04126984126984127
2 0.8831168831168831 0.9793650793650793 0.03116883116883117 0.04126984126984127