1 0.5727272727272728 0.9682539682539683 0.08571428571428572 0.06349206349206349
2 0.5402597402597402 0.8857142857142857 0.04935064935064935 0.1349206349206349
2 0.6090909090909091 0.7111111111111111 0.032467532467532464 0.1126984126984127
2 0.6298701298701299 0.9317460317460318 0.03896103896103896 0.1365079365079365
2 0.7376623376623377 0.9793650793650793 0.03506493506493506 0.04126984126984127
2 0.7844155844155845 0.9746031746031746 0.02727272727272727 0.050793650793650794
2 0.7831168831168831 0.8920634920634921 0.04155844155844156 0.08571428571428572
2 0.8272727272727273 0.9571428571428572 0.03896103896103896 0.07936507936507936
2 0.8896103896103896 0.9380952380952381 0.03116883116883117 0.09682539682539683
2 0.8857142857142857 0.8746031746031746 0.03116883116883117 0.05873015873015873
2 0.8428571428571429 0.873015873015873 0.03116883116883117 0.06825396825396825
2 0.8428571428571429 0.8333333333333334 0.032467532467532464 0.09047619047619047
2 0.8077922077922078 0.8793650793650793 0.023376623376623377 0.08095238095238096
2 0.7922077922077922 0.8 0.03116883116883117 0.0746031746031746
2 0.8077922077922078 0.7634920634920634 0.033766233766233764 0.12063492063492064
2 0.8441558441558441 0.7746031746031746 0.02987012987012987 0.1
2 0.7428571428571429 0.819047619047619 0.04155844155844156 0.13174603174603175
2 0.7506493506493507 0.7507936507936508 0.032467532467532464 0.09206349206349207
1 0.6792207792207792 0.8365079365079365 0.10909090909090909 0.2761904761904762
2 0.7051948051948052 0.7396825396825397 0.02727272727272727 0.09047619047619047
2 0.7077922077922078 0.6873015873015873 0.023376623376623377 0.0873015873015873
2 0.7480519480519481 0.6952380952380952 0.02857142857142857 0.09523809523809523
2 0.7766233766233767 0.6904761904761905 0.02857142857142857 0.1111111111111111
2 0.7285714285714285 0.6476190476190476 0.01948051948051948 0.07301587301587302
2 0.6727272727272727 0.6634920634920635 0.02207792207792208 0.07301587301587302
2 0.6922077922077922 0.5920634920634921 0.024675324675324677 0.08571428571428572
2 0.7246753246753247 0.5714285714285714 0.02987012987012987 0.06825396825396825
2 0.7064935064935065 0.5190476190476191 0.024675324675324677 0.0746031746031746
2 0.6779220779220779 0.5190476190476191 0.024675324675324677 0.06825396825396825
2 0.6844155844155844 0.473015873015873 0.016883116883116882 0.06349206349206349
1 0.6376623376623377 0.5095238095238095 0.06233766233766234 0.12857142857142856
2 0.6545454545454545 0.48412698412698413 0.023376623376623377 0.0746031746031746
2 0.6636363636363637 0.44126984126984126 0.012987012987012988 0.06190476190476191
2 0.638961038961039 0.43174603174603177 0.014285714285714285 0.03333333333333333
2 0.6220779220779221 0.4238095238095238 0.016883116883116882 0.050793650793650794
1 0.6324675324675325 0.3984126984126984 0.05714285714285714 0.06507936507936508
2 0.612987012987013 0.40793650793650793 0.015584415584415584 0.05238095238095238
1 0.5792207792207792 0.42698412698412697 0.04415584415584416 0.08253968253968254
2 0.5961038961038961 0.4031746031746032 0.014285714285714285 0.049206349206349205
2 0.564935064935065 0.5444444444444444 0.025974025974025976 0.08412698412698413
2 0.5753246753246753 0.5111111111111111 0.01948051948051948 0.05873015873015873
2 0.5961038961038961 0.5047619047619047 0.015584415584415584 0.04126984126984127
2 0.5805194805194805 0.4857142857142857 0.01948051948051948 0.05714285714285714
2 0.564935064935065 0.4634920634920635 0.01818181818181818 0.06825396825396825
2 0.5454545454545454 0.45555555555555555 0.02207792207792208 0.08412698412698413
2 0.474025974025974 0.3253968253968254 0.015584415584415584 0.049206349206349205
2 0.4831168831168831 0.326984126984127 0.01038961038961039 0.047619047619047616
2 0.4805194805194805 0.3047619047619048 0.01038961038961039 0.02857142857142857
2 0.5181818181818182 0.3412698412698413 0.012987012987012988 0.03333333333333333
2 0.5155844155844156 0.32222222222222224 0.011688311688311689 0.031746031746031744
2 0.5207792207792208 0.30793650793650795 0.006493506493506494 0.04285714285714286
1 0.4987012987012987 0.35714285714285715 0.02987012987012987 0.06984126984126984
2 0.4922077922077922 0.3142857142857143 0.006493506493506494 0.03015873015873016
2 0.5 0.3142857142857143 0.00909090909090909 0.01904761904761905
2 0.4987012987012987 0.2873015873015873 0.01038961038961039 0.026984126984126985
2 0.5038961038961038 0.2841269841269841 0.006493506493506494 0.03015873015873016
1 0.4818181818181818 0.26666666666666666 0.02727272727272727 0.05714285714285714
1 0.4831168831168831 0.23333333333333334 0.024675324675324677 0.03015873015873016
2 0.4948051948051948 0.2365079365079365 0.003896103896103896 0.014285714285714285
2 0.5 0.26031746031746034 0.006493506493506494 0.022222222222222223
2 0.5077922077922078 0.25873015873015875 0.007792207792207792 0.01904761904761905
2 0.6207792207792208 0.3412698412698413 0.007792207792207792 0.0380952380952381
2 0.6285714285714286 0.35079365079365077 0.007792207792207792 0.020634920634920634
1 0.5987012987012987 0.353968253968254 0.03896103896103896 0.06666666666666667
2 0.612987012987013 0.32857142857142857 0.00909090909090909 0.04285714285714286
2 0.5974025974025974 0.29523809523809524 0.007792207792207792 0.03333333333333333
2 0.6064935064935065 0.30317460317460315 0.007792207792207792 0.026984126984126985
1 0.5805194805194805 0.3 0.023376623376623377 0.044444444444444446
2 0.5883116883116883 0.2777777777777778 0.007792207792207792 0.02857142857142857
3 0.5493506493506494 0.29365079365079366 0.04415584415584416 0.09047619047619047
2 0.5675324675324676 0.2571428571428571 0.01038961038961039 0.026984126984126985
1 0.4701298701298701 0.21428571428571427 0.01818181818181818 0.0380952380952381
1 0.4714285714285714 0.19206349206349208 0.016883116883116882 0.026984126984126985
2 0.4844155844155844 0.2 0.007792207792207792 0.01904761904761905
2 0.4818181818181818 0.18253968253968253 0.005194805194805195 0.020634920634920634
1 0.4987012987012987 0.20476190476190476 0.02207792207792208 0.02857142857142857
2 0.4909090909090909 0.18095238095238095 0.00909090909090909 0.01904761904761905
2 0.5051948051948052 0.17777777777777778 0.007792207792207792 0.015873015873015872
2 0.509090909090909 0.17777777777777778 0.006493506493506494 0.01746031746031746
2 0.5 0.16825396825396827 0.006493506493506494 0.020634920634920634
2 0.5116883116883116 0.15873015873015872 0.005194805194805195 0.01746031746031746
1 0.4857142857142857 0.1523809523809524 0.012987012987012988 0.026984126984126985
2 0.5051948051948052 0.15396825396825398 0.005194805194805195 0.012698412698412698
1 0.5233766233766234 0.18253968253968253 0.02207792207792208 0.031746031746031744
2 0.5168831168831168 0.16507936507936508 0.00909090909090909 0.014285714285714285
2 0.4688311688311688 0.1746031746031746 0.005194805194805195 0.014285714285714285
1 0.5545454545454546 0.7174603174603175 0.08311688311688312 0.20317460317460317
1 0.6181818181818182 0.5936507936507937 0.08051948051948052 0.1492063492063492
1 0.5272727272727272 0.5587301587301587 0.06233766233766234 0.12857142857142856
1 0.5116883116883116 0.4634920634920635 0.04935064935064935 0.1126984126984127
1 0.5558441558441558 0.37777777777777777 0.03766233766233766 0.08571428571428572
1 0.512987012987013 0.3873015873015873 0.03896103896103896 0.05555555555555555
1 0.5103896103896104 0.22698412698412698 0.023376623376623377 0.03650793650793651
1 0.522077922077922 0.2650793650793651 0.023376623376623377 0.03968253968253968
1 0.5441558441558442 0.24126984126984127 0.025974025974025976 0.02857142857142857
1 0.5506493506493506 0.21904761904761905 0.023376623376623377 0.023809523809523808
1 0.5311688311688312 0.20476190476190476 0.02077922077922078 0.03492063492063492
1 0.4831168831168831 0.1365079365079365 0.011688311688311689 0.01904761904761905
1 0.4831168831168831 0.12063492063492064 0.01038961038961039 0.014285714285714285
1 0.4818181818181818 0.1111111111111111 0.007792207792207792 0.011111111111111112
1 0.4753246753246753 0.09841269841269841 0.005194805194805195 0.009523809523809525
1 0.4818181818181818 0.10317460317460317 0.007792207792207792 0.009523809523809525
0 0.4636363636363636 0.15079365079365079 0.01948051948051948 0.03333333333333333
1 0.4649350649350649 0.13015873015873017 0.012987012987012988 0.011111111111111112
1 0.4649350649350649 0.12380952380952381 0.007792207792207792 0.009523809523809525
1 0.4649350649350649 0.1126984126984127 0.011688311688311689 0.015873015873015872
1 0.4961038961038961 0.11904761904761904 0.011688311688311689 0.012698412698412698
1 0.4896103896103896 0.10634920634920635 0.006493506493506494 0.011111111111111112