2 0.6116883116883117 0.7634920634920634 0.03116883116883117 0.0761904761904762
2 0.5714285714285714 0.7095238095238096 0.03636363636363636 0.12063492063492064
2 0.5077922077922078 0.6746031746031746 0.033766233766233764 0.12222222222222222
2 0.5363636363636364 0.6428571428571429 0.03116883116883117 0.12063492063492064
2 0.5 0.5666666666666667 0.02987012987012987 0.09365079365079365
2 0.5077922077922078 0.5111111111111111 0.02857142857142857 0.0873015873015873
2 0.6155844155844156 0.5634920634920635 0.02727272727272727 0.10952380952380952
2 0.6415584415584416 0.5936507936507937 0.033766233766233764 0.11587301587301588
2 0.6753246753246753 0.6174603174603175 0.02727272727272727 0.07777777777777778
2 0.7012987012987013 0.6047619047619047 0.03116883116883117 0.10317460317460317
2 0.7454545454545455 0.5968253968253968 0.02857142857142857 0.05238095238095238
2 0.6688311688311688 0.5412698412698412 0.024675324675324677 0.0746031746031746
2 0.6480519480519481 0.4 0.01948051948051948 0.05555555555555555
2 0.6285714285714286 0.4015873015873016 0.016883116883116882 0.05555555555555555
2 0.612987012987013 0.3984126984126984 0.015584415584415584 0.06031746031746032
2 0.5974025974025974 0.40634920634920635 0.016883116883116882 0.06984126984126984
2 0.5935064935064935 0.3634920634920635 0.00909090909090909 0.03015873015873016
2 0.577922077922078 0.36984126984126986 0.012987012987012988 0.03650793650793651
2 0.5896103896103896 0.3492063492063492 0.011688311688311689 0.03968253968253968
2 0.6142857142857143 0.36666666666666664 0.012987012987012988 0.03492063492063492
2 0.6207792207792208 0.3380952380952381 0.012987012987012988 0.049206349206349205
2 0.6077922077922078 0.34285714285714286 0.014285714285714285 0.04285714285714286
2 0.6038961038961039 0.31587301587301586 0.012987012987012988 0.050793650793650794
2 0.5896103896103896 0.31746031746031744 0.01038961038961039 0.03968253968253968
2 0.574025974025974 0.33650793650793653 0.011688311688311689 0.044444444444444446
2 0.564935064935065 0.3238095238095238 0.011688311688311689 0.049206349206349205
2 0.5714285714285714 0.30634920634920637 0.01038961038961039 0.02857142857142857
2 0.5532467532467532 0.2984126984126984 0.011688311688311689 0.03492063492063492
2 0.5532467532467532 0.27936507936507937 0.012987012987012988 0.03015873015873016
2 0.564935064935065 0.29365079365079366 0.007792207792207792 0.031746031746031744
2 0.5688311688311688 0.28095238095238095 0.01038961038961039 0.02857142857142857
2 0.5818181818181818 0.30317460317460315 0.00909090909090909 0.03650793650793651
2 0.5831168831168831 0.2777777777777778 0.012987012987012988 0.0380952380952381
2 0.5675324675324676 0.2619047619047619 0.01038961038961039 0.023809523809523808
2 0.574025974025974 0.2571428571428571 0.01038961038961039 0.03015873015873016
2 0.5675324675324676 0.23809523809523808 0.00909090909090909 0.031746031746031744
2 0.5103896103896104 0.30952380952380953 0.01038961038961039 0.0380952380952381
2 0.4987012987012987 0.29523809523809524 0.011688311688311689 0.025396825396825397
2 0.4792207792207792 0.2968253968253968 0.00909090909090909 0.046031746031746035
2 0.5337662337662338 0.25555555555555554 0.00909090909090909 0.03333333333333333
2 0.538961038961039 0.27936507936507937 0.011688311688311689 0.049206349206349205
2 0.5545454545454546 0.2507936507936508 0.012987012987012988 0.03492063492063492
2 0.5441558441558442 0.2492063492063492 0.01038961038961039 0.01904761904761905
2 0.535064935064935 0.2365079365079365 0.005194805194805195 0.023809523809523808
2 0.5558441558441558 0.22063492063492063 0.00909090909090909 0.023809523809523808
2 0.5493506493506494 0.2253968253968254 0.006493506493506494 0.025396825396825397
2 0.5441558441558442 0.23015873015873015 0.007792207792207792 0.022222222222222223
2 0.5376623376623376 0.22063492063492063 0.007792207792207792 0.022222222222222223
2 0.5337662337662338 0.19523809523809524 0.011688311688311689 0.02857142857142857
2 0.535064935064935 0.1746031746031746 0.006493506493506494 0.01904761904761905
2 0.4909090909090909 0.22857142857142856 0.00909090909090909 0.026984126984126985
2 0.4792207792207792 0.19523809523809524 0.006493506493506494 0.02857142857142857
2 0.4948051948051948 0.16666666666666666 0.007792207792207792 0.01746031746031746
2 0.4935064935064935 0.1523809523809524 0.007792207792207792 0.011111111111111112
2 0.4961038961038961 0.14285714285714285 0.005194805194805195 0.012698412698412698
2 0.5038961038961038 0.1365079365079365 0.007792207792207792 0.009523809523809525
2 0.474025974025974 0.14444444444444443 0.006493506493506494 0.01746031746031746
2 0.4688311688311688 0.1349206349206349 0.006493506493506494 0.014285714285714285
2 0.474025974025974 0.13015873015873017 0.003896103896103896 0.011111111111111112
2 0.4714285714285714 0.12380952380952381 0.003896103896103896 0.009523809523809525
2 0.4753246753246753 0.12063492063492064 0.003896103896103896 0.011111111111111112
2 0.4909090909090909 0.1253968253968254 0.003896103896103896 0.01746031746031746
1 0.687012987012987 0.7555555555555555 0.1025974025974026 0.2523809523809524
1 0.7571428571428571 0.7031746031746032 0.09350649350649351 0.21428571428571427
1 0.5571428571428572 0.5476190476190477 0.06493506493506493 0.12857142857142856
1 0.6454545454545455 0.4650793650793651 0.06233766233766234 0.10317460317460317
1 0.5714285714285714 0.4158730158730159 0.05454545454545454 0.08571428571428572
1 0.548051948051948 0.3476190476190476 0.03506493506493506 0.07936507936507936
1 0.4948051948051948 0.3126984126984127 0.03636363636363636 0.031746031746031744
1 0.525974025974026 0.2920634920634921 0.033766233766233764 0.05873015873015873
1 0.4844155844155844 0.2619047619047619 0.024675324675324677 0.049206349206349205
1 0.512987012987013 0.24285714285714285 0.025974025974025976 0.050793650793650794
1 0.5051948051948052 0.21746031746031746 0.02077922077922078 0.0380952380952381
1 0.4701298701298701 0.22063492063492063 0.01948051948051948 0.03968253968253968
1 0.4636363636363636 0.19682539682539682 0.016883116883116882 0.03650793650793651
1 0.4636363636363636 0.16984126984126985 0.016883116883116882 0.025396825396825397
1 0.4636363636363636 0.1492063492063492 0.012987012987012988 0.020634920634920634
1 0.4597402597402597 0.13968253968253969 0.015584415584415584 0.025396825396825397
1 0.4623376623376623 0.12380952380952381 0.01038961038961039 0.014285714285714285
1 0.4675324675324675 0.11428571428571428 0.01038961038961039 0.011111111111111112
1 0.4974025974025974 0.19047619047619047 0.01948051948051948 0.03650793650793651
1 0.5181818181818182 0.18253968253968253 0.01948051948051948 0.03333333333333333
1 0.5064935064935064 0.173015873015873 0.011688311688311689 0.026984126984126985
1 0.5077922077922078 0.1523809523809524 0.016883116883116882 0.03015873015873016
1 0.4844155844155844 0.1634920634920635 0.011688311688311689 0.025396825396825397
1 0.4831168831168831 0.14603174603174604 0.011688311688311689 0.02857142857142857
1 0.4831168831168831 0.1253968253968254 0.011688311688311689 0.01904761904761905
1 0.4974025974025974 0.13333333333333333 0.01038961038961039 0.01746031746031746
1 0.5 0.12222222222222222 0.007792207792207792 0.011111111111111112
1 0.4987012987012987 0.11428571428571428 0.007792207792207792 0.014285714285714285
1 0.5025974025974026 0.10952380952380952 0.011688311688311689 0.01746031746031746
1 0.509090909090909 0.09841269841269841 0.01038961038961039 0.014285714285714285
3 0.6103896103896104 0.8587301587301587 0.17142857142857143 0.28253968253968254
3 0.5077922077922078 0.38095238095238093 0.05194805194805195 0.13174603174603175
3 0.4857142857142857 0.10952380952380952 0.011688311688311689 0.03015873015873016
3 0.4987012987012987 0.08571428571428572 0.01038961038961039 0.011111111111111112
0 0.4701298701298701 0.10158730158730159 0.01948051948051948 0.020634920634920634
3 0.4857142857142857 0.0873015873015873 0.014285714285714285 0.012698412698412698
1 0.4974025974025974 0.09523809523809523 0.00909090909090909 0.006349206349206349