3 0.6038961038961039 0.834920634920635 0.12727272727272726 0.3238095238095238
1 0.7155844155844155 0.8936507936507937 0.08831168831168831 0.2111111111111111
1 0.8051948051948052 0.8777777777777778 0.0987012987012987 0.23492063492063492
1 0.5883116883116883 0.6317460317460317 0.05714285714285714 0.0761904761904762
1 0.7233766233766233 0.6174603174603175 0.08181818181818182 0.09365079365079365
1 0.6324675324675325 0.5619047619047619 0.04935064935064935 0.1126984126984127
1 0.5272727272727272 0.5571428571428572 0.05714285714285714 0.1365079365079365
1 0.5896103896103896 0.4603174603174603 0.04935064935064935 0.09682539682539683
1 0.5727272727272728 0.39206349206349206 0.03766233766233766 0.05714285714285714
1 0.5181818181818182 0.4380952380952381 0.05194805194805195 0.09206349206349207
1 0.5714285714285714 0.319047619047619 0.033766233766233764 0.04285714285714286
1 0.5402597402597402 0.2873015873015873 0.033766233766233764 0.05714285714285714
1 0.487012987012987 0.29523809523809524 0.03506493506493506 0.05555555555555555
1 0.4818181818181818 0.24126984126984127 0.02727272727272727 0.047619047619047616
1 0.5025974025974026 0.20793650793650795 0.03116883116883117 0.044444444444444446
1 0.4753246753246753 0.17936507936507937 0.01818181818181818 0.03968253968253968
1 0.4883116883116883 0.12063492063492064 0.011688311688311689 0.01904761904761905
1 0.5038961038961038 0.10317460317460317 0.006493506493506494 0.01746031746031746
2 0.6558441558441559 0.7698412698412699 0.02207792207792208 0.11904761904761904
2 0.6961038961038961 0.7555555555555555 0.016883116883116882 0.046031746031746035
2 0.6987012987012987 0.7095238095238096 0.024675324675324677 0.05555555555555555
2 0.6532467532467533 0.6841269841269841 0.016883116883116882 0.05873015873015873
2 0.6701298701298701 0.6714285714285714 0.02987012987012987 0.09682539682539683
2 0.8389610389610389 0.7936507936507936 0.02207792207792208 0.09365079365079365
2 0.8844155844155844 0.926984126984127 0.048051948051948054 0.14444444444444443
2 0.9545454545454546 0.9523809523809523 0.05064935064935065 0.09206349206349207
2 0.509090909090909 0.9142857142857143 0.024675324675324677 0.08571428571428572
2 0.5116883116883116 0.9857142857142858 0.02987012987012987 0.026984126984126985
2 0.7558441558441559 0.7158730158730159 0.05194805194805195 0.0873015873015873
2 0.5818181818181818 0.5746031746031746 0.025974025974025976 0.04126984126984127
2 0.574025974025974 0.5333333333333333 0.02077922077922078 0.044444444444444446
2 0.6714285714285714 0.5349206349206349 0.015584415584415584 0.06190476190476191
2 0.6987012987012987 0.5428571428571428 0.01818181818181818 0.05396825396825397
2 0.7 0.4936507936507937 0.023376623376623377 0.044444444444444446
2 0.6779220779220779 0.5047619047619047 0.006493506493506494 0.03333333333333333
2 0.6701298701298701 0.4714285714285714 0.016883116883116882 0.03492063492063492
2 0.6402597402597403 0.4793650793650794 0.015584415584415584 0.05238095238095238
2 0.6285714285714286 0.42857142857142855 0.015584415584415584 0.0380952380952381
2 0.6597402597402597 0.43174603174603177 0.024675324675324677 0.0380952380952381
2 0.6519480519480519 0.4031746031746032 0.012987012987012988 0.026984126984126985
2 0.6350649350649351 0.40476190476190477 0.00909090909090909 0.022222222222222223
2 0.6155844155844156 0.4095238095238095 0.00909090909090909 0.031746031746031744
2 0.6116883116883117 0.38571428571428573 0.011688311688311689 0.025396825396825397
2 0.6285714285714286 0.373015873015873 0.016883116883116882 0.031746031746031744
2 0.5948051948051948 0.3619047619047619 0.02857142857142857 0.02857142857142857
2 0.6207792207792208 0.34444444444444444 0.016883116883116882 0.03333333333333333
2 0.6025974025974026 0.32222222222222224 0.014285714285714285 0.05873015873015873
2 0.5805194805194805 0.28253968253968254 0.014285714285714285 0.03333333333333333
2 0.5636363636363636 0.2761904761904762 0.014285714285714285 0.04285714285714286
2 0.5506493506493506 0.2507936507936508 0.011688311688311689 0.03492063492063492
2 0.5337662337662338 0.23015873015873015 0.007792207792207792 0.03492063492063492
2 0.5493506493506494 0.22698412698412698 0.01038961038961039 0.0380952380952381
2 0.535064935064935 0.20317460317460317 0.006493506493506494 0.031746031746031744
2 0.5038961038961038 0.32222222222222224 0.014285714285714285 0.04126984126984127
2 0.538961038961039 0.3523809523809524 0.033766233766233764 0.07301587301587302
2 0.5038961038961038 0.3984126984126984 0.014285714285714285 0.049206349206349205
2 0.5454545454545454 0.4301587301587302 0.015584415584415584 0.05555555555555555
2 0.5272727272727272 0.4031746031746032 0.011688311688311689 0.0380952380952381
2 0.509090909090909 0.18412698412698414 0.02077922077922078 0.03333333333333333
2 0.4987012987012987 0.15396825396825398 0.007792207792207792 0.020634920634920634
2 0.4844155844155844 0.15079365079365079 0.003896103896103896 0.01746031746031746
2 0.4909090909090909 0.13968253968253969 0.006493506493506494 0.01746031746031746
2 0.4831168831168831 0.1349206349206349 0.003896103896103896 0.020634920634920634
2 0.4753246753246753 0.1253968253968254 0.0025974025974025974 0.025396825396825397
3 0.4779220779220779 0.10793650793650794 0.00909090909090909 0.025396825396825397