2 0.6987012987012987 0.6333333333333333 0.03766233766233766 0.09682539682539683
2 0.7324675324675325 0.6285714285714286 0.04285714285714286 0.08412698412698413
2 0.6623376623376623 0.5698412698412698 0.03506493506493506 0.11746031746031746
2 0.7675324675324675 0.6222222222222222 0.04285714285714286 0.06190476190476191
2 0.7090909090909091 0.5698412698412698 0.02727272727272727 0.06190476190476191
2 0.7025974025974026 0.5111111111111111 0.06363636363636363 0.06825396825396825
1 0.638961038961039 0.46984126984126984 0.05584415584415584 0.12222222222222222
2 0.6805194805194805 0.4650793650793651 0.032467532467532464 0.05873015873015873
1 0.525974025974026 0.5301587301587302 0.06623376623376623 0.13968253968253969
2 0.5506493506493506 0.4587301587301587 0.04415584415584416 0.05396825396825397
1 0.5155844155844156 0.4587301587301587 0.06493506493506493 0.1523809523809524
1 0.5 0.3904761904761905 0.048051948051948054 0.10476190476190476
2 0.5415584415584416 0.43492063492063493 0.02987012987012987 0.046031746031746035
2 0.5623376623376624 0.4603174603174603 0.023376623376623377 0.06666666666666667
1 0.5948051948051948 0.5079365079365079 0.06233766233766234 0.1253968253968254
2 0.5922077922077922 0.44285714285714284 0.024675324675324677 0.047619047619047616
2 0.5987012987012987 0.42698412698412697 0.01948051948051948 0.0380952380952381
2 0.6220779220779221 0.4 0.01818181818181818 0.049206349206349205
2 0.6636363636363637 0.4142857142857143 0.015584415584415584 0.05555555555555555
2 0.5493506493506494 0.4015873015873016 0.024675324675324677 0.049206349206349205
2 0.5402597402597402 0.3746031746031746 0.02857142857142857 0.044444444444444446
1 0.5753246753246753 0.3619047619047619 0.07142857142857142 0.0746031746031746
2 0.5935064935064935 0.3619047619047619 0.02077922077922078 0.06031746031746032
2 0.6181818181818182 0.373015873015873 0.01948051948051948 0.07142857142857142
2 0.6324675324675325 0.3746031746031746 0.01948051948051948 0.06349206349206349
2 0.5857142857142857 0.33174603174603173 0.014285714285714285 0.047619047619047616
2 0.6103896103896104 0.33650793650793653 0.02077922077922078 0.047619047619047616
1 0.4857142857142857 0.3142857142857143 0.045454545454545456 0.07936507936507936
2 0.5012987012987012 0.3412698412698413 0.015584415584415584 0.04126984126984127
1 0.525974025974026 0.28888888888888886 0.04285714285714286 0.05714285714285714
2 0.5558441558441558 0.29523809523809524 0.025974025974025976 0.03968253968253968
2 0.5675324675324676 0.2968253968253968 0.01948051948051948 0.05238095238095238
1 0.5662337662337662 0.2634920634920635 0.032467532467532464 0.07142857142857142
2 0.5909090909090909 0.28888888888888886 0.012987012987012988 0.04126984126984127
1 0.4948051948051948 0.2222222222222222 0.01948051948051948 0.03492063492063492
1 0.4636363636363636 0.17936507936507937 0.01818181818181818 0.047619047619047616
1 0.4727272727272727 0.2 0.02207792207792208 0.03333333333333333
1 0.5064935064935064 0.2126984126984127 0.01818181818181818 0.031746031746031744
2 0.4974025974025974 0.19365079365079366 0.011688311688311689 0.0380952380952381
1 0.4844155844155844 0.26666666666666666 0.024675324675324677 0.0380952380952381
1 0.5103896103896104 0.18095238095238095 0.023376623376623377 0.050793650793650794
2 0.5181818181818182 0.2015873015873016 0.007792207792207792 0.025396825396825397
1 0.538961038961039 0.23015873015873015 0.01818181818181818 0.044444444444444446
2 0.5285714285714286 0.20952380952380953 0.011688311688311689 0.020634920634920634
2 0.5337662337662338 0.19682539682539682 0.01038961038961039 0.01904761904761905
2 0.5454545454545454 0.1984126984126984 0.015584415584415584 0.014285714285714285
2 0.4857142857142857 0.19206349206349208 0.01038961038961039 0.023809523809523808
1 0.474025974025974 0.2507936507936508 0.03766233766233766 0.06190476190476191
2 0.4753246753246753 0.16507936507936508 0.00909090909090909 0.026984126984126985
2 0.4792207792207792 0.16825396825396827 0.007792207792207792 0.026984126984126985
2 0.5 0.16825396825396827 0.01038961038961039 0.031746031746031744
2 0.5064935064935064 0.14603174603174604 0.01038961038961039 0.031746031746031744
1 0.4753246753246753 0.1365079365079365 0.01818181818181818 0.025396825396825397
2 0.4883116883116883 0.13015873015873017 0.01038961038961039 0.02857142857142857
1 0.461038961038961 0.11587301587301588 0.016883116883116882 0.03333333333333333
2 0.5064935064935064 0.12857142857142856 0.00909090909090909 0.01746031746031746
2 0.4649350649350649 0.14285714285714285 0.007792207792207792 0.01904761904761905
1 0.7311688311688311 0.9412698412698413 0.08051948051948052 0.11746031746031746
1 0.5662337662337662 0.8825396825396825 0.07662337662337662 0.23492063492063492
1 0.6857142857142857 0.8095238095238095 0.10909090909090909 0.22857142857142856
1 0.8168831168831169 0.7904761904761904 0.14675324675324675 0.2365079365079365
1 0.6207792207792208 0.626984126984127 0.07662337662337662 0.1523809523809524
1 0.5415584415584416 0.6746031746031746 0.08311688311688312 0.1746031746031746
1 0.4766233766233766 0.10476190476190476 0.00909090909090909 0.026984126984126985
1 0.4935064935064935 0.11587301587301588 0.00909090909090909 0.023809523809523808