2 0.8220779220779221 0.9761904761904762 0.048051948051948054 0.046031746031746035
2 0.6662337662337663 0.45396825396825397 0.02857142857142857 0.0873015873015873
2 0.5766233766233766 0.3825396825396825 0.025974025974025976 0.08095238095238096
2 0.5324675324675324 0.24126984126984127 0.014285714285714285 0.044444444444444446
1 0.5948051948051948 0.6888888888888889 0.09220779220779221 0.20634920634920634
1 0.43636363636363634 0.1619047619047619 0.02077922077922078 0.0380952380952381
3 0.4662337662337662 0.30793650793650795 0.046753246753246755 0.11428571428571428
3 0.4896103896103896 0.2222222222222222 0.03766233766233766 0.07936507936507936
3 0.4636363636363636 0.1492063492063492 0.02857142857142857 0.06507936507936508
3 0.461038961038961 0.10317460317460317 0.011688311688311689 0.025396825396825397
3 0.4688311688311688 0.0873015873015873 0.011688311688311689 0.023809523809523808
2 0.4597402597402597 0.22698412698412698 0.011688311688311689 0.04126984126984127
2 0.44545454545454544 0.2 0.012987012987012988 0.03650793650793651
2 0.43636363636363634 0.11904761904761904 0.007792207792207792 0.025396825396825397
2 0.44545454545454544 0.11587301587301588 0.007792207792207792 0.025396825396825397
2 0.44935064935064933 0.09841269841269841 0.006493506493506494 0.01746031746031746
2 0.4805194805194805 0.14761904761904762 0.006493506493506494 0.03015873015873016
2 0.4766233766233766 0.12857142857142856 0.007792207792207792 0.01904761904761905
2 0.4675324675324675 0.09682539682539683 0.00909090909090909 0.01746031746031746