2 0.6545454545454545 0.9619047619047619 0.046753246753246755 0.0761904761904762
2 0.7441558441558441 0.6603174603174603 0.04025974025974026 0.1253968253968254
2 0.4896103896103896 0.2523809523809524 0.015584415584415584 0.050793650793650794
2 0.5298701298701298 0.22857142857142856 0.012987012987012988 0.044444444444444446
2 0.5116883116883116 0.17142857142857143 0.01038961038961039 0.03492063492063492
2 0.5077922077922078 0.14285714285714285 0.006493506493506494 0.025396825396825397
2 0.4844155844155844 0.12380952380952381 0.007792207792207792 0.020634920634920634
2 0.4948051948051948 0.10317460317460317 0.005194805194805195 0.014285714285714285
2 0.5012987012987012 0.10793650793650794 0.005194805194805195 0.011111111111111112
2 0.5051948051948052 0.10158730158730159 0.005194805194805195 0.015873015873015872
2 0.5 0.1 0.006493506493506494 0.015873015873015872
2 0.5298701298701298 0.20317460317460317 0.015584415584415584 0.03015873015873016
2 0.474025974025974 0.10634920634920635 0.006493506493506494 0.01746031746031746
1 0.4701298701298701 0.12222222222222222 0.012987012987012988 0.03015873015873016
1 0.4896103896103896 0.10952380952380952 0.015584415584415584 0.022222222222222223
1 0.4948051948051948 0.13174603174603175 0.016883116883116882 0.03015873015873016
1 0.5454545454545454 0.30634920634920637 0.04155844155844156 0.07142857142857142