3 0.5948051948051948 0.44761904761904764 0.08441558441558442 0.2
1 0.5857142857142857 0.9571428571428572 0.08961038961038961 0.08412698412698413
1 0.7285714285714285 0.9761904761904762 0.11428571428571428 0.046031746031746035
1 0.6948051948051948 0.8095238095238095 0.0987012987012987 0.22380952380952382
1 0.6363636363636364 0.6444444444444445 0.07792207792207792 0.14285714285714285
1 0.5493506493506494 0.6730158730158731 0.07662337662337662 0.1984126984126984
1 0.509090909090909 0.4126984126984127 0.053246753246753244 0.08253968253968254
1 0.5662337662337662 0.3126984126984127 0.03896103896103896 0.05714285714285714
1 0.4818181818181818 0.10793650793650794 0.00909090909090909 0.015873015873015872
2 0.4922077922077922 0.09523809523809523 0.0025974025974025974 0.012698412698412698
2 0.4766233766233766 0.10317460317460317 0.003896103896103896 0.015873015873015872
2 0.4987012987012987 0.1126984126984127 0.006493506493506494 0.01746031746031746
2 0.4714285714285714 0.14126984126984127 0.006493506493506494 0.026984126984126985
2 0.4896103896103896 0.13333333333333333 0.007792207792207792 0.01904761904761905
2 0.4831168831168831 0.14603174603174604 0.007792207792207792 0.020634920634920634
2 0.4883116883116883 0.17142857142857143 0.00909090909090909 0.025396825396825397
2 0.4974025974025974 0.1634920634920635 0.005194805194805195 0.023809523809523808
2 0.5116883116883116 0.18888888888888888 0.011688311688311689 0.03650793650793651
2 0.522077922077922 0.2111111111111111 0.00909090909090909 0.031746031746031744
2 0.5571428571428572 0.26031746031746034 0.00909090909090909 0.03650793650793651
2 0.5792207792207792 0.28888888888888886 0.012987012987012988 0.0380952380952381
2 0.6038961038961039 0.32857142857142857 0.01818181818181818 0.05238095238095238
2 0.6948051948051948 0.5365079365079365 0.024675324675324677 0.1
2 0.5506493506493506 0.553968253968254 0.02207792207792208 0.06984126984126984
2 0.6831168831168831 0.6396825396825396 0.02077922077922078 0.10952380952380952
2 0.7077922077922078 0.6888888888888889 0.02077922077922078 0.1111111111111111
2 0.7441558441558441 0.6730158730158731 0.02727272727272727 0.07301587301587302
2 0.7428571428571429 0.7746031746031746 0.02727272727272727 0.11428571428571428
2 0.8012987012987013 0.7253968253968254 0.04415584415584416 0.11587301587301588
2 0.7857142857142857 0.8015873015873016 0.03636363636363636 0.0746031746031746
2 0.5038961038961038 0.7492063492063492 0.04025974025974026 0.09047619047619047
2 0.5155844155844156 0.8698412698412699 0.046753246753246755 0.1380952380952381
2 0.5792207792207792 0.8365079365079365 0.07792207792207792 0.1619047619047619
2 0.7701298701298701 0.8682539682539683 0.032467532467532464 0.1349206349206349
2 0.8298701298701299 0.9063492063492063 0.053246753246753244 0.173015873015873
2 0.8064935064935065 0.9571428571428572 0.03896103896103896 0.08412698412698413
2 0.8922077922077922 0.9666666666666667 0.05974025974025974 0.06666666666666667