2 0.6610389610389611 0.9174603174603174 0.04935064935064935 0.16507936507936508
2 0.7168831168831169 0.9126984126984127 0.053246753246753244 0.1746031746031746
2 0.8649350649350649 0.8920634920634921 0.07012987012987013 0.17142857142857143
2 0.7077922077922078 0.6095238095238096 0.046753246753246755 0.13333333333333333
2 0.5792207792207792 0.5412698412698412 0.04155844155844156 0.12698412698412698
2 0.5961038961038961 0.4174603174603175 0.03506493506493506 0.10476190476190476
2 0.5714285714285714 0.319047619047619 0.02987012987012987 0.0761904761904762
2 0.6207792207792208 0.3476190476190476 0.033766233766233764 0.08253968253968254
2 0.5077922077922078 0.32063492063492066 0.03506493506493506 0.09682539682539683
2 0.4831168831168831 0.2396825396825397 0.02857142857142857 0.05873015873015873
2 0.5285714285714286 0.22857142857142856 0.01818181818181818 0.05396825396825397
2 0.564935064935065 0.2507936507936508 0.023376623376623377 0.050793650793650794
2 0.5142857142857142 0.18412698412698414 0.016883116883116882 0.046031746031746035
2 0.4714285714285714 0.18095238095238095 0.015584415584415584 0.05555555555555555
2 0.474025974025974 0.15079365079365079 0.01818181818181818 0.03968253968253968
2 0.5025974025974026 0.11904761904761904 0.007792207792207792 0.022222222222222223
2 0.4987012987012987 0.10158730158730159 0.006493506493506494 0.01746031746031746
2 0.5051948051948052 0.10158730158730159 0.005194805194805195 0.022222222222222223
0 0.4883116883116883 0.09523809523809523 0.02207792207792208 0.04285714285714286
1 0.8272727272727273 0.9682539682539683 0.12727272727272726 0.06349206349206349