2 0.9324675324675324 0.9746031746031746 0.09090909090909091 0.049206349206349205
2 0.5116883116883116 0.20952380952380953 0.012987012987012988 0.044444444444444446
2 0.4792207792207792 0.16031746031746033 0.01038961038961039 0.025396825396825397
1 0.4649350649350649 0.18095238095238095 0.02077922077922078 0.0380952380952381
2 0.4649350649350649 0.1523809523809524 0.00909090909090909 0.020634920634920634
2 0.43506493506493504 0.1111111111111111 0.011688311688311689 0.022222222222222223
2 0.43636363636363634 0.09841269841269841 0.01038961038961039 0.015873015873015872
1 0.44935064935064933 0.11904761904761904 0.012987012987012988 0.023809523809523808
2 0.44675324675324674 0.10317460317460317 0.006493506493506494 0.014285714285714285
2 0.43636363636363634 0.0873015873015873 0.01038961038961039 0.01904761904761905
2 0.4597402597402597 0.1 0.00909090909090909 0.020634920634920634
2 0.45064935064935063 0.09365079365079365 0.006493506493506494 0.012698412698412698
2 0.4688311688311688 0.07777777777777778 0.00909090909090909 0.014285714285714285
2 0.4701298701298701 0.08888888888888889 0.007792207792207792 0.014285714285714285
2 0.4649350649350649 0.0873015873015873 0.005194805194805195 0.015873015873015872
1 0.4675324675324675 0.12857142857142856 0.016883116883116882 0.026984126984126985
1 0.4844155844155844 0.1253968253968254 0.01818181818181818 0.026984126984126985
1 0.4922077922077922 0.3634920634920635 0.04415584415584416 0.07936507936507936