1 0.7922077922077922 0.8825396825396825 0.09220779220779221 0.23492063492063492
1 0.5428571428571428 0.6317460317460317 0.07012987012987013 0.15555555555555556
3 0.5363636363636364 0.4444444444444444 0.05844155844155844 0.1761904761904762
1 0.5961038961038961 0.4444444444444444 0.03766233766233766 0.10158730158730159
1 0.5051948051948052 0.25555555555555554 0.025974025974025976 0.046031746031746035
3 0.535064935064935 0.19523809523809524 0.02207792207792208 0.06031746031746032
3 0.4688311688311688 0.20634920634920634 0.01818181818181818 0.047619047619047616
1 0.4987012987012987 0.22063492063492063 0.015584415584415584 0.03015873015873016
1 0.4896103896103896 0.1873015873015873 0.011688311688311689 0.026984126984126985
1 0.4675324675324675 0.15079365079365079 0.011688311688311689 0.02857142857142857
1 0.4675324675324675 0.13015873015873017 0.00909090909090909 0.01904761904761905
1 0.4857142857142857 0.1365079365079365 0.007792207792207792 0.01746031746031746
3 0.4974025974025974 0.09682539682539683 0.007792207792207792 0.015873015873015872
2 0.525974025974026 0.23809523809523808 0.011688311688311689 0.044444444444444446
2 0.474025974025974 0.26666666666666666 0.012987012987012988 0.04285714285714286
2 0.5441558441558442 0.2873015873015873 0.012987012987012988 0.05238095238095238
2 0.5558441558441558 0.273015873015873 0.01038961038961039 0.044444444444444446
2 0.8857142857142857 0.8920634920634921 0.04285714285714286 0.14761904761904762
2 0.7194805194805195 0.9174603174603174 0.04025974025974026 0.14444444444444443
2 0.6428571428571429 0.8634920634920635 0.03506493506493506 0.14603174603174604
2 0.674025974025974 0.8333333333333334 0.03636363636363636 0.14444444444444443
2 0.6467532467532467 0.7158730158730159 0.033766233766233764 0.12857142857142856
2 0.6857142857142857 0.7126984126984127 0.024675324675324677 0.11746031746031746
2 0.6935064935064935 0.6507936507936508 0.025974025974025976 0.10317460317460317
2 0.7337662337662337 0.626984126984127 0.02727272727272727 0.09206349206349207
2 0.7233766233766233 0.5777777777777777 0.02727272727272727 0.09047619047619047
2 0.6337662337662338 0.5793650793650794 0.02857142857142857 0.10476190476190476
2 0.6701298701298701 0.5523809523809524 0.02207792207792208 0.09523809523809523
2 0.6909090909090909 0.5206349206349207 0.025974025974025976 0.1126984126984127
2 0.7558441558441559 0.7158730158730159 0.024675324675324677 0.1111111111111111
2 0.7922077922077922 0.6968253968253968 0.032467532467532464 0.11904761904761904
2 0.8220779220779221 0.7904761904761904 0.032467532467532464 0.12063492063492064
2 0.6454545454545455 0.4634920634920635 0.01948051948051948 0.07936507936507936
2 0.6558441558441559 0.41904761904761906 0.02207792207792208 0.08412698412698413
2 0.638961038961039 0.42063492063492064 0.01948051948051948 0.06507936507936508
2 0.6155844155844156 0.42063492063492064 0.016883116883116882 0.08095238095238096
2 0.6233766233766234 0.3873015873015873 0.015584415584415584 0.06825396825396825
2 0.6298701298701299 0.36984126984126986 0.016883116883116882 0.06507936507936508
2 0.5974025974025974 0.38095238095238093 0.016883116883116882 0.049206349206349205
2 0.5805194805194805 0.3476190476190476 0.01818181818181818 0.06666666666666667
2 0.5961038961038961 0.3380952380952381 0.012987012987012988 0.05396825396825397
2 0.612987012987013 0.3396825396825397 0.016883116883116882 0.06031746031746032
2 0.5974025974025974 0.30317460317460315 0.015584415584415584 0.050793650793650794
2 0.5753246753246753 0.3047619047619048 0.014285714285714285 0.049206349206349205
2 0.512987012987013 0.21587301587301588 0.011688311688311689 0.03333333333333333
2 0.4831168831168831 0.16984126984126985 0.00909090909090909 0.025396825396825397
1 0.4636363636363636 0.1746031746031746 0.016883116883116882 0.01904761904761905
2 0.4779220779220779 0.1349206349206349 0.005194805194805195 0.020634920634920634
2 0.4805194805194805 0.12380952380952381 0.003896103896103896 0.015873015873015872
2 0.4779220779220779 0.10634920634920635 0.003896103896103896 0.01746031746031746
2 0.4857142857142857 0.10476190476190476 0.005194805194805195 0.015873015873015872
2 0.4896103896103896 0.10317460317460317 0.003896103896103896 0.015873015873015872
2 0.4922077922077922 0.11587301587301588 0.005194805194805195 0.015873015873015872
2 0.5012987012987012 0.10634920634920635 0.003896103896103896 0.014285714285714285
2 0.5064935064935064 0.10634920634920635 0.0025974025974025974 0.014285714285714285
1 0.5103896103896104 0.09682539682539683 0.006493506493506494 0.014285714285714285
2 0.4948051948051948 0.19682539682539682 0.007792207792207792 0.020634920634920634
2 0.5038961038961038 0.17777777777777778 0.007792207792207792 0.03492063492063492
2 0.4844155844155844 0.15079365079365079 0.00909090909090909 0.023809523809523808
2 0.4922077922077922 0.14444444444444443 0.006493506493506494 0.020634920634920634
2 0.4922077922077922 0.1634920634920635 0.007792207792207792 0.020634920634920634
2 0.5025974025974026 0.1365079365079365 0.007792207792207792 0.01904761904761905
2 0.5012987012987012 0.15079365079365079 0.007792207792207792 0.01904761904761905
2 0.5181818181818182 0.15555555555555556 0.007792207792207792 0.022222222222222223
2 0.5103896103896104 0.1761904761904762 0.007792207792207792 0.031746031746031744
2 0.4948051948051948 0.12380952380952381 0.006493506493506494 0.01904761904761905
2 0.5012987012987012 0.12380952380952381 0.005194805194805195 0.01904761904761905
2 0.5103896103896104 0.10317460317460317 0.003896103896103896 0.015873015873015872
2 0.509090909090909 0.19682539682539682 0.007792207792207792 0.031746031746031744