2 0.5805194805194805 0.8698412698412699 0.04415584415584416 0.16984126984126985
2 0.6376623376623377 0.819047619047619 0.045454545454545456 0.1619047619047619
2 0.5935064935064935 0.6777777777777778 0.03636363636363636 0.1492063492063492
2 0.6961038961038961 0.7031746031746032 0.033766233766233764 0.15555555555555556
2 0.8493506493506493 0.9412698412698413 0.045454545454545456 0.11746031746031746
2 0.9298701298701298 0.9492063492063492 0.05974025974025974 0.1
2 0.8662337662337662 0.8571428571428571 0.05454545454545454 0.16031746031746033
2 0.7675324675324675 0.7666666666666667 0.03506493506493506 0.14444444444444443
2 0.7441558441558441 0.6666666666666666 0.02857142857142857 0.10952380952380952
2 0.7883116883116883 0.692063492063492 0.03636363636363636 0.12063492063492064
2 0.7285714285714285 0.5920634920634921 0.02987012987012987 0.09047619047619047
2 0.6701298701298701 0.4857142857142857 0.016883116883116882 0.08571428571428572
2 0.6077922077922078 0.4587301587301587 0.014285714285714285 0.07301587301587302
2 0.6402597402597403 0.44126984126984126 0.016883116883116882 0.07777777777777778
2 0.6116883116883117 0.4095238095238095 0.011688311688311689 0.05873015873015873
2 0.6311688311688312 0.3873015873015873 0.014285714285714285 0.06507936507936508
2 0.6064935064935065 0.373015873015873 0.016883116883116882 0.05873015873015873
2 0.6207792207792208 0.3523809523809524 0.016883116883116882 0.05396825396825397
1 0.5922077922077922 0.31746031746031744 0.03766233766233766 0.08095238095238096
2 0.6116883116883117 0.3253968253968254 0.011688311688311689 0.04126984126984127
1 0.4974025974025974 0.3634920634920635 0.04155844155844156 0.06825396825396825
2 0.5116883116883116 0.346031746031746 0.015584415584415584 0.05873015873015873
2 0.4766233766233766 0.30317460317460315 0.012987012987012988 0.050793650793650794
2 0.4961038961038961 0.3047619047619048 0.011688311688311689 0.03492063492063492
2 0.4714285714285714 0.2650793650793651 0.015584415584415584 0.03650793650793651
1 0.5285714285714286 0.29365079365079366 0.032467532467532464 0.0761904761904762
2 0.5402597402597402 0.25555555555555554 0.012987012987012988 0.03650793650793651
2 0.5662337662337662 0.25873015873015875 0.01038961038961039 0.049206349206349205
2 0.5584415584415584 0.24444444444444444 0.014285714285714285 0.044444444444444446
2 0.5428571428571428 0.21904761904761905 0.006493506493506494 0.03015873015873016
2 0.5155844155844156 0.18888888888888888 0.00909090909090909 0.025396825396825397
1 0.525974025974026 0.20952380952380953 0.02077922077922078 0.04285714285714286
2 0.5363636363636364 0.19365079365079366 0.01038961038961039 0.03333333333333333
2 0.5233766233766234 0.18253968253968253 0.005194805194805195 0.026984126984126985
2 0.4857142857142857 0.19047619047619047 0.014285714285714285 0.03333333333333333
1 0.4636363636363636 0.18571428571428572 0.01818181818181818 0.03968253968253968
2 0.4831168831168831 0.16507936507936508 0.00909090909090909 0.020634920634920634
2 0.45584415584415583 0.16031746031746033 0.006493506493506494 0.026984126984126985
2 0.4753246753246753 0.15714285714285714 0.00909090909090909 0.01904761904761905
1 0.4805194805194805 0.1349206349206349 0.014285714285714285 0.022222222222222223
1 0.4636363636363636 0.13968253968253969 0.016883116883116882 0.022222222222222223
1 0.4636363636363636 0.12380952380952381 0.011688311688311689 0.011111111111111112
3 0.4662337662337662 0.10634920634920635 0.015584415584415584 0.03015873015873016
2 0.4766233766233766 0.11428571428571428 0.005194805194805195 0.012698412698412698
1 0.4922077922077922 0.15873015873015872 0.011688311688311689 0.025396825396825397
1 0.4935064935064935 0.1380952380952381 0.012987012987012988 0.01904761904761905
2 0.5038961038961038 0.12857142857142856 0.007792207792207792 0.022222222222222223
1 0.7454545454545455 0.8873015873015873 0.13766233766233765 0.2253968253968254
1 0.4831168831168831 0.25555555555555554 0.02727272727272727 0.046031746031746035
1 0.512987012987013 0.22698412698412698 0.025974025974025976 0.044444444444444446
1 0.474025974025974 0.21904761904761905 0.025974025974025976 0.0380952380952381
1 0.509090909090909 0.15873015873015872 0.014285714285714285 0.023809523809523808
1 0.4948051948051948 0.12222222222222222 0.011688311688311689 0.012698412698412698
1 0.4922077922077922 0.10634920634920635 0.006493506493506494 0.011111111111111112
3 0.5194805194805194 0.47619047619047616 0.08051948051948052 0.18412698412698414
3 0.5532467532467532 0.34285714285714286 0.05584415584415584 0.13333333333333333
3 0.4831168831168831 0.08571428571428572 0.015584415584415584 0.023809523809523808