1 0.6194805194805195 0.9650793650793651 0.09610389610389611 0.06825396825396825
1 0.7376623376623377 0.8809523809523809 0.13376623376623376 0.23809523809523808
1 0.564935064935065 0.8333333333333334 0.09480519480519481 0.23174603174603176
2 0.5974025974025974 0.746031746031746 0.03506493506493506 0.1380952380952381
2 0.6064935064935065 0.6857142857142857 0.02987012987012987 0.11904761904761904
2 0.9363636363636364 0.9492063492063492 0.045454545454545456 0.10158730158730159
2 0.9792207792207792 0.9476190476190476 0.04025974025974026 0.10476190476190476
2 0.8194805194805195 0.7698412698412699 0.03636363636363636 0.0746031746031746
2 0.7675324675324675 0.8031746031746032 0.032467532467532464 0.12380952380952381
2 0.787012987012987 0.7380952380952381 0.02987012987012987 0.13333333333333333
2 0.7597402597402597 0.7174603174603175 0.02727272727272727 0.0873015873015873
2 0.7519480519480519 0.6634920634920635 0.02987012987012987 0.05396825396825397
2 0.7493506493506493 0.626984126984127 0.02987012987012987 0.06984126984126984
2 0.7246753246753247 0.7142857142857143 0.02987012987012987 0.09682539682539683
1 0.6701298701298701 0.7126984126984127 0.1038961038961039 0.21587301587301588
2 0.7142857142857143 0.6603174603174603 0.02857142857142857 0.09047619047619047
2 0.6831168831168831 0.5952380952380952 0.03116883116883117 0.09206349206349207
2 0.7090909090909091 0.6142857142857143 0.02857142857142857 0.07142857142857142
2 0.6818181818181818 0.5412698412698412 0.02987012987012987 0.06984126984126984
1 0.8506493506493507 0.8936507936507937 0.14025974025974025 0.2126984126984127
1 0.5428571428571428 0.6396825396825396 0.07792207792207792 0.16984126984126985
1 0.6311688311688312 0.5523809523809524 0.06883116883116883 0.14285714285714285
2 0.6233766233766234 0.46825396825396826 0.015584415584415584 0.03492063492063492
1 0.525974025974026 0.5412698412698412 0.06493506493506493 0.11587301587301588
2 0.6246753246753247 0.4380952380952381 0.015584415584415584 0.05555555555555555
1 0.6649350649350649 0.4857142857142857 0.06233766233766234 0.12698412698412698
2 0.6051948051948052 0.3952380952380952 0.01038961038961039 0.06666666666666667
2 0.6155844155844156 0.40634920634920635 0.015584415584415584 0.06031746031746032
1 0.6415584415584416 0.3968253968253968 0.048051948051948054 0.07936507936507936
2 0.6441558441558441 0.4253968253968254 0.01948051948051948 0.01746031746031746
2 0.5376623376623376 0.4301587301587302 0.01818181818181818 0.06507936507936508
1 0.5714285714285714 0.3984126984126984 0.05064935064935065 0.0761904761904762
2 0.5545454545454546 0.4222222222222222 0.01818181818181818 0.05714285714285714
1 0.5818181818181818 0.4746031746031746 0.05454545454545454 0.13174603174603175
2 0.4831168831168831 0.4396825396825397 0.01818181818181818 0.08095238095238096
2 0.4844155844155844 0.3984126984126984 0.014285714285714285 0.03968253968253968
2 0.4987012987012987 0.4095238095238095 0.016883116883116882 0.046031746031746035
2 0.487012987012987 0.3619047619047619 0.014285714285714285 0.047619047619047616
2 0.4831168831168831 0.3746031746031746 0.01948051948051948 0.0380952380952381
2 0.4792207792207792 0.3380952380952381 0.015584415584415584 0.05714285714285714
2 0.4961038961038961 0.3412698412698413 0.015584415584415584 0.06190476190476191
1 0.5194805194805194 0.373015873015873 0.03636363636363636 0.0761904761904762
2 0.5051948051948052 0.32857142857142857 0.015584415584415584 0.03333333333333333
2 0.587012987012987 0.35555555555555557 0.016883116883116882 0.049206349206349205
2 0.6168831168831169 0.35714285714285715 0.015584415584415584 0.05238095238095238
2 0.6064935064935065 0.33174603174603173 0.01038961038961039 0.044444444444444446
2 0.6233766233766234 0.34285714285714286 0.012987012987012988 0.0380952380952381
2 0.6337662337662338 0.35079365079365077 0.01038961038961039 0.023809523809523808
2 0.6142857142857143 0.31746031746031744 0.01038961038961039 0.03492063492063492
2 0.625974025974026 0.3253968253968254 0.01038961038961039 0.02857142857142857
2 0.5727272727272728 0.33015873015873015 0.01038961038961039 0.03492063492063492
1 0.5415584415584416 0.319047619047619 0.03896103896103896 0.05873015873015873
2 0.5532467532467532 0.28253968253968254 0.01038961038961039 0.026984126984126985
2 0.5701298701298702 0.2873015873015873 0.007792207792207792 0.03492063492063492
2 0.5909090909090909 0.29523809523809524 0.01038961038961039 0.03492063492063492
2 0.5987012987012987 0.3047619047619048 0.011688311688311689 0.026984126984126985
2 0.6051948051948052 0.30158730158730157 0.011688311688311689 0.03015873015873016
2 0.5714285714285714 0.30793650793650795 0.011688311688311689 0.031746031746031744
2 0.5844155844155844 0.28253968253968254 0.007792207792207792 0.025396825396825397
2 0.5155844155844156 0.2746031746031746 0.00909090909090909 0.03333333333333333
1 0.5324675324675324 0.2920634920634921 0.02857142857142857 0.05714285714285714
2 0.5194805194805194 0.273015873015873 0.005194805194805195 0.03333333333333333
2 0.5298701298701298 0.25555555555555554 0.00909090909090909 0.026984126984126985
2 0.5792207792207792 0.2714285714285714 0.01038961038961039 0.03015873015873016
3 0.4896103896103896 0.2619047619047619 0.048051948051948054 0.12698412698412698
2 0.5103896103896104 0.24603174603174602 0.007792207792207792 0.023809523809523808
2 0.5168831168831168 0.2507936507936508 0.00909090909090909 0.023809523809523808
2 0.548051948051948 0.24761904761904763 0.007792207792207792 0.02857142857142857
2 0.5571428571428572 0.25396825396825395 0.007792207792207792 0.023809523809523808
2 0.5597402597402598 0.24444444444444444 0.007792207792207792 0.025396825396825397
2 0.5714285714285714 0.24444444444444444 0.007792207792207792 0.02857142857142857
2 0.5688311688311688 0.22857142857142856 0.007792207792207792 0.023809523809523808
2 0.5532467532467532 0.22380952380952382 0.011688311688311689 0.022222222222222223
2 0.5636363636363636 0.2222222222222222 0.007792207792207792 0.022222222222222223
1 0.548051948051948 0.20317460317460317 0.007792207792207792 0.01904761904761905
2 0.548051948051948 0.20952380952380953 0.006493506493506494 0.020634920634920634
2 0.5558441558441558 0.21428571428571427 0.006493506493506494 0.020634920634920634
2 0.461038961038961 0.22857142857142856 0.00909090909090909 0.0380952380952381
2 0.45454545454545453 0.21428571428571427 0.007792207792207792 0.03015873015873016
2 0.45194805194805193 0.19523809523809524 0.003896103896103896 0.01904761904761905
2 0.4792207792207792 0.19206349206349208 0.00909090909090909 0.015873015873015872
2 0.5181818181818182 0.21587301587301588 0.007792207792207792 0.03492063492063492
1 0.5285714285714286 0.24603174603174602 0.023376623376623377 0.031746031746031744
2 0.5194805194805194 0.19365079365079366 0.007792207792207792 0.01904761904761905
1 0.5324675324675324 0.21587301587301588 0.025974025974025976 0.047619047619047616
2 0.5337662337662338 0.19047619047619047 0.005194805194805195 0.014285714285714285
2 0.5415584415584416 0.19047619047619047 0.00909090909090909 0.01904761904761905
2 0.5467532467532468 0.19047619047619047 0.007792207792207792 0.022222222222222223
2 0.4727272727272727 0.13333333333333333 0.007792207792207792 0.022222222222222223
2 0.4779220779220779 0.13333333333333333 0.005194805194805195 0.01904761904761905
1 0.4857142857142857 0.11746031746031746 0.011688311688311689 0.01904761904761905
2 0.4805194805194805 0.10476190476190476 0.006493506493506494 0.01746031746031746
2 0.487012987012987 0.1 0.005194805194805195 0.01746031746031746
3 0.5012987012987012 0.19365079365079366 0.03116883116883117 0.06190476190476191
1 0.4974025974025974 0.15714285714285714 0.024675324675324677 0.03650793650793651
1 0.4883116883116883 0.1380952380952381 0.01038961038961039 0.01746031746031746
1 0.4935064935064935 0.1365079365079365 0.012987012987012988 0.01904761904761905
2 0.4935064935064935 0.12698412698412698 0.005194805194805195 0.014285714285714285
2 0.4961038961038961 0.11587301587301588 0.006493506493506494 0.01746031746031746
2 0.4935064935064935 0.10793650793650794 0.005194805194805195 0.01904761904761905
2 0.4961038961038961 0.10476190476190476 0.005194805194805195 0.014285714285714285
2 0.4987012987012987 0.13174603174603175 0.006493506493506494 0.011111111111111112
2 0.5012987012987012 0.11904761904761904 0.006493506493506494 0.01904761904761905
2 0.5051948051948052 0.10476190476190476 0.006493506493506494 0.01746031746031746
2 0.5025974025974026 0.10158730158730159 0.003896103896103896 0.014285714285714285
2 0.5077922077922078 0.1 0.005194805194805195 0.014285714285714285
1 0.4584415584415584 0.15079365079365079 0.015584415584415584 0.022222222222222223
1 0.4623376623376623 0.1873015873015873 0.02077922077922078 0.01904761904761905
1 0.461038961038961 0.16825396825396827 0.015584415584415584 0.01746031746031746
1 0.4675324675324675 0.15396825396825398 0.012987012987012988 0.01904761904761905
2 0.4649350649350649 0.1349206349206349 0.007792207792207792 0.014285714285714285
1 0.512987012987013 0.14444444444444443 0.016883116883116882 0.02857142857142857
2 0.4727272727272727 0.17142857142857143 0.006493506493506494 0.023809523809523808
1 0.4675324675324675 0.20476190476190476 0.01818181818181818 0.03650793650793651
2 0.4766233766233766 0.17777777777777778 0.006493506493506494 0.023809523809523808
1 0.4805194805194805 0.16984126984126985 0.012987012987012988 0.031746031746031744
1 0.5194805194805194 0.17777777777777778 0.01948051948051948 0.031746031746031744
1 0.5285714285714286 0.18412698412698414 0.015584415584415584 0.01746031746031746