1 0.7974025974025974 0.9809523809523809 0.10779220779220779 0.0380952380952381
1 0.551948051948052 0.7492063492063492 0.08051948051948052 0.24444444444444444
1 0.5376623376623376 0.28253968253968254 0.04285714285714286 0.07301587301587302
1 0.5077922077922078 0.24603174603174602 0.032467532467532464 0.050793650793650794
0 0.4974025974025974 0.14761904761904762 0.023376623376623377 0.05714285714285714
1 0.4961038961038961 0.10952380952380952 0.014285714285714285 0.01746031746031746
1 0.5025974025974026 0.09365079365079365 0.015584415584415584 0.01904761904761905
1 0.5142857142857142 0.0873015873015873 0.01038961038961039 0.01904761904761905
2 0.4727272727272727 0.11746031746031746 0.01038961038961039 0.020634920634920634
2 0.4649350649350649 0.1365079365079365 0.016883116883116882 0.022222222222222223
2 0.4688311688311688 0.14285714285714285 0.005194805194805195 0.02857142857142857
2 0.4753246753246753 0.14761904761904762 0.00909090909090909 0.022222222222222223
2 0.5077922077922078 0.14603174603174604 0.007792207792207792 0.023809523809523808
2 0.5038961038961038 0.11904761904761904 0.006493506493506494 0.014285714285714285
2 0.4922077922077922 0.11428571428571428 0.007792207792207792 0.012698412698412698
2 0.474025974025974 0.16984126984126985 0.01038961038961039 0.031746031746031744
2 0.5194805194805194 0.16507936507936508 0.007792207792207792 0.03015873015873016
2 0.525974025974026 0.18095238095238095 0.01038961038961039 0.026984126984126985
2 0.4766233766233766 0.2396825396825397 0.01038961038961039 0.04126984126984127
2 0.5233766233766234 0.21587301587301588 0.005194805194805195 0.0380952380952381
2 0.5311688311688312 0.22857142857142856 0.007792207792207792 0.03968253968253968
2 0.5285714285714286 0.20317460317460317 0.005194805194805195 0.01746031746031746
2 0.5506493506493506 0.22698412698412698 0.01038961038961039 0.03492063492063492
2 0.6142857142857143 0.346031746031746 0.015584415584415584 0.06349206349206349
2 0.5883116883116883 0.5412698412698412 0.02207792207792208 0.10476190476190476
2 0.6363636363636364 0.5920634920634921 0.032467532467532464 0.11746031746031746