3 0.4896103896103896 0.26031746031746034 0.05584415584415584 0.12063492063492064
3 0.522077922077922 0.48253968253968255 0.05974025974025974 0.21746031746031746
3 0.5064935064935064 0.3746031746031746 0.04415584415584416 0.10476190476190476
2 0.6168831168831169 0.9111111111111111 0.03636363636363636 0.09523809523809523
2 0.6649350649350649 0.8920634920634921 0.03116883116883117 0.1365079365079365
2 0.6571428571428571 0.792063492063492 0.03506493506493506 0.12380952380952381
2 0.6298701298701299 0.7301587301587301 0.032467532467532464 0.13015873015873017
2 0.6116883116883117 0.6603174603174603 0.02857142857142857 0.10158730158730159
2 0.5987012987012987 0.6174603174603175 0.025974025974025976 0.07936507936507936
2 0.7207792207792207 0.6746031746031746 0.02727272727272727 0.09523809523809523
2 0.7181818181818181 0.9634920634920635 0.03506493506493506 0.07301587301587302
2 0.7051948051948052 0.873015873015873 0.03766233766233766 0.11428571428571428
2 0.6974025974025974 0.7761904761904762 0.02987012987012987 0.07936507936507936
2 0.674025974025974 0.7095238095238096 0.03506493506493506 0.09523809523809523
2 0.7363636363636363 0.7571428571428571 0.04935064935064935 0.10317460317460317
2 0.7324675324675325 0.834920634920635 0.05974025974025974 0.10158730158730159
2 0.7545454545454545 0.9285714285714286 0.033766233766233764 0.14285714285714285
2 0.7987012987012987 0.9396825396825397 0.033766233766233764 0.11428571428571428
2 0.7818181818181819 0.8396825396825397 0.025974025974025976 0.11587301587301588
2 0.7922077922077922 0.7746031746031746 0.02857142857142857 0.10476190476190476
2 0.8311688311688312 0.8507936507936508 0.03896103896103896 0.14603174603174604
2 0.8727272727272727 0.9111111111111111 0.03506493506493506 0.08571428571428572
2 0.8597402597402597 0.9650793650793651 0.03506493506493506 0.06507936507936508
2 0.9103896103896104 0.9476190476190476 0.03636363636363636 0.10476190476190476
2 0.5831168831168831 0.573015873015873 0.02857142857142857 0.0746031746031746
2 0.5714285714285714 0.5253968253968254 0.025974025974025976 0.05555555555555555
2 0.5623376623376624 0.47619047619047616 0.01818181818181818 0.05396825396825397
2 0.5961038961038961 0.4444444444444444 0.02857142857142857 0.03968253968253968
2 0.5818181818181818 0.4031746031746032 0.01818181818181818 0.06507936507936508
2 0.5909090909090909 0.4222222222222222 0.012987012987012988 0.03968253968253968
2 0.561038961038961 0.4031746031746032 0.01948051948051948 0.05555555555555555
2 0.551948051948052 0.42698412698412697 0.01818181818181818 0.047619047619047616
2 0.5428571428571428 0.39365079365079364 0.016883116883116882 0.03333333333333333
2 0.577922077922078 0.353968253968254 0.01038961038961039 0.03333333333333333
2 0.574025974025974 0.33650793650793653 0.012987012987012988 0.03492063492063492
2 0.5909090909090909 0.353968253968254 0.00909090909090909 0.044444444444444446
0 0.6649350649350649 0.4380952380952381 0.13246753246753246 0.273015873015873
2 0.6025974025974026 0.3603174603174603 0.00909090909090909 0.03492063492063492
2 0.5597402597402598 0.33650793650793653 0.016883116883116882 0.05238095238095238
2 0.561038961038961 0.2968253968253968 0.015584415584415584 0.0380952380952381
2 0.5974025974025974 0.3253968253968254 0.014285714285714285 0.026984126984126985
2 0.6051948051948052 0.30793650793650795 0.012987012987012988 0.03492063492063492
2 0.5909090909090909 0.2873015873015873 0.011688311688311689 0.03968253968253968
2 0.5701298701298702 0.2714285714285714 0.014285714285714285 0.04126984126984127
2 0.5766233766233766 0.25555555555555554 0.01038961038961039 0.03492063492063492
3 0.5324675324675324 0.21587301587301588 0.04415584415584416 0.06666666666666667
2 0.548051948051948 0.22857142857142856 0.011688311688311689 0.04126984126984127
2 0.4961038961038961 0.1984126984126984 0.014285714285714285 0.03015873015873016
2 0.5064935064935064 0.19365079365079366 0.01038961038961039 0.02857142857142857
2 0.512987012987013 0.1761904761904762 0.007792207792207792 0.012698412698412698
2 0.5064935064935064 0.16507936507936508 0.007792207792207792 0.026984126984126985
2 0.5194805194805194 0.16507936507936508 0.007792207792207792 0.022222222222222223
2 0.4961038961038961 0.16031746031746033 0.007792207792207792 0.01904761904761905
2 0.5 0.15396825396825398 0.005194805194805195 0.025396825396825397
1 0.4844155844155844 0.1126984126984127 0.00909090909090909 0.023809523809523808
1 0.4974025974025974 0.1253968253968254 0.012987012987012988 0.026984126984126985
2 0.4948051948051948 0.10952380952380952 0.0025974025974025974 0.011111111111111112
2 0.5012987012987012 0.10634920634920635 0.006493506493506494 0.01746031746031746
2 0.5051948051948052 0.09365079365079365 0.003896103896103896 0.007936507936507936
1 0.4688311688311688 0.11746031746031746 0.01038961038961039 0.020634920634920634
1 0.4831168831168831 0.18095238095238095 0.024675324675324677 0.04126984126984127
1 0.5311688311688312 0.2777777777777778 0.02207792207792208 0.05873015873015873
1 0.5428571428571428 0.34285714285714286 0.03506493506493506 0.05714285714285714
1 0.6025974025974026 0.5079365079365079 0.06493506493506493 0.0873015873015873
1 0.5415584415584416 0.6158730158730159 0.07012987012987013 0.16825396825396827
1 0.5662337662337662 0.753968253968254 0.08441558441558442 0.23015873015873015
1 0.6519480519480519 0.6095238095238096 0.08181818181818182 0.13333333333333333
1 0.6064935064935065 0.9809523809523809 0.08441558441558442 0.03650793650793651