1 0.5805194805194805 0.8492063492063492 0.10519480519480519 0.30158730158730157
1 0.5402597402597402 0.6587301587301587 0.1 0.17936507936507937
1 0.7545454545454545 0.9587301587301588 0.13896103896103895 0.08253968253968254
1 0.5883116883116883 0.5031746031746032 0.05974025974025974 0.14603174603174604
3 0.6519480519480519 0.6698412698412698 0.15584415584415584 0.36507936507936506
1 0.6649350649350649 0.48412698412698413 0.08961038961038961 0.12222222222222222
1 0.7636363636363637 0.7396825396825397 0.13506493506493505 0.21746031746031746
1 0.5753246753246753 0.4126984126984127 0.07272727272727272 0.10793650793650794
1 0.4948051948051948 0.4031746031746032 0.06363636363636363 0.09206349206349207
1 0.5571428571428572 0.3634920634920635 0.04935064935064935 0.07777777777777778
2 0.5051948051948052 0.3396825396825397 0.03116883116883117 0.05714285714285714
1 0.538961038961039 0.31746031746031744 0.05844155844155844 0.08412698412698413
1 0.487012987012987 0.2650793650793651 0.04415584415584416 0.049206349206349205
1 0.4922077922077922 0.1761904761904762 0.02727272727272727 0.04126984126984127
1 0.4675324675324675 0.14444444444444443 0.014285714285714285 0.03015873015873016
3 0.4896103896103896 0.09047619047619047 0.023376623376623377 0.03015873015873016
2 0.9207792207792208 0.780952380952381 0.07402597402597402 0.10476190476190476
2 0.861038961038961 0.7603174603174603 0.07792207792207792 0.12222222222222222
2 0.8402597402597403 0.8015873015873016 0.07142857142857142 0.1111111111111111
2 0.8220779220779221 0.753968253968254 0.05714285714285714 0.1126984126984127
2 0.9311688311688312 0.8841269841269841 0.053246753246753244 0.10476190476190476
2 0.8584415584415584 0.9126984126984127 0.07142857142857142 0.1492063492063492
2 0.9051948051948052 0.8968253968253969 0.07012987012987013 0.13015873015873017
2 0.8155844155844156 0.8793650793650793 0.046753246753246755 0.1380952380952381
2 0.8558441558441559 0.9650793650793651 0.07532467532467532 0.06984126984126984
2 0.8948051948051948 0.9682539682539683 0.06233766233766234 0.06349206349206349
2 0.961038961038961 0.9587301587301588 0.03636363636363636 0.08253968253968254
2 0.5168831168831168 0.9428571428571428 0.06623376623376623 0.11428571428571428
2 0.5116883116883116 0.8492063492063492 0.06753246753246753 0.15873015873015872
2 0.5 0.5746031746031746 0.03896103896103896 0.11904761904761904
2 0.538961038961039 0.573015873015873 0.02727272727272727 0.08253968253968254
2 0.5064935064935064 0.5253968253968254 0.04025974025974026 0.08412698412698413
2 0.5298701298701298 0.5158730158730159 0.03116883116883117 0.06190476190476191
2 0.5311688311688312 0.47619047619047616 0.04415584415584416 0.0761904761904762
2 0.7662337662337663 0.6460317460317461 0.06493506493506493 0.10317460317460317
2 0.7324675324675325 0.5857142857142857 0.04935064935064935 0.08888888888888889
2 0.7142857142857143 0.5253968253968254 0.03636363636363636 0.10158730158730159
2 0.6428571428571429 0.39206349206349206 0.04155844155844156 0.07777777777777778
2 0.6012987012987013 0.3825396825396825 0.048051948051948054 0.06825396825396825
2 0.6233766233766234 0.3634920634920635 0.02857142857142857 0.03650793650793651
2 0.5883116883116883 0.32857142857142857 0.03636363636363636 0.07777777777777778
2 0.6207792207792208 0.33650793650793653 0.02987012987012987 0.047619047619047616
2 0.5675324675324676 0.30317460317460315 0.02987012987012987 0.05873015873015873
2 0.5038961038961038 0.1746031746031746 0.014285714285714285 0.026984126984126985
2 0.5272727272727272 0.173015873015873 0.01818181818181818 0.03968253968253968
2 0.4831168831168831 0.15714285714285714 0.00909090909090909 0.01904761904761905
2 0.4961038961038961 0.15396825396825398 0.011688311688311689 0.01904761904761905
2 0.509090909090909 0.1492063492063492 0.014285714285714285 0.01904761904761905
2 0.5025974025974026 0.10317460317460317 0.00909090909090909 0.020634920634920634
2 0.5116883116883116 0.09841269841269841 0.00909090909090909 0.014285714285714285