3 0.564935064935065 0.8412698412698413 0.12077922077922078 0.31746031746031744
3 0.538961038961039 0.5984126984126984 0.09220779220779221 0.21428571428571427
3 0.5181818181818182 0.43174603174603177 0.05584415584415584 0.1523809523809524
1 0.7246753246753247 0.8412698412698413 0.10519480519480519 0.23015873015873015
1 0.6675324675324675 0.6571428571428571 0.08441558441558442 0.14761904761904762
1 0.6142857142857143 0.5317460317460317 0.048051948051948054 0.1111111111111111
1 0.5883116883116883 0.4238095238095238 0.046753246753246755 0.08571428571428572
1 0.561038961038961 0.3682539682539683 0.04415584415584416 0.09206349206349207
1 0.4987012987012987 0.32857142857142857 0.03766233766233766 0.06349206349206349
1 0.5636363636363636 0.2650793650793651 0.04415584415584416 0.07142857142857142
1 0.5051948051948052 0.21587301587301588 0.02857142857142857 0.049206349206349205
0 0.7181818181818181 0.5380952380952381 0.17402597402597403 0.3634920634920635
2 0.5103896103896104 0.09841269841269841 0.011688311688311689 0.015873015873015872
2 0.4922077922077922 0.11587301587301588 0.01038961038961039 0.01904761904761905
2 0.4883116883116883 0.12698412698412698 0.015584415584415584 0.020634920634920634
2 0.5051948051948052 0.1365079365079365 0.007792207792207792 0.020634920634920634
2 0.4987012987012987 0.14761904761904762 0.011688311688311689 0.025396825396825397
2 0.4753246753246753 0.19047619047619047 0.014285714285714285 0.03333333333333333
2 0.4935064935064935 0.25873015873015875 0.01818181818181818 0.04285714285714286
2 0.577922077922078 0.3142857142857143 0.023376623376623377 0.050793650793650794
2 0.6012987012987013 0.3603174603174603 0.015584415584415584 0.06349206349206349
2 0.6142857142857143 0.39365079365079364 0.01038961038961039 0.06984126984126984
2 0.5844155844155844 0.47619047619047616 0.016883116883116882 0.047619047619047616
2 0.6090909090909091 0.6523809523809524 0.023376623376623377 0.09523809523809523
2 0.6142857142857143 0.6936507936507936 0.02987012987012987 0.0761904761904762
2 0.6272727272727273 0.7777777777777778 0.024675324675324677 0.11904761904761904
2 0.6441558441558441 0.8777777777777778 0.02987012987012987 0.15079365079365079
2 0.7454545454545455 0.734920634920635 0.02857142857142857 0.09523809523809523
2 0.7883116883116883 0.7904761904761904 0.025974025974025976 0.1380952380952381
2 0.8051948051948052 0.873015873015873 0.03636363636363636 0.15079365079365079
2 0.8441558441558441 0.9428571428571428 0.032467532467532464 0.11428571428571428
2 0.9090909090909091 0.9698412698412698 0.046753246753246755 0.06031746031746032
2 0.8792207792207792 0.9238095238095239 0.04155844155844156 0.10952380952380952