1 0.5818181818181818 0.8984126984126984 0.12987012987012986 0.2015873015873016
1 0.6805194805194805 0.773015873015873 0.08831168831168831 0.22380952380952382
1 0.551948051948052 0.6111111111111112 0.07402597402597402 0.15873015873015872
1 0.6233766233766234 0.5793650793650794 0.05714285714285714 0.14285714285714285
1 0.6012987012987013 0.4603174603174603 0.053246753246753244 0.1126984126984127
1 0.522077922077922 0.4714285714285714 0.09090909090909091 0.09682539682539683
1 0.577922077922078 0.4031746031746032 0.06103896103896104 0.09365079365079365
1 0.5883116883116883 0.31587301587301586 0.048051948051948054 0.07777777777777778
3 0.5103896103896104 0.3523809523809524 0.05584415584415584 0.17142857142857143
1 0.5272727272727272 0.28888888888888886 0.03766233766233766 0.05873015873015873
1 0.4688311688311688 0.1365079365079365 0.01818181818181818 0.03015873015873016
2 0.551948051948052 0.7619047619047619 0.046753246753246755 0.1126984126984127
2 0.9688311688311688 0.973015873015873 0.06233766233766234 0.05396825396825397
2 0.8818181818181818 0.9634920634920635 0.07012987012987013 0.07301587301587302
2 0.8272727272727273 0.9698412698412698 0.1 0.06031746031746032
2 0.8402597402597403 0.9063492063492063 0.053246753246753244 0.15396825396825398
2 0.7792207792207793 0.8650793650793651 0.07922077922077922 0.1492063492063492
2 0.8506493506493507 0.8031746031746032 0.05454545454545454 0.13968253968253969
2 0.7740259740259741 0.792063492063492 0.06103896103896104 0.15079365079365079
2 0.6220779220779221 0.37142857142857144 0.02727272727272727 0.07301587301587302
2 0.5675324675324676 0.26031746031746034 0.011688311688311689 0.046031746031746035
2 0.5441558441558442 0.2523809523809524 0.02207792207792208 0.050793650793650794
2 0.4961038961038961 0.1619047619047619 0.011688311688311689 0.03650793650793651
2 0.4831168831168831 0.13333333333333333 0.014285714285714285 0.03015873015873016
2 0.4961038961038961 0.13333333333333333 0.007792207792207792 0.022222222222222223
2 0.5012987012987012 0.12063492063492064 0.014285714285714285 0.022222222222222223
2 0.4883116883116883 0.11428571428571428 0.00909090909090909 0.022222222222222223
2 0.4896103896103896 0.10476190476190476 0.011688311688311689 0.022222222222222223