1 0.7064935064935065 0.8761904761904762 0.12337662337662338 0.24761904761904763
1 0.4649350649350649 0.173015873015873 0.02077922077922078 0.0380952380952381
1 0.461038961038961 0.14285714285714285 0.01818181818181818 0.031746031746031744
1 0.4597402597402597 0.09682539682539683 0.006493506493506494 0.023809523809523808
1 0.44805194805194803 0.08888888888888889 0.011688311688311689 0.025396825396825397
1 0.4675324675324675 0.0761904761904762 0.011688311688311689 0.014285714285714285
3 0.43506493506493504 0.0873015873015873 0.02077922077922078 0.050793650793650794
3 0.44025974025974024 0.16825396825396827 0.02857142857142857 0.07936507936507936
2 0.6350649350649351 0.919047619047619 0.04285714285714286 0.1619047619047619
2 0.8181818181818182 0.8634920634920635 0.046753246753246755 0.16984126984126985
2 0.5844155844155844 0.773015873015873 0.04025974025974026 0.16031746031746033
2 0.5961038961038961 0.5825396825396826 0.03636363636363636 0.10634920634920635
2 0.5181818181818182 0.5333333333333333 0.032467532467532464 0.11587301587301588
2 0.5467532467532468 0.3333333333333333 0.033766233766233764 0.0761904761904762
2 0.5662337662337662 0.29523809523809524 0.015584415584415584 0.06507936507936508
2 0.5103896103896104 0.19523809523809524 0.01948051948051948 0.046031746031746035
2 0.4987012987012987 0.19206349206349208 0.011688311688311689 0.05238095238095238
2 0.4948051948051948 0.1619047619047619 0.015584415584415584 0.02857142857142857
2 0.474025974025974 0.12063492063492064 0.01038961038961039 0.026984126984126985
2 0.4584415584415584 0.11746031746031746 0.011688311688311689 0.020634920634920634