2 0.8324675324675325 0.9714285714285714 0.046753246753246755 0.05714285714285714
2 0.8922077922077922 0.9603174603174603 0.05454545454545454 0.07936507936507936
2 0.8480519480519481 0.873015873015873 0.05194805194805195 0.1619047619047619
2 0.7766233766233767 0.8285714285714286 0.048051948051948054 0.15714285714285714
2 0.7636363636363637 0.680952380952381 0.048051948051948054 0.14285714285714285
2 0.6636363636363637 0.6206349206349207 0.04155844155844156 0.0761904761904762
1 0.6753246753246753 0.7571428571428571 0.11428571428571428 0.23492063492063492
2 0.6168831168831169 0.5428571428571428 0.025974025974025976 0.1
2 0.4974025974025974 0.5285714285714286 0.032467532467532464 0.09206349206349207
2 0.5311688311688312 0.5063492063492063 0.023376623376623377 0.1
2 0.5558441558441558 0.46190476190476193 0.02077922077922078 0.08095238095238096
2 0.5753246753246753 0.4793650793650794 0.02207792207792208 0.05873015873015873
2 0.5818181818181818 0.4380952380952381 0.01818181818181818 0.06507936507936508
2 0.6090909090909091 0.45714285714285713 0.024675324675324677 0.08253968253968254
2 0.6051948051948052 0.4222222222222222 0.02077922077922078 0.0761904761904762
2 0.5584415584415584 0.41904761904761906 0.01818181818181818 0.06666666666666667
2 0.5688311688311688 0.38571428571428573 0.015584415584415584 0.07301587301587302
2 0.6038961038961039 0.37777777777777777 0.02077922077922078 0.05238095238095238
2 0.6298701298701299 0.3904761904761905 0.023376623376623377 0.08095238095238096
2 0.5948051948051948 0.3492063492063492 0.015584415584415584 0.04126984126984127
2 0.5636363636363636 0.3380952380952381 0.01948051948051948 0.050793650793650794
2 0.5623376623376624 0.2984126984126984 0.016883116883116882 0.04285714285714286
2 0.5441558441558442 0.3126984126984127 0.01818181818181818 0.04285714285714286
2 0.5558441558441558 0.24285714285714285 0.012987012987012988 0.046031746031746035
2 0.5116883116883116 0.28253968253968254 0.014285714285714285 0.050793650793650794
2 0.4753246753246753 0.26031746031746034 0.014285714285714285 0.05396825396825397
2 0.4844155844155844 0.24444444444444444 0.011688311688311689 0.04126984126984127
2 0.4896103896103896 0.19523809523809524 0.011688311688311689 0.03650793650793651
2 0.4857142857142857 0.16825396825396827 0.00909090909090909 0.023809523809523808
2 0.4662337662337662 0.1523809523809524 0.00909090909090909 0.025396825396825397
1 0.4662337662337662 0.17777777777777778 0.02207792207792208 0.03650793650793651
1 0.4701298701298701 0.20952380952380953 0.02207792207792208 0.0380952380952381
1 0.5077922077922078 0.2222222222222222 0.024675324675324677 0.03968253968253968
1 0.5064935064935064 0.1873015873015873 0.016883116883116882 0.023809523809523808
1 0.5077922077922078 0.20476190476190476 0.02077922077922078 0.015873015873015872
2 0.4779220779220779 0.14603174603174604 0.006493506493506494 0.01904761904761905
2 0.4792207792207792 0.1380952380952381 0.006493506493506494 0.01746031746031746
2 0.4896103896103896 0.1380952380952381 0.00909090909090909 0.01746031746031746
2 0.4961038961038961 0.13333333333333333 0.006493506493506494 0.020634920634920634
2 0.5038961038961038 0.13015873015873017 0.005194805194805195 0.020634920634920634
2 0.4987012987012987 0.11746031746031746 0.006493506493506494 0.01746031746031746
2 0.4896103896103896 0.11587301587301588 0.005194805194805195 0.01746031746031746
2 0.4909090909090909 0.10317460317460317 0.003896103896103896 0.023809523809523808
2 0.4961038961038961 0.10634920634920635 0.005194805194805195 0.014285714285714285
2 0.5025974025974026 0.10476190476190476 0.006493506493506494 0.014285714285714285
2 0.5051948051948052 0.1126984126984127 0.007792207792207792 0.015873015873015872
1 0.4818181818181818 0.10158730158730159 0.01038961038961039 0.022222222222222223
1 0.4818181818181818 0.11746031746031746 0.011688311688311689 0.022222222222222223
1 0.4662337662337662 0.12698412698412698 0.016883116883116882 0.026984126984126985
1 0.487012987012987 0.15714285714285714 0.016883116883116882 0.025396825396825397
3 0.5051948051948052 0.16507936507936508 0.025974025974025976 0.046031746031746035
3 0.5337662337662338 0.24444444444444444 0.03506493506493506 0.10317460317460317
1 0.4922077922077922 0.2920634920634921 0.033766233766233764 0.07301587301587302
1 0.5324675324675324 0.35555555555555557 0.04025974025974026 0.06984126984126984
1 0.5181818181818182 0.4031746031746032 0.046753246753246755 0.10476190476190476
1 0.5987012987012987 0.32857142857142857 0.03896103896103896 0.06984126984126984
1 0.577922077922078 0.5746031746031746 0.07402597402597402 0.15873015873015872
3 0.6636363636363637 0.5253968253968254 0.08571428571428572 0.21746031746031746
2 0.6415584415584416 0.4174603174603175 0.01038961038961039 0.01904761904761905
2 0.6584415584415585 0.42063492063492064 0.01038961038961039 0.020634920634920634
2 0.687012987012987 0.46984126984126984 0.01818181818181818 0.04285714285714286