2 0.5181818181818182 0.9365079365079365 0.045454545454545456 0.1253968253968254
2 0.4974025974025974 0.7952380952380952 0.02857142857142857 0.12698412698412698
2 0.5012987012987012 0.6714285714285714 0.03116883116883117 0.10952380952380952
1 0.5623376623376624 0.7825396825396825 0.09740259740259741 0.19523809523809524
2 0.5974025974025974 0.7142857142857143 0.046753246753246755 0.10317460317460317
2 0.5883116883116883 0.6190476190476191 0.02857142857142857 0.09682539682539683
2 0.548051948051948 0.6714285714285714 0.02077922077922078 0.0746031746031746
2 0.5246753246753246 0.638095238095238 0.03116883116883117 0.10317460317460317
2 0.5233766233766234 0.573015873015873 0.02077922077922078 0.0746031746031746
2 0.561038961038961 0.6174603174603175 0.023376623376623377 0.08888888888888889
2 0.548051948051948 0.5682539682539682 0.024675324675324677 0.06984126984126984
2 0.4987012987012987 0.5015873015873016 0.03896103896103896 0.09523809523809523
1 0.8337662337662337 0.8523809523809524 0.14805194805194805 0.2714285714285714
2 0.7948051948051948 0.9523809523809523 0.032467532467532464 0.08253968253968254
2 0.7701298701298701 0.8714285714285714 0.03636363636363636 0.1380952380952381
2 0.7389610389610389 0.8063492063492064 0.03506493506493506 0.10952380952380952
2 0.7428571428571429 0.7111111111111111 0.02727272727272727 0.09047619047619047
1 0.6701298701298701 0.7571428571428571 0.11428571428571428 0.2492063492063492
2 0.7181818181818181 0.7476190476190476 0.032467532467532464 0.10158730158730159
2 0.6974025974025974 0.6793650793650794 0.025974025974025976 0.09523809523809523
2 0.8298701298701299 0.719047619047619 0.03766233766233766 0.07301587301587302
2 0.7935064935064935 0.6761904761904762 0.02857142857142857 0.0761904761904762
2 0.7844155844155845 0.6428571428571429 0.03896103896103896 0.0761904761904762
2 0.6714285714285714 0.6238095238095238 0.02727272727272727 0.07777777777777778
2 0.6324675324675325 0.6349206349206349 0.02987012987012987 0.05396825396825397
2 0.6441558441558441 0.6015873015873016 0.03116883116883117 0.07777777777777778
2 0.6610389610389611 0.5650793650793651 0.014285714285714285 0.03333333333333333
2 0.6376623376623377 0.5301587301587302 0.01818181818181818 0.05396825396825397
2 0.6545454545454545 0.48412698412698413 0.01948051948051948 0.05396825396825397
2 0.6324675324675325 0.4587301587301587 0.01818181818181818 0.050793650793650794
1 0.5974025974025974 0.5349206349206349 0.07402597402597402 0.13968253968253969
2 0.6233766233766234 0.4793650793650794 0.02077922077922078 0.04285714285714286
2 0.612987012987013 0.4380952380952381 0.01818181818181818 0.049206349206349205
2 0.6285714285714286 0.3904761904761905 0.014285714285714285 0.050793650793650794
2 0.6025974025974026 0.3888888888888889 0.01948051948051948 0.05714285714285714
2 0.6116883116883117 0.3968253968253968 0.012987012987012988 0.04126984126984127
2 0.6402597402597403 0.37936507936507935 0.011688311688311689 0.03650793650793651
2 0.6532467532467533 0.43333333333333335 0.02207792207792208 0.05714285714285714
2 0.6766233766233766 0.46984126984126984 0.015584415584415584 0.05238095238095238
1 0.6961038961038961 0.5666666666666667 0.07272727272727272 0.1365079365079365
2 0.6974025974025974 0.4888888888888889 0.023376623376623377 0.03650793650793651
2 0.7272727272727273 0.5365079365079365 0.02857142857142857 0.07777777777777778
1 0.5896103896103896 0.3492063492063492 0.045454545454545456 0.08253968253968254
2 0.6064935064935065 0.3253968253968254 0.023376623376623377 0.05396825396825397
2 0.587012987012987 0.29365079365079366 0.011688311688311689 0.03650793650793651
2 0.5636363636363636 0.2714285714285714 0.00909090909090909 0.03968253968253968
2 0.461038961038961 0.20952380952380953 0.01038961038961039 0.025396825396825397
2 0.45454545454545453 0.18571428571428572 0.00909090909090909 0.03492063492063492
1 0.4649350649350649 0.1380952380952381 0.014285714285714285 0.03333333333333333
2 0.4753246753246753 0.13015873015873017 0.007792207792207792 0.020634920634920634
2 0.5155844155844156 0.2 0.006493506493506494 0.025396825396825397
2 0.5233766233766234 0.2 0.006493506493506494 0.02857142857142857
2 0.5103896103896104 0.173015873015873 0.005194805194805195 0.01904761904761905
2 0.5181818181818182 0.17142857142857143 0.00909090909090909 0.023809523809523808
2 0.5246753246753246 0.16984126984126985 0.005194805194805195 0.020634920634920634
2 0.4896103896103896 0.1619047619047619 0.005194805194805195 0.01746031746031746
2 0.4831168831168831 0.1492063492063492 0.005194805194805195 0.01746031746031746
2 0.4857142857142857 0.14285714285714285 0.007792207792207792 0.015873015873015872
2 0.4935064935064935 0.12857142857142856 0.005194805194805195 0.015873015873015872
2 0.5 0.1380952380952381 0.003896103896103896 0.012698412698412698
2 0.509090909090909 0.1365079365079365 0.007792207792207792 0.01746031746031746
1 0.4948051948051948 0.19047619047619047 0.01818181818181818 0.02857142857142857
2 0.4961038961038961 0.16984126984126985 0.005194805194805195 0.015873015873015872
2 0.5038961038961038 0.17142857142857143 0.003896103896103896 0.014285714285714285
2 0.5116883116883116 0.15555555555555556 0.007792207792207792 0.01746031746031746
1 0.4987012987012987 0.3142857142857143 0.04025974025974026 0.07142857142857142
2 0.5038961038961038 0.2650793650793651 0.00909090909090909 0.03492063492063492
1 0.5974025974025974 0.9380952380952381 0.1038961038961039 0.12380952380952381
1 0.7155844155844155 0.9126984126984127 0.11168831168831168 0.173015873015873
1 0.564935064935065 0.44603174603174606 0.045454545454545456 0.06825396825396825
1 0.5454545454545454 0.38412698412698415 0.04285714285714286 0.08412698412698413
1 0.5285714285714286 0.2619047619047619 0.033766233766233764 0.08412698412698413
1 0.5402597402597402 0.24761904761904763 0.03116883116883117 0.05238095238095238
1 0.4779220779220779 0.2571428571428571 0.024675324675324677 0.050793650793650794
1 0.4779220779220779 0.22380952380952382 0.025974025974025976 0.03333333333333333
1 0.5012987012987012 0.2111111111111111 0.01948051948051948 0.03968253968253968
1 0.4701298701298701 0.18571428571428572 0.01818181818181818 0.03333333333333333
1 0.4883116883116883 0.10793650793650794 0.014285714285714285 0.02857142857142857
1 0.5051948051948052 0.09841269841269841 0.01038961038961039 0.01904761904761905
1 0.5376623376623376 0.21587301587301588 0.01818181818181818 0.03015873015873016
0 0.4649350649350649 0.10317460317460317 0.02207792207792208 0.044444444444444446