1 0.6597402597402597 0.7253968253968254 0.05974025974025974 0.19047619047619047
0 0.612987012987013 0.9126984126984127 0.1025974025974026 0.173015873015873
1 0.5558441558441558 0.7492063492063492 0.046753246753246755 0.12222222222222222
1 0.5285714285714286 0.6206349206349207 0.033766233766233764 0.12222222222222222
1 0.6818181818181818 0.5444444444444444 0.04025974025974026 0.1
1 0.5948051948051948 0.5380952380952381 0.04285714285714286 0.10317460317460317
1 0.5246753246753246 0.5190476190476191 0.02987012987012987 0.07142857142857142
1 0.5246753246753246 0.4444444444444444 0.03636363636363636 0.06507936507936508
1 0.5987012987012987 0.4666666666666667 0.03116883116883117 0.08253968253968254
1 0.6584415584415585 0.4650793650793651 0.025974025974025976 0.08571428571428572
1 0.5636363636363636 0.3968253968253968 0.02857142857142857 0.08253968253968254
1 0.5025974025974026 0.3825396825396825 0.03116883116883117 0.06190476190476191
3 0.4987012987012987 0.2984126984126984 0.03636363636363636 0.09682539682539683
1 0.5948051948051948 0.3492063492063492 0.024675324675324677 0.049206349206349205
1 0.548051948051948 0.3396825396825397 0.01948051948051948 0.04126984126984127
1 0.5454545454545454 0.30317460317460315 0.011688311688311689 0.02857142857142857
1 0.5402597402597402 0.27936507936507937 0.014285714285714285 0.02857142857142857
1 0.5272727272727272 0.26031746031746034 0.01038961038961039 0.031746031746031744
1 0.525974025974026 0.2365079365079365 0.00909090909090909 0.01904761904761905
1 0.5103896103896104 0.2253968253968254 0.01038961038961039 0.031746031746031744
3 0.4818181818181818 0.21904761904761905 0.02207792207792208 0.047619047619047616
3 0.5506493506493506 0.22380952380952382 0.01818181818181818 0.046031746031746035
1 0.5337662337662338 0.2111111111111111 0.00909090909090909 0.03015873015873016
1 0.5246753246753246 0.19206349206349208 0.01038961038961039 0.023809523809523808
1 0.509090909090909 0.20476190476190476 0.014285714285714285 0.015873015873015872
1 0.4649350649350649 0.1634920634920635 0.00909090909090909 0.01746031746031746
1 0.4844155844155844 0.16031746031746033 0.012987012987012988 0.01746031746031746
1 0.5012987012987012 0.16031746031746033 0.012987012987012988 0.01904761904761905
1 0.4649350649350649 0.1365079365079365 0.006493506493506494 0.015873015873015872
2 0.4844155844155844 0.49523809523809526 0.02987012987012987 0.0873015873015873
2 0.5987012987012987 0.6460317460317461 0.02857142857142857 0.09206349206349207
2 0.8194805194805195 0.9571428571428572 0.03636363636363636 0.08571428571428572
2 0.7701298701298701 0.9476190476190476 0.03896103896103896 0.0873015873015873
2 0.8636363636363636 0.9571428571428572 0.033766233766233764 0.08571428571428572
2 0.9 0.9571428571428572 0.025974025974025976 0.07936507936507936
2 0.9753246753246754 0.9698412698412698 0.01818181818181818 0.06031746031746032
2 0.874025974025974 0.8555555555555555 0.03766233766233766 0.0746031746031746
2 0.8324675324675325 0.8809523809523809 0.024675324675324677 0.11587301587301588
2 0.7883116883116883 0.8634920634920635 0.02727272727272727 0.09841269841269841
2 0.7571428571428571 0.8111111111111111 0.016883116883116882 0.07936507936507936
2 0.8025974025974026 0.8063492063492064 0.02207792207792208 0.08253968253968254
2 0.7909090909090909 0.7492063492063492 0.016883116883116882 0.07301587301587302
2 0.7532467532467533 0.726984126984127 0.02207792207792208 0.05396825396825397
2 0.7649350649350649 0.6888888888888889 0.012987012987012988 0.07142857142857142
2 0.7441558441558441 0.6571428571428571 0.02207792207792208 0.06984126984126984
2 0.7038961038961039 0.680952380952381 0.033766233766233764 0.11428571428571428
2 0.7350649350649351 0.580952380952381 0.01818181818181818 0.07301587301587302
2 0.7155844155844155 0.5349206349206349 0.01948051948051948 0.08571428571428572
2 0.6974025974025974 0.47619047619047616 0.023376623376623377 0.06666666666666667
2 0.638961038961039 0.6095238095238096 0.01818181818181818 0.05396825396825397
2 0.612987012987013 0.3952380952380952 0.016883116883116882 0.05714285714285714
2 0.6311688311688312 0.4253968253968254 0.01038961038961039 0.06666666666666667
2 0.6311688311688312 0.373015873015873 0.007792207792207792 0.044444444444444446
2 0.6376623376623377 0.36507936507936506 0.006493506493506494 0.05555555555555555
2 0.6571428571428571 0.4015873015873016 0.014285714285714285 0.0380952380952381
2 0.6233766233766234 0.3476190476190476 0.00909090909090909 0.049206349206349205
2 0.5766233766233766 0.32222222222222224 0.01038961038961039 0.047619047619047616
2 0.4805194805194805 0.37142857142857144 0.01038961038961039 0.05714285714285714
2 0.6142857142857143 0.33015873015873015 0.007792207792207792 0.04126984126984127
2 0.5948051948051948 0.30952380952380953 0.012987012987012988 0.0380952380952381
2 0.6077922077922078 0.30952380952380953 0.006493506493506494 0.026984126984126985
2 0.5974025974025974 0.2873015873015873 0.011688311688311689 0.026984126984126985
2 0.5805194805194805 0.2523809523809524 0.007792207792207792 0.020634920634920634
2 0.587012987012987 0.2746031746031746 0.007792207792207792 0.026984126984126985
2 0.461038961038961 0.23492063492063492 0.00909090909090909 0.04126984126984127
2 0.4597402597402597 0.18095238095238095 0.01038961038961039 0.02857142857142857
1 0.4987012987012987 0.19206349206349208 0.012987012987012988 0.022222222222222223
1 0.4883116883116883 0.14126984126984127 0.007792207792207792 0.015873015873015872
1 0.509090909090909 0.14603174603174604 0.00909090909090909 0.014285714285714285
1 0.4844155844155844 0.13015873015873017 0.00909090909090909 0.007936507936507936
1 0.474025974025974 0.11904761904761904 0.006493506493506494 0.012698412698412698
1 0.4922077922077922 0.12063492063492064 0.006493506493506494 0.01904761904761905
1 0.4766233766233766 0.14285714285714285 0.00909090909090909 0.020634920634920634
2 0.509090909090909 0.17936507936507937 0.005194805194805195 0.026984126984126985
2 0.535064935064935 0.18253968253968253 0.007792207792207792 0.02857142857142857
1 0.5662337662337662 0.2761904761904762 0.014285714285714285 0.05873015873015873
2 0.5246753246753246 0.17142857142857143 0.007792207792207792 0.026984126984126985
2 0.5168831168831168 0.15396825396825398 0.005194805194805195 0.020634920634920634
2 0.4987012987012987 0.14126984126984127 0.007792207792207792 0.022222222222222223
1 0.4766233766233766 0.10317460317460317 0.006493506493506494 0.015873015873015872
2 0.4948051948051948 0.1 0.006493506493506494 0.022222222222222223
2 0.512987012987013 0.1349206349206349 0.003896103896103896 0.01746031746031746
2 0.5064935064935064 0.13015873015873017 0.006493506493506494 0.011111111111111112
2 0.5012987012987012 0.11746031746031746 0.005194805194805195 0.015873015873015872
2 0.5064935064935064 0.11587301587301588 0.003896103896103896 0.014285714285714285
2 0.5155844155844156 0.17936507936507937 0.005194805194805195 0.026984126984126985
1 0.4727272727272727 0.1873015873015873 0.01038961038961039 0.01904761904761905
1 0.4961038961038961 0.1746031746031746 0.00909090909090909 0.01904761904761905
2 0.4844155844155844 0.11746031746031746 0.005194805194805195 0.012698412698412698
2 0.5051948051948052 0.09682539682539683 0.0025974025974025974 0.015873015873015872
2 0.5103896103896104 0.09682539682539683 0.003896103896103896 0.015873015873015872