2 0.6181818181818182 0.9 0.03896103896103896 0.1492063492063492
2 0.6012987012987013 0.7904761904761904 0.03636363636363636 0.11746031746031746
1 0.5506493506493506 0.8634920634920635 0.10779220779220779 0.273015873015873
2 0.5038961038961038 0.7380952380952381 0.03636363636363636 0.1
2 0.5441558441558442 0.6888888888888889 0.03116883116883117 0.09841269841269841
2 0.5857142857142857 0.680952380952381 0.02987012987012987 0.10634920634920635
1 0.5272727272727272 0.6174603174603175 0.07012987012987013 0.14444444444444443
2 0.5688311688311688 0.6126984126984127 0.02987012987012987 0.09841269841269841
2 0.7896103896103897 0.9571428571428572 0.03116883116883117 0.08571428571428572
2 0.8376623376623377 0.9380952380952381 0.04025974025974026 0.12222222222222222
2 0.887012987012987 0.9444444444444444 0.032467532467532464 0.10476190476190476
2 0.8714285714285714 0.8634920634920635 0.03766233766233766 0.11746031746031746
2 0.787012987012987 0.8571428571428571 0.032467532467532464 0.11587301587301588
2 0.7545454545454545 0.8888888888888888 0.04285714285714286 0.14603174603174604
1 0.6922077922077922 0.873015873015873 0.12077922077922078 0.25396825396825395
2 0.7311688311688311 0.7984126984126985 0.02987012987012987 0.10317460317460317
2 0.7168831168831169 0.7238095238095238 0.04935064935064935 0.12857142857142856
2 0.7558441558441559 0.6841269841269841 0.02727272727272727 0.1253968253968254
2 0.7831168831168831 0.7507936507936508 0.02857142857142857 0.09841269841269841
2 0.7792207792207793 0.6698412698412698 0.02727272727272727 0.08571428571428572
2 0.8493506493506493 0.7873015873015873 0.04025974025974026 0.1
2 0.8181818181818182 0.7206349206349206 0.03636363636363636 0.08571428571428572
2 0.8220779220779221 0.680952380952381 0.03636363636363636 0.08571428571428572
1 0.6805194805194805 0.5587301587301587 0.09610389610389611 0.16031746031746033
2 0.712987012987013 0.5587301587301587 0.024675324675324677 0.1126984126984127
2 0.7480519480519481 0.5888888888888889 0.02077922077922078 0.08253968253968254
2 0.7532467532467533 0.5333333333333333 0.02727272727272727 0.0746031746031746
2 0.6675324675324675 0.4634920634920635 0.015584415584415584 0.08253968253968254
2 0.687012987012987 0.4888888888888889 0.01948051948051948 0.04126984126984127
1 0.612987012987013 0.4444444444444444 0.05714285714285714 0.09841269841269841
2 0.6454545454545455 0.4238095238095238 0.01948051948051948 0.06031746031746032
1 0.5194805194805194 0.5111111111111111 0.05844155844155844 0.1380952380952381
2 0.535064935064935 0.4380952380952381 0.023376623376623377 0.049206349206349205
1 0.4987012987012987 0.3825396825396825 0.05064935064935065 0.10952380952380952
2 0.5324675324675324 0.4015873015873016 0.02207792207792208 0.06666666666666667
1 0.5688311688311688 0.4746031746031746 0.04415584415584416 0.1111111111111111
2 0.5506493506493506 0.4142857142857143 0.01948051948051948 0.05238095238095238
2 0.5792207792207792 0.40476190476190477 0.015584415584415584 0.049206349206349205
2 0.5415584415584416 0.3619047619047619 0.015584415584415584 0.049206349206349205
2 0.5584415584415584 0.3603174603174603 0.014285714285714285 0.044444444444444446
2 0.564935064935065 0.373015873015873 0.011688311688311689 0.05714285714285714
2 0.5831168831168831 0.3682539682539683 0.014285714285714285 0.05873015873015873
2 0.4883116883116883 0.4380952380952381 0.01948051948051948 0.05714285714285714
1 0.4857142857142857 0.29365079365079366 0.03116883116883117 0.0873015873015873
1 0.5285714285714286 0.3126984126984127 0.04025974025974026 0.06507936507936508
2 0.5558441558441558 0.32063492063492066 0.01818181818181818 0.03650793650793651
2 0.5714285714285714 0.33174603174603173 0.00909090909090909 0.031746031746031744
2 0.5844155844155844 0.3253968253968254 0.015584415584415584 0.03015873015873016
1 0.6168831168831169 0.35873015873015873 0.04155844155844156 0.10158730158730159
2 0.6 0.3238095238095238 0.015584415584415584 0.03968253968253968
2 0.6103896103896104 0.30793650793650795 0.012987012987012988 0.03492063492063492
2 0.5038961038961038 0.2873015873015873 0.02077922077922078 0.03968253968253968
2 0.538961038961039 0.2920634920634921 0.016883116883116882 0.046031746031746035
2 0.561038961038961 0.2920634920634921 0.015584415584415584 0.02857142857142857
2 0.5714285714285714 0.2920634920634921 0.01038961038961039 0.03015873015873016
2 0.5818181818181818 0.2984126984126984 0.006493506493506494 0.02857142857142857
2 0.5961038961038961 0.29523809523809524 0.014285714285714285 0.01904761904761905
1 0.5571428571428572 0.25873015873015875 0.033766233766233764 0.04126984126984127
2 0.5831168831168831 0.2650793650793651 0.007792207792207792 0.023809523809523808
2 0.4935064935064935 0.26031746031746034 0.015584415584415584 0.049206349206349205
2 0.4883116883116883 0.23809523809523808 0.014285714285714285 0.047619047619047616
2 0.4753246753246753 0.19523809523809524 0.014285714285714285 0.05396825396825397
1 0.5168831168831168 0.24444444444444444 0.024675324675324677 0.03492063492063492
1 0.5064935064935064 0.21904761904761905 0.01948051948051948 0.03015873015873016
2 0.525974025974026 0.2253968253968254 0.015584415584415584 0.04285714285714286
2 0.561038961038961 0.23492063492063492 0.016883116883116882 0.03015873015873016
2 0.5688311688311688 0.23809523809523808 0.007792207792207792 0.031746031746031744
1 0.5701298701298702 0.9777777777777777 0.08831168831168831 0.044444444444444446
1 0.6558441558441559 0.6904761904761905 0.08571428571428572 0.16825396825396827
1 0.6038961038961039 0.5777777777777777 0.06753246753246753 0.173015873015873
1 0.5402597402597402 0.2126984126984127 0.02857142857142857 0.03968253968253968
1 0.4987012987012987 0.19206349206349208 0.025974025974025976 0.04126984126984127
1 0.5272727272727272 0.18888888888888888 0.01818181818181818 0.02857142857142857
1 0.5012987012987012 0.16825396825396827 0.01948051948051948 0.03333333333333333
1 0.4636363636363636 0.17142857142857143 0.011688311688311689 0.03015873015873016
1 0.461038961038961 0.14603174603174604 0.016883116883116882 0.025396825396825397
1 0.4688311688311688 0.1380952380952381 0.015584415584415584 0.023809523809523808
1 0.4688311688311688 0.12222222222222222 0.014285714285714285 0.02857142857142857
1 0.4922077922077922 0.15714285714285714 0.02207792207792208 0.03015873015873016
1 0.4818181818181818 0.13174603174603175 0.014285714285714285 0.023809523809523808
1 0.4922077922077922 0.1349206349206349 0.012987012987012988 0.022222222222222223
1 0.4883116883116883 0.11587301587301588 0.00909090909090909 0.020634920634920634
1 0.4935064935064935 0.1 0.014285714285714285 0.012698412698412698