2 0.8909090909090909 0.9444444444444444 0.04415584415584416 0.10952380952380952
2 0.8168831168831169 0.8206349206349206 0.03766233766233766 0.08412698412698413
2 0.812987012987013 0.7793650793650794 0.04285714285714286 0.09206349206349207
2 0.7480519480519481 0.8253968253968254 0.03896103896103896 0.11428571428571428
2 0.7753246753246753 0.773015873015873 0.03766233766233766 0.14444444444444443
2 0.7272727272727273 0.7555555555555555 0.033766233766233764 0.11904761904761904
2 0.7441558441558441 0.7206349206349206 0.023376623376623377 0.11587301587301588
2 0.7103896103896103 0.6968253968253968 0.03116883116883117 0.12857142857142856
2 0.6272727272727273 0.9809523809523809 0.033766233766233764 0.0380952380952381
2 0.5714285714285714 0.9603174603174603 0.03896103896103896 0.07777777777777778
2 0.6064935064935065 0.9365079365079365 0.033766233766233764 0.12698412698412698
2 0.5896103896103896 0.8523809523809524 0.03766233766233766 0.15714285714285714
2 0.5233766233766234 0.9809523809523809 0.04155844155844156 0.0380952380952381
2 0.5038961038961038 0.9301587301587302 0.02857142857142857 0.13968253968253969
2 0.5 0.8555555555555555 0.014285714285714285 0.046031746031746035
2 0.4779220779220779 0.8634920634920635 0.025974025974025976 0.16666666666666666
2 0.45584415584415583 0.4873015873015873 0.012987012987012988 0.08888888888888889
2 0.45584415584415583 0.4396825396825397 0.01948051948051948 0.0761904761904762
2 0.5506493506493506 0.29523809523809524 0.00909090909090909 0.023809523809523808
2 0.5584415584415584 0.2777777777777778 0.014285714285714285 0.03650793650793651
2 0.548051948051948 0.2619047619047619 0.015584415584415584 0.0380952380952381
2 0.551948051948052 0.2507936507936508 0.016883116883116882 0.047619047619047616
2 0.535064935064935 0.2920634920634921 0.014285714285714285 0.04126984126984127
2 0.5285714285714286 0.27936507936507937 0.015584415584415584 0.046031746031746035
2 0.5064935064935064 0.2650793650793651 0.015584415584415584 0.04285714285714286
2 0.4857142857142857 0.29365079365079366 0.011688311688311689 0.0380952380952381
2 0.4883116883116883 0.2619047619047619 0.012987012987012988 0.03333333333333333
2 0.4818181818181818 0.23809523809523808 0.012987012987012988 0.02857142857142857
2 0.5311688311688312 0.23333333333333334 0.016883116883116882 0.044444444444444446
2 0.5064935064935064 0.21746031746031746 0.012987012987012988 0.03968253968253968
2 0.5116883116883116 0.19523809523809524 0.007792207792207792 0.03492063492063492
2 0.5 0.2015873015873016 0.011688311688311689 0.023809523809523808
2 0.5 0.17936507936507937 0.011688311688311689 0.01746031746031746
2 0.4935064935064935 0.16825396825396827 0.00909090909090909 0.022222222222222223
2 0.4883116883116883 0.15873015873015872 0.014285714285714285 0.026984126984126985
2 0.4792207792207792 0.1492063492063492 0.011688311688311689 0.03015873015873016
2 0.4779220779220779 0.13174603174603175 0.01038961038961039 0.011111111111111112
2 0.474025974025974 0.12380952380952381 0.01038961038961039 0.022222222222222223
2 0.4727272727272727 0.10793650793650794 0.007792207792207792 0.012698412698412698
2 0.4649350649350649 0.10952380952380952 0.005194805194805195 0.025396825396825397
2 0.45714285714285713 0.10476190476190476 0.00909090909090909 0.01746031746031746
2 0.45064935064935063 0.10317460317460317 0.007792207792207792 0.022222222222222223
2 0.4688311688311688 0.09206349206349207 0.00909090909090909 0.01746031746031746
2 0.461038961038961 0.08412698412698413 0.003896103896103896 0.01746031746031746
2 0.44155844155844154 0.09523809523809523 0.00909090909090909 0.020634920634920634
1 0.7233766233766233 0.9587301587301588 0.11168831168831168 0.08253968253968254
1 0.8181818181818182 0.9142857142857143 0.12987012987012986 0.17142857142857143
1 0.6727272727272727 0.8222222222222222 0.12467532467532468 0.26666666666666666
1 0.45584415584415583 0.31746031746031744 0.02727272727272727 0.07142857142857142
1 0.5116883116883116 0.30317460317460315 0.02727272727272727 0.046031746031746035
1 0.5155844155844156 0.3492063492063492 0.024675324675324677 0.0761904761904762
1 0.4818181818181818 0.21746031746031746 0.023376623376623377 0.049206349206349205
1 0.44025974025974024 0.22063492063492063 0.01948051948051948 0.05238095238095238
1 0.4805194805194805 0.18095238095238095 0.024675324675324677 0.03968253968253968
1 0.4649350649350649 0.1634920634920635 0.01818181818181818 0.046031746031746035
1 0.45194805194805193 0.12857142857142856 0.012987012987012988 0.03492063492063492
1 0.45324675324675323 0.08412698412698413 0.011688311688311689 0.022222222222222223
3 0.4636363636363636 0.07142857142857142 0.012987012987012988 0.03492063492063492
3 0.43246753246753245 0.13174603174603175 0.02727272727272727 0.0746031746031746
3 0.45584415584415583 0.2507936507936508 0.03506493506493506 0.10158730158730159
3 0.4766233766233766 0.3603174603174603 0.06233766233766234 0.1365079365079365
3 0.5194805194805194 0.5841269841269842 0.12467532467532468 0.44126984126984126
3 0.6168831168831169 0.526984126984127 0.15974025974025974 0.35079365079365077
3 0.5467532467532468 0.3523809523809524 0.06363636363636363 0.10317460317460317
0 0.6142857142857143 0.346031746031746 0.1025974025974026 0.16825396825396827
2 0.42077922077922075 0.16825396825396827 0.011688311688311689 0.03650793650793651