0 0.7623376623376623 0.7476190476190476 0.37662337662337664 0.5031746031746032
3 0.5961038961038961 0.8698412698412699 0.17272727272727273 0.26031746031746034
1 0.522077922077922 0.5190476190476191 0.06233766233766234 0.12222222222222222
1 0.5025974025974026 0.37777777777777777 0.04415584415584416 0.09206349206349207
1 0.6415584415584416 0.4492063492063492 0.06623376623376623 0.09365079365079365
2 0.6090909090909091 0.3968253968253968 0.032467532467532464 0.044444444444444446
1 0.6116883116883117 0.3603174603174603 0.03896103896103896 0.07142857142857142
3 0.5688311688311688 0.37936507936507935 0.06753246753246753 0.15714285714285714
1 0.5857142857142857 0.2968253968253968 0.03896103896103896 0.05238095238095238
3 0.5402597402597402 0.2841269841269841 0.07532467532467532 0.10158730158730159
1 0.5402597402597402 0.21428571428571427 0.02987012987012987 0.05555555555555555
3 0.4948051948051948 0.2746031746031746 0.04155844155844156 0.09682539682539683
2 0.5623376623376624 0.6714285714285714 0.06883116883116883 0.11746031746031746
2 0.5818181818181818 0.5396825396825397 0.032467532467532464 0.11904761904761904
2 0.5935064935064935 0.5 0.03636363636363636 0.09206349206349207
2 0.7051948051948052 0.49682539682539684 0.04025974025974026 0.08095238095238096
2 0.4922077922077922 0.45714285714285713 0.02987012987012987 0.07142857142857142
2 0.5285714285714286 0.4603174603174603 0.033766233766233764 0.07777777777777778
2 0.6350649350649351 0.3476190476190476 0.01818181818181818 0.05555555555555555
2 0.4714285714285714 0.34285714285714286 0.02727272727272727 0.06984126984126984
2 0.4857142857142857 0.35079365079365077 0.02077922077922078 0.050793650793650794
2 0.6025974025974026 0.3111111111111111 0.00909090909090909 0.044444444444444446
2 0.5935064935064935 0.29523809523809524 0.02207792207792208 0.06349206349206349
2 0.5727272727272728 0.26666666666666666 0.02987012987012987 0.049206349206349205
2 0.4714285714285714 0.2650793650793651 0.024675324675324677 0.044444444444444446
2 0.4948051948051948 0.1873015873015873 0.02207792207792208 0.03650793650793651
2 0.4753246753246753 0.15555555555555556 0.016883116883116882 0.026984126984126985
2 0.4909090909090909 0.15555555555555556 0.011688311688311689 0.026984126984126985
2 0.4883116883116883 0.1253968253968254 0.00909090909090909 0.01904761904761905
2 0.4987012987012987 0.12857142857142856 0.007792207792207792 0.020634920634920634
2 0.4909090909090909 0.11904761904761904 0.00909090909090909 0.014285714285714285
2 0.5025974025974026 0.11587301587301588 0.011688311688311689 0.015873015873015872
2 0.4909090909090909 0.10793650793650794 0.005194805194805195 0.015873015873015872
2 0.5 0.09682539682539683 0.00909090909090909 0.015873015873015872
2 0.509090909090909 0.10158730158730159 0.006493506493506494 0.012698412698412698
2 0.5064935064935064 0.09206349206349207 0.007792207792207792 0.011111111111111112