2 0.9272727272727272 0.9333333333333333 0.05064935064935065 0.13174603174603175
2 0.8753246753246753 0.9698412698412698 0.03506493506493506 0.06031746031746032
2 0.9675324675324676 0.6714285714285714 0.025974025974025976 0.12857142857142856
2 0.7740259740259741 0.6301587301587301 0.03636363636363636 0.0746031746031746
2 0.7285714285714285 0.5682539682539682 0.033766233766233764 0.08412698412698413
2 0.6753246753246753 0.5873015873015873 0.01948051948051948 0.10317460317460317
2 0.6428571428571429 0.6492063492063492 0.04415584415584416 0.1365079365079365
2 0.6818181818181818 0.4873015873015873 0.023376623376623377 0.07142857142857142
2 0.6857142857142857 0.5365079365079365 0.023376623376623377 0.1
2 0.6142857142857143 0.7619047619047619 0.03896103896103896 0.14285714285714285
2 0.5675324675324676 0.7047619047619048 0.03896103896103896 0.1253968253968254
2 0.5818181818181818 0.7952380952380952 0.03766233766233766 0.15555555555555556
2 0.6077922077922078 0.8746031746031746 0.04935064935064935 0.16984126984126985
2 0.6194805194805195 0.9571428571428572 0.04155844155844156 0.08571428571428572
2 0.5506493506493506 0.8333333333333334 0.03506493506493506 0.15079365079365079
2 0.5376623376623376 0.926984126984127 0.04155844155844156 0.14603174603174604
2 0.4961038961038961 0.48412698412698413 0.02207792207792208 0.09365079365079365
2 0.487012987012987 0.3476190476190476 0.01818181818181818 0.06507936507936508
2 0.525974025974026 0.36666666666666664 0.016883116883116882 0.06190476190476191
2 0.5038961038961038 0.32063492063492066 0.015584415584415584 0.06031746031746032
2 0.4922077922077922 0.2015873015873016 0.011688311688311689 0.03968253968253968
2 0.4948051948051948 0.13968253968253969 0.007792207792207792 0.025396825396825397
2 0.4909090909090909 0.1253968253968254 0.003896103896103896 0.020634920634920634
2 0.5012987012987012 0.1126984126984127 0.006493506493506494 0.015873015873015872
2 0.5038961038961038 0.10158730158730159 0.006493506493506494 0.014285714285714285
1 0.4753246753246753 0.21587301587301588 0.023376623376623377 0.04285714285714286
2 0.6415584415584416 0.3904761904761905 0.02077922077922078 0.06825396825396825
2 0.6155844155844156 0.326984126984127 0.011688311688311689 0.025396825396825397
2 0.5792207792207792 0.31746031746031744 0.012987012987012988 0.03650793650793651
2 0.6 0.30793650793650795 0.011688311688311689 0.03968253968253968
2 0.5597402597402598 0.26666666666666666 0.007792207792207792 0.03968253968253968
2 0.5675324675324676 0.25873015873015875 0.006493506493506494 0.03650793650793651
2 0.574025974025974 0.2714285714285714 0.006493506493506494 0.02857142857142857
2 0.5792207792207792 0.28253968253968254 0.007792207792207792 0.03333333333333333
2 0.5493506493506494 0.2126984126984127 0.005194805194805195 0.012698412698412698
2 0.561038961038961 0.24126984126984127 0.01038961038961039 0.015873015873015872
2 0.5545454545454546 0.22698412698412698 0.011688311688311689 0.022222222222222223
2 0.5207792207792208 0.1746031746031746 0.007792207792207792 0.01904761904761905
1 0.5311688311688312 0.20634920634920634 0.02207792207792208 0.022222222222222223
1 0.5597402597402598 0.3253968253968254 0.03896103896103896 0.06825396825396825
1 0.6077922077922078 0.3761904761904762 0.05194805194805195 0.09682539682539683
2 0.5857142857142857 0.33650793650793653 0.00909090909090909 0.0380952380952381
2 0.5922077922077922 0.3142857142857143 0.01038961038961039 0.023809523809523808
1 0.561038961038961 0.3873015873015873 0.03896103896103896 0.08412698412698413
1 0.5987012987012987 0.4492063492063492 0.05194805194805195 0.10793650793650794
1 0.7467532467532467 0.6904761904761905 0.11558441558441558 0.1761904761904762
1 0.7285714285714285 0.8825396825396825 0.15194805194805194 0.23333333333333334
1 0.5337662337662338 0.526984126984127 0.06623376623376623 0.1492063492063492
1 0.5103896103896104 0.39365079365079364 0.04935064935064935 0.09841269841269841
3 0.5363636363636364 0.26825396825396824 0.05064935064935065 0.10793650793650794