2 0.9103896103896104 0.9317460317460318 0.09090909090909091 0.12063492063492064
2 0.8194805194805195 0.9031746031746032 0.07272727272727272 0.15079365079365079
2 0.6220779220779221 0.946031746031746 0.05454545454545454 0.10793650793650794
2 0.7818181818181819 0.6984126984126984 0.05454545454545454 0.12380952380952381
2 0.6688311688311688 0.5682539682539682 0.04935064935064935 0.09523809523809523
2 0.6090909090909091 0.5698412698412698 0.03766233766233766 0.10476190476190476
2 0.5714285714285714 0.5349206349206349 0.032467532467532464 0.09365079365079365
2 0.6714285714285714 0.5 0.045454545454545456 0.09206349206349207
2 0.6194805194805195 0.4444444444444444 0.03896103896103896 0.08253968253968254
2 0.6454545454545455 0.42698412698412697 0.03116883116883117 0.06666666666666667
2 0.5194805194805194 0.44603174603174606 0.045454545454545456 0.06984126984126984
2 0.6168831168831169 0.35555555555555557 0.033766233766233764 0.06349206349206349
2 0.5363636363636364 0.36666666666666664 0.03116883116883117 0.06825396825396825
2 0.5701298701298702 0.30158730158730157 0.03116883116883117 0.047619047619047616
2 0.5441558441558442 0.28888888888888886 0.03116883116883117 0.05714285714285714
2 0.5246753246753246 0.22857142857142856 0.025974025974025976 0.049206349206349205
2 0.5558441558441558 0.23809523809523808 0.025974025974025976 0.03492063492063492
2 0.5727272727272728 0.2714285714285714 0.02077922077922078 0.031746031746031744
2 0.525974025974026 0.2015873015873016 0.01948051948051948 0.020634920634920634
2 0.5012987012987012 0.19682539682539682 0.011688311688311689 0.03015873015873016
2 0.5311688311688312 0.17936507936507937 0.02727272727272727 0.020634920634920634
2 0.5142857142857142 0.18571428571428572 0.015584415584415584 0.03015873015873016
2 0.4766233766233766 0.18571428571428572 0.014285714285714285 0.03333333333333333
2 0.5051948051948052 0.1746031746031746 0.00909090909090909 0.025396825396825397
2 0.4922077922077922 0.1523809523809524 0.007792207792207792 0.01904761904761905
2 0.4909090909090909 0.1349206349206349 0.007792207792207792 0.01904761904761905
2 0.5051948051948052 0.11587301587301588 0.003896103896103896 0.015873015873015872
2 0.4948051948051948 0.11428571428571428 0.003896103896103896 0.011111111111111112
3 0.4857142857142857 0.25555555555555554 0.053246753246753244 0.12222222222222222
1 0.487012987012987 0.11746031746031746 0.01038961038961039 0.01746031746031746
1 0.4909090909090909 0.10317460317460317 0.01038961038961039 0.012698412698412698
1 0.5012987012987012 0.09841269841269841 0.015584415584415584 0.014285714285714285