2 0.5493506493506494 0.953968253968254 0.04415584415584416 0.09206349206349207
2 0.625974025974026 0.9412698412698413 0.05714285714285714 0.11587301587301588
2 0.8831168831168831 0.9920634920634921 0.05064935064935065 0.015873015873015872
1 0.7207792207792207 0.8809523809523809 0.12727272727272726 0.23809523809523808
2 0.5285714285714286 0.6761904761904762 0.04155844155844156 0.13174603174603175
2 0.6805194805194805 0.5936507936507937 0.03506493506493506 0.1126984126984127
2 0.5766233766233766 0.4603174603174603 0.03896103896103896 0.09523809523809523
1 0.6519480519480519 0.4984126984126984 0.08311688311688312 0.13015873015873017
2 0.6480519480519481 0.4 0.023376623376623377 0.07301587301587302
2 0.6103896103896104 0.37777777777777777 0.023376623376623377 0.06825396825396825
2 0.6142857142857143 0.3396825396825397 0.016883116883116882 0.04285714285714286
2 0.5558441558441558 0.30634920634920637 0.01948051948051948 0.05873015873015873
2 0.5467532467532468 0.25555555555555554 0.016883116883116882 0.049206349206349205
2 0.5662337662337662 0.2571428571428571 0.012987012987012988 0.05238095238095238
2 0.5597402597402598 0.2396825396825397 0.012987012987012988 0.031746031746031744
2 0.461038961038961 0.2111111111111111 0.01948051948051948 0.046031746031746035
3 0.5103896103896104 0.19206349206349208 0.02857142857142857 0.06666666666666667
2 0.4857142857142857 0.16984126984126985 0.00909090909090909 0.0380952380952381
2 0.4948051948051948 0.15714285714285714 0.00909090909090909 0.025396825396825397
2 0.5025974025974026 0.13333333333333333 0.006493506493506494 0.026984126984126985
1 0.4688311688311688 0.11587301587301588 0.016883116883116882 0.03333333333333333
1 0.4844155844155844 0.11746031746031746 0.00909090909090909 0.025396825396825397
1 0.4883116883116883 0.1253968253968254 0.011688311688311689 0.01904761904761905
2 0.5025974025974026 0.1126984126984127 0.006493506493506494 0.01746031746031746
1 0.474025974025974 0.14603174603174604 0.01818181818181818 0.03650793650793651
1 0.4974025974025974 0.10476190476190476 0.011688311688311689 0.01904761904761905
1 0.4909090909090909 0.1 0.01038961038961039 0.015873015873015872