0 0.7675324675324675 0.7444444444444445 0.274025974025974 0.5111111111111111
2 0.5987012987012987 0.6349206349206349 0.02727272727272727 0.12222222222222222
2 0.5961038961038961 0.5492063492063493 0.025974025974025976 0.08253968253968254
2 0.5558441558441558 0.553968253968254 0.033766233766233764 0.0746031746031746
2 0.5272727272727272 0.5301587301587302 0.024675324675324677 0.08253968253968254
2 0.4987012987012987 0.5523809523809524 0.02727272727272727 0.10317460317460317
1 0.5363636363636364 0.6761904761904762 0.08051948051948052 0.2
2 0.5584415584415584 0.5015873015873016 0.02987012987012987 0.06984126984126984
2 0.5506493506493506 0.4634920634920635 0.024675324675324677 0.08412698412698413
2 0.5558441558441558 0.42857142857142855 0.015584415584415584 0.05238095238095238
2 0.5753246753246753 0.3984126984126984 0.015584415584415584 0.05714285714285714
2 0.6038961038961039 0.4126984126984127 0.023376623376623377 0.04285714285714286
2 0.5402597402597402 0.39206349206349206 0.025974025974025976 0.07301587301587302
2 0.522077922077922 0.36666666666666664 0.015584415584415584 0.050793650793650794
1 0.5987012987012987 0.473015873015873 0.05844155844155844 0.11587301587301588
1 0.5064935064935064 0.40793650793650793 0.04935064935064935 0.12063492063492064
2 0.564935064935065 0.3603174603174603 0.01818181818181818 0.05396825396825397
2 0.6 0.3476190476190476 0.015584415584415584 0.05238095238095238
2 0.5961038961038961 0.33015873015873015 0.015584415584415584 0.04126984126984127
1 0.6298701298701299 0.37777777777777777 0.053246753246753244 0.11746031746031746
2 0.5714285714285714 0.34285714285714286 0.01818181818181818 0.047619047619047616
2 0.5857142857142857 0.30793650793650795 0.015584415584415584 0.05873015873015873
2 0.564935064935065 0.3111111111111111 0.016883116883116882 0.046031746031746035
2 0.5428571428571428 0.3126984126984127 0.02077922077922078 0.05873015873015873
2 0.509090909090909 0.31587301587301586 0.015584415584415584 0.05714285714285714
2 0.4974025974025974 0.2984126984126984 0.015584415584415584 0.05238095238095238
2 0.5662337662337662 0.28095238095238095 0.015584415584415584 0.049206349206349205
2 0.4974025974025974 0.2365079365079365 0.015584415584415584 0.044444444444444446
2 0.5155844155844156 0.2111111111111111 0.014285714285714285 0.044444444444444446
2 0.5324675324675324 0.2396825396825397 0.014285714285714285 0.03968253968253968
2 0.5324675324675324 0.2111111111111111 0.011688311688311689 0.031746031746031744
2 0.5363636363636364 0.19523809523809524 0.01038961038961039 0.03015873015873016
2 0.522077922077922 0.16984126984126985 0.011688311688311689 0.03492063492063492
2 0.4883116883116883 0.18412698412698414 0.00909090909090909 0.03333333333333333
2 0.4896103896103896 0.1634920634920635 0.011688311688311689 0.026984126984126985
2 0.5012987012987012 0.14444444444444443 0.011688311688311689 0.02857142857142857
2 0.5038961038961038 0.1111111111111111 0.00909090909090909 0.01746031746031746
2 0.5012987012987012 0.1 0.006493506493506494 0.01904761904761905
1 0.4948051948051948 0.11746031746031746 0.012987012987012988 0.02857142857142857
1 0.4688311688311688 0.12380952380952381 0.014285714285714285 0.025396825396825397
1 0.4753246753246753 0.1111111111111111 0.012987012987012988 0.026984126984126985