1 0.7116883116883117 0.8968253968253969 0.15584415584415584 0.20634920634920634
1 0.5935064935064935 0.8952380952380953 0.07402597402597402 0.20952380952380953
1 0.7168831168831169 0.7047619047619048 0.08051948051948052 0.2253968253968254
1 0.5428571428571428 0.5984126984126984 0.08571428571428572 0.21746031746031746
1 0.6844155844155844 0.5968253968253968 0.06623376623376623 0.1492063492063492
1 0.6116883116883117 0.5714285714285714 0.06753246753246753 0.16984126984126985
1 0.4974025974025974 0.43492063492063493 0.03636363636363636 0.07777777777777778
1 0.5805194805194805 0.46825396825396826 0.06363636363636363 0.1492063492063492
1 0.509090909090909 0.39365079365079364 0.05714285714285714 0.12222222222222222
1 0.5961038961038961 0.35555555555555557 0.03766233766233766 0.06984126984126984
2 0.5012987012987012 0.4936507936507937 0.023376623376623377 0.08888888888888889
2 0.5116883116883116 0.4523809523809524 0.023376623376623377 0.05555555555555555
2 0.5376623376623376 0.4650793650793651 0.02727272727272727 0.06984126984126984
2 0.535064935064935 0.4158730158730159 0.024675324675324677 0.05555555555555555
2 0.5376623376623376 0.3873015873015873 0.02857142857142857 0.049206349206349205
2 0.525974025974026 0.35873015873015873 0.02207792207792208 0.06507936507936508
2 0.5246753246753246 0.33015873015873015 0.016883116883116882 0.05714285714285714
1 0.5428571428571428 0.30793650793650795 0.023376623376623377 0.09365079365079365
1 0.5857142857142857 0.3142857142857143 0.03506493506493506 0.08571428571428572
3 0.4896103896103896 0.3 0.05974025974025974 0.11587301587301588
1 0.4688311688311688 0.23174603174603176 0.032467532467532464 0.06825396825396825
1 0.5207792207792208 0.2492063492063492 0.03766233766233766 0.06349206349206349
1 0.5506493506493506 0.2523809523809524 0.03116883116883117 0.046031746031746035
1 0.4623376623376623 0.2 0.014285714285714285 0.0380952380952381
1 0.4935064935064935 0.18888888888888888 0.02857142857142857 0.06190476190476191
1 0.512987012987013 0.2126984126984127 0.025974025974025976 0.03968253968253968
1 0.5415584415584416 0.21904761904761905 0.025974025974025976 0.05238095238095238
1 0.4649350649350649 0.1746031746031746 0.02207792207792208 0.05238095238095238
1 0.4597402597402597 0.1492063492063492 0.01818181818181818 0.049206349206349205
1 0.4818181818181818 0.14126984126984127 0.01818181818181818 0.049206349206349205
1 0.4857142857142857 0.1523809523809524 0.02077922077922078 0.0380952380952381
1 0.5051948051948052 0.15079365079365079 0.01818181818181818 0.04126984126984127
1 0.4662337662337662 0.11904761904761904 0.01948051948051948 0.047619047619047616
1 0.4831168831168831 0.10952380952380952 0.023376623376623377 0.044444444444444446
1 0.5051948051948052 0.10476190476190476 0.03116883116883117 0.046031746031746035
2 0.5181818181818182 0.11587301587301588 0.016883116883116882 0.03333333333333333
2 0.5324675324675324 0.17777777777777778 0.01818181818181818 0.01746031746031746
2 0.522077922077922 0.16507936507936508 0.012987012987012988 0.023809523809523808
2 0.5584415584415584 0.26825396825396824 0.015584415584415584 0.04285714285714286
2 0.564935064935065 0.24285714285714285 0.016883116883116882 0.03015873015873016
2 0.5571428571428572 0.21904761904761905 0.01038961038961039 0.02857142857142857
2 0.5597402597402598 0.5301587301587302 0.03896103896103896 0.09206349206349207
2 0.7142857142857143 0.5142857142857142 0.02207792207792208 0.09682539682539683
2 0.7324675324675325 0.5968253968253968 0.02857142857142857 0.11746031746031746
2 0.7506493506493507 0.5714285714285714 0.07532467532467532 0.05238095238095238
2 0.5753246753246753 0.7222222222222222 0.07662337662337662 0.12698412698412698
2 0.7649350649350649 0.6857142857142857 0.033766233766233764 0.07777777777777778
2 0.7688311688311689 0.6365079365079365 0.04025974025974026 0.0873015873015873
2 0.7818181818181819 0.8 0.048051948051948054 0.12698412698412698
2 0.8025974025974026 0.7825396825396825 0.05194805194805195 0.11428571428571428
2 0.8116883116883117 0.7317460317460317 0.04155844155844156 0.10952380952380952
2 0.7558441558441559 0.8603174603174604 0.06493506493506493 0.13968253968253969
2 0.5194805194805194 0.8523809523809524 0.03636363636363636 0.12063492063492064
2 0.5103896103896104 0.946031746031746 0.04415584415584416 0.10793650793650794
2 0.7844155844155845 0.9349206349206349 0.033766233766233764 0.13015873015873017
2 0.8376623376623377 0.9523809523809523 0.04935064935064935 0.09523809523809523
2 0.8298701298701299 0.8571428571428571 0.03896103896103896 0.12380952380952381
2 0.8480519480519481 0.8238095238095238 0.02857142857142857 0.12222222222222222
2 0.8623376623376623 0.9333333333333333 0.04155844155844156 0.11428571428571428
2 0.8961038961038961 0.9206349206349206 0.033766233766233764 0.11904761904761904
2 0.9155844155844156 0.8746031746031746 0.05064935064935065 0.12380952380952381
2 0.9831168831168832 0.8936507936507937 0.033766233766233764 0.14444444444444443
2 0.951948051948052 0.9698412698412698 0.04935064935064935 0.06031746031746032
2 0.9168831168831169 0.9714285714285714 0.05194805194805195 0.05714285714285714
0 0.6623376623376623 0.4396825396825397 0.08701298701298701 0.22063492063492063