1 0.8519480519480519 0.9444444444444444 0.12987012987012986 0.1111111111111111
1 0.5883116883116883 0.9238095238095239 0.14415584415584415 0.1523809523809524
1 0.5337662337662338 0.6873015873015873 0.10779220779220779 0.19206349206349208
1 0.6558441558441559 0.6777777777777778 0.13246753246753246 0.22380952380952382
3 0.525974025974026 0.49682539682539684 0.053246753246753244 0.13015873015873017
3 0.6337662337662338 0.47619047619047616 0.1 0.14761904761904762
3 0.487012987012987 0.14285714285714285 0.01818181818181818 0.0380952380952381
1 0.4636363636363636 0.1492063492063492 0.012987012987012988 0.022222222222222223
1 0.4675324675324675 0.13333333333333333 0.011688311688311689 0.012698412698412698
1 0.4844155844155844 0.12380952380952381 0.012987012987012988 0.01904761904761905
1 0.4688311688311688 0.12222222222222222 0.014285714285714285 0.015873015873015872
1 0.4688311688311688 0.10952380952380952 0.01038961038961039 0.01746031746031746
1 0.4766233766233766 0.10793650793650794 0.006493506493506494 0.01746031746031746
1 0.4857142857142857 0.1111111111111111 0.007792207792207792 0.015873015873015872
2 0.4948051948051948 0.11428571428571428 0.007792207792207792 0.012698412698412698
2 0.4922077922077922 0.10634920634920635 0.006493506493506494 0.009523809523809525
2 0.4987012987012987 0.10634920634920635 0.006493506493506494 0.011111111111111112
1 0.5012987012987012 0.09047619047619047 0.01038961038961039 0.01746031746031746
2 0.5012987012987012 0.1380952380952381 0.005194805194805195 0.012698412698412698
2 0.5116883116883116 0.14126984126984127 0.00909090909090909 0.015873015873015872
2 0.5428571428571428 0.21587301587301588 0.012987012987012988 0.025396825396825397
2 0.551948051948052 0.24285714285714285 0.014285714285714285 0.031746031746031744
2 0.5935064935064935 0.35714285714285715 0.02207792207792208 0.06984126984126984
2 0.5558441558441558 0.4142857142857143 0.032467532467532464 0.06507936507936508
2 0.6857142857142857 0.4650793650793651 0.03506493506493506 0.06349206349206349
2 0.6727272727272727 0.4888888888888889 0.03116883116883117 0.0746031746031746
2 0.587012987012987 0.5412698412698412 0.04025974025974026 0.08888888888888889
2 0.7116883116883117 0.5444444444444444 0.033766233766233764 0.07936507936507936
2 0.7896103896103897 0.7111111111111111 0.03766233766233766 0.10952380952380952
2 0.7246753246753247 0.7047619047619048 0.045454545454545456 0.11904761904761904
2 0.7896103896103897 0.8111111111111111 0.04025974025974026 0.11587301587301588
2 0.7246753246753247 0.926984126984127 0.06103896103896104 0.14603174603174604
2 0.8935064935064935 0.8666666666666667 0.045454545454545456 0.13174603174603175
2 0.9103896103896104 0.9634920634920635 0.05584415584415584 0.06666666666666667