1 0.6168831168831169 0.5984126984126984 0.08181818181818182 0.16031746031746033
2 0.5116883116883116 0.6507936507936508 0.03116883116883117 0.11428571428571428
2 0.551948051948052 0.5650793650793651 0.024675324675324677 0.08412698412698413
2 0.5064935064935064 0.5682539682539682 0.01948051948051948 0.07301587301587302
2 0.5285714285714286 0.4587301587301587 0.03766233766233766 0.10317460317460317
2 0.6662337662337663 0.5206349206349207 0.02077922077922078 0.09682539682539683
2 0.6948051948051948 0.6603174603174603 0.02987012987012987 0.11904761904761904
2 0.7779220779220779 0.7380952380952381 0.03116883116883117 0.13015873015873017
2 0.7792207792207793 0.6714285714285714 0.02727272727272727 0.09682539682539683
2 0.8454545454545455 0.846031746031746 0.03766233766233766 0.1365079365079365
2 0.8142857142857143 0.8857142857142857 0.03896103896103896 0.10476190476190476
2 0.8025974025974026 0.9555555555555556 0.04935064935064935 0.08888888888888889
2 0.6064935064935065 0.346031746031746 0.02207792207792208 0.06507936507936508
2 0.5207792207792208 0.2634920634920635 0.016883116883116882 0.05396825396825397
2 0.5584415584415584 0.25873015873015875 0.00909090909090909 0.03015873015873016
2 0.5064935064935064 0.20634920634920634 0.011688311688311689 0.04126984126984127
2 0.5077922077922078 0.1523809523809524 0.007792207792207792 0.031746031746031744
2 0.4948051948051948 0.14761904761904762 0.003896103896103896 0.026984126984126985
2 0.4857142857142857 0.1492063492063492 0.006493506493506494 0.025396825396825397
2 0.4896103896103896 0.13333333333333333 0.006493506493506494 0.01904761904761905
2 0.4987012987012987 0.12222222222222222 0.006493506493506494 0.022222222222222223
1 0.4805194805194805 0.2126984126984127 0.025974025974025976 0.049206349206349205
1 0.5597402597402598 0.30317460317460315 0.03636363636363636 0.06349206349206349
1 0.5818181818181818 0.8857142857142857 0.12077922077922078 0.22857142857142856
1 0.6948051948051948 0.8365079365079365 0.1 0.21904761904761905
1 0.4688311688311688 0.1253968253968254 0.00909090909090909 0.022222222222222223
1 0.4909090909090909 0.09841269841269841 0.00909090909090909 0.01746031746031746
1 0.4766233766233766 0.11587301587301588 0.007792207792207792 0.020634920634920634
1 0.4818181818181818 0.10476190476190476 0.006493506493506494 0.011111111111111112
1 0.5025974025974026 0.09206349206349207 0.005194805194805195 0.012698412698412698
1 0.5298701298701298 0.1984126984126984 0.023376623376623377 0.05238095238095238