2 0.5207792207792208 0.9444444444444444 0.04025974025974026 0.1111111111111111
2 0.564935064935065 0.9555555555555556 0.03636363636363636 0.0873015873015873
2 0.7714285714285715 0.9793650793650793 0.04025974025974026 0.04126984126984127
2 0.8337662337662337 0.953968253968254 0.04025974025974026 0.09206349206349207
2 0.8753246753246753 0.946031746031746 0.033766233766233764 0.10793650793650794
2 0.9194805194805195 0.9603174603174603 0.03766233766233766 0.07936507936507936
2 0.9766233766233766 0.9825396825396825 0.046753246753246755 0.03333333333333333
2 0.9792207792207792 0.9126984126984127 0.04155844155844156 0.13333333333333333
2 0.9207792207792208 0.8968253968253969 0.04415584415584416 0.10952380952380952
2 0.8701298701298701 0.8809523809523809 0.04155844155844156 0.11746031746031746
2 0.7896103896103897 0.8952380952380953 0.03636363636363636 0.14285714285714285
2 0.712987012987013 0.8888888888888888 0.05454545454545454 0.15555555555555556
2 0.7688311688311689 0.8142857142857143 0.04935064935064935 0.12222222222222222
2 0.8233766233766234 0.8571428571428571 0.03896103896103896 0.13015873015873017
2 0.8324675324675325 0.792063492063492 0.05194805194805195 0.1380952380952381
2 0.8064935064935065 0.7206349206349206 0.03636363636363636 0.11587301587301588
2 0.7649350649350649 0.707936507936508 0.03896103896103896 0.09047619047619047
2 0.7766233766233767 0.7666666666666667 0.03896103896103896 0.1
2 0.7727272727272727 0.6714285714285714 0.02727272727272727 0.06825396825396825
2 0.7324675324675325 0.7222222222222222 0.03506493506493506 0.12380952380952381
2 0.6402597402597403 0.8 0.04935064935064935 0.06507936507936508
2 0.6324675324675325 0.7492063492063492 0.05064935064935065 0.11428571428571428
2 0.6051948051948052 0.6603174603174603 0.03636363636363636 0.1111111111111111
2 0.6207792207792208 0.6238095238095238 0.023376623376623377 0.1126984126984127
2 0.6558441558441559 0.5873015873015873 0.01818181818181818 0.05714285714285714
2 0.7506493506493507 0.6285714285714286 0.032467532467532464 0.1111111111111111
2 0.7233766233766233 0.6285714285714286 0.032467532467532464 0.1
2 0.7480519480519481 0.5555555555555556 0.032467532467532464 0.0761904761904762
2 0.7077922077922078 0.5888888888888889 0.03896103896103896 0.0873015873015873
2 0.7285714285714285 0.5666666666666667 0.016883116883116882 0.06666666666666667
2 0.712987012987013 0.5396825396825397 0.01948051948051948 0.06190476190476191
2 0.687012987012987 0.5571428571428572 0.01948051948051948 0.08412698412698413
2 0.6805194805194805 0.5174603174603175 0.01948051948051948 0.05873015873015873
2 0.7 0.5063492063492063 0.024675324675324677 0.07142857142857142
2 0.6909090909090909 0.4746031746031746 0.02207792207792208 0.05238095238095238
2 0.6675324675324675 0.4777777777777778 0.02077922077922078 0.05238095238095238
2 0.6636363636363637 0.4634920634920635 0.024675324675324677 0.05238095238095238
2 0.6519480519480519 0.44285714285714284 0.023376623376623377 0.05873015873015873
2 0.551948051948052 0.4365079365079365 0.02077922077922078 0.046031746031746035
2 0.5766233766233766 0.4253968253968254 0.01948051948051948 0.03015873015873016
2 0.6675324675324675 0.41904761904761906 0.025974025974025976 0.049206349206349205
2 0.6766233766233766 0.44126984126984126 0.02077922077922078 0.049206349206349205
2 0.4883116883116883 0.40476190476190477 0.015584415584415584 0.06190476190476191
2 0.4857142857142857 0.37777777777777777 0.02207792207792208 0.05555555555555555
2 0.5194805194805194 0.38095238095238093 0.02857142857142857 0.04285714285714286
2 0.5337662337662338 0.3888888888888889 0.02207792207792208 0.06031746031746032
2 0.6090909090909091 0.39206349206349206 0.02207792207792208 0.03492063492063492
2 0.6025974025974026 0.40793650793650793 0.015584415584415584 0.022222222222222223
2 0.6415584415584416 0.4031746031746032 0.015584415584415584 0.031746031746031744
2 0.6519480519480519 0.38095238095238093 0.01948051948051948 0.02857142857142857
2 0.6363636363636364 0.3968253968253968 0.012987012987012988 0.047619047619047616
2 0.6285714285714286 0.37936507936507935 0.011688311688311689 0.03968253968253968
2 0.6194805194805195 0.36507936507936506 0.014285714285714285 0.046031746031746035
2 0.6376623376623377 0.35555555555555557 0.016883116883116882 0.03333333333333333
2 0.6220779220779221 0.3349206349206349 0.012987012987012988 0.03492063492063492
2 0.6116883116883117 0.3238095238095238 0.01038961038961039 0.03650793650793651
2 0.6025974025974026 0.31746031746031744 0.014285714285714285 0.03015873015873016
2 0.577922077922078 0.35555555555555557 0.014285714285714285 0.046031746031746035
2 0.5714285714285714 0.33650793650793653 0.01038961038961039 0.03333333333333333
2 0.561038961038961 0.3 0.014285714285714285 0.047619047619047616
2 0.5948051948051948 0.29523809523809524 0.012987012987012988 0.023809523809523808
2 0.6012987012987013 0.28888888888888886 0.006493506493506494 0.022222222222222223
2 0.5818181818181818 0.2746031746031746 0.007792207792207792 0.022222222222222223
2 0.587012987012987 0.2873015873015873 0.003896103896103896 0.01904761904761905
2 0.5233766233766234 0.3603174603174603 0.016883116883116882 0.049206349206349205
2 0.5168831168831168 0.34285714285714286 0.02077922077922078 0.04126984126984127
2 0.5181818181818182 0.31587301587301586 0.011688311688311689 0.025396825396825397
2 0.5883116883116883 0.26666666666666666 0.011688311688311689 0.025396825396825397
2 0.5766233766233766 0.2619047619047619 0.00909090909090909 0.03015873015873016
2 0.5636363636363636 0.2634920634920635 0.011688311688311689 0.022222222222222223
2 0.551948051948052 0.2619047619047619 0.011688311688311689 0.026984126984126985
2 0.548051948051948 0.24285714285714285 0.006493506493506494 0.014285714285714285
2 0.5415584415584416 0.2523809523809524 0.012987012987012988 0.02857142857142857
2 0.5155844155844156 0.30317460317460315 0.007792207792207792 0.023809523809523808
2 0.5155844155844156 0.2873015873015873 0.01038961038961039 0.01746031746031746
2 0.5077922077922078 0.2761904761904762 0.014285714285714285 0.02857142857142857
2 0.5064935064935064 0.26031746031746034 0.01038961038961039 0.02857142857142857
2 0.4987012987012987 0.2507936507936508 0.00909090909090909 0.03333333333333333
2 0.4948051948051948 0.23333333333333334 0.006493506493506494 0.031746031746031744
2 0.5194805194805194 0.2365079365079365 0.01038961038961039 0.015873015873015872
2 0.5584415584415584 0.21904761904761905 0.005194805194805195 0.014285714285714285
2 0.5623376623376624 0.23333333333333334 0.01038961038961039 0.02857142857142857
2 0.5636363636363636 0.2507936507936508 0.01038961038961039 0.01904761904761905
2 0.551948051948052 0.2015873015873016 0.006493506493506494 0.025396825396825397
2 0.45454545454545453 0.1523809523809524 0.005194805194805195 0.020634920634920634
2 0.5103896103896104 0.14603174603174604 0.005194805194805195 0.01746031746031746
2 0.5142857142857142 0.1523809523809524 0.0025974025974025974 0.01746031746031746
2 0.509090909090909 0.16031746031746033 0.003896103896103896 0.015873015873015872
2 0.5025974025974026 0.16666666666666666 0.006493506493506494 0.014285714285714285
2 0.5077922077922078 0.13015873015873017 0.005194805194805195 0.011111111111111112
2 0.5064935064935064 0.11587301587301588 0.003896103896103896 0.006349206349206349
2 0.5064935064935064 0.10952380952380952 0.006493506493506494 0.007936507936507936
2 0.5025974025974026 0.1111111111111111 0.0025974025974025974 0.004761904761904762
2 0.5025974025974026 0.11904761904761904 0.0025974025974025974 0.007936507936507936
2 0.5181818181818182 0.19206349206349208 0.006493506493506494 0.022222222222222223
1 0.6558441558441559 0.9142857142857143 0.12337662337662338 0.17142857142857143
1 0.5623376623376624 0.6952380952380952 0.08571428571428572 0.21428571428571427
1 0.674025974025974 0.7031746031746032 0.09740259740259741 0.20952380952380953
1 0.6454545454545455 0.5380952380952381 0.07532467532467532 0.1349206349206349
1 0.5376623376623376 0.5492063492063493 0.06493506493506493 0.14285714285714285
1 0.577922077922078 0.49047619047619045 0.05844155844155844 0.1253968253968254
1 0.6181818181818182 0.45714285714285713 0.053246753246753244 0.10952380952380952
1 0.5974025974025974 0.4015873015873016 0.0012987012987012987 0.0015873015873015873
1 0.5155844155844156 0.4301587301587302 0.05194805194805195 0.06825396825396825
1 0.5168831168831168 0.49682539682539684 0.046753246753246755 0.09206349206349207
1 0.564935064935065 0.4 0.04285714285714286 0.08253968253968254
1 0.548051948051948 0.3476190476190476 0.033766233766233764 0.05873015873015873
1 0.5818181818181818 0.3142857142857143 0.03636363636363636 0.06031746031746032
1 0.487012987012987 0.34285714285714286 0.033766233766233764 0.06349206349206349
1 0.4922077922077922 0.319047619047619 0.03896103896103896 0.06031746031746032
1 0.5415584415584416 0.3126984126984127 0.02857142857142857 0.03968253968253968
1 0.538961038961039 0.2873015873015873 0.02987012987012987 0.0380952380952381
1 0.522077922077922 0.2619047619047619 0.02077922077922078 0.03650793650793651
1 0.4909090909090909 0.2873015873015873 0.02987012987012987 0.03968253968253968
1 0.4844155844155844 0.2619047619047619 0.02727272727272727 0.04126984126984127
1 0.4792207792207792 0.22857142857142856 0.024675324675324677 0.03650793650793651
1 0.4675324675324675 0.21587301587301588 0.01948051948051948 0.044444444444444446
1 0.5116883116883116 0.23333333333333334 0.02077922077922078 0.02857142857142857
1 0.5415584415584416 0.2253968253968254 0.02077922077922078 0.02857142857142857
1 0.5506493506493506 0.2365079365079365 0.023376623376623377 0.023809523809523808
1 0.509090909090909 0.20793650793650795 0.023376623376623377 0.03333333333333333
1 0.5025974025974026 0.19523809523809524 0.01948051948051948 0.026984126984126985
1 0.538961038961039 0.2 0.01948051948051948 0.02857142857142857
1 0.5311688311688312 0.19523809523809524 0.02207792207792208 0.03968253968253968
1 0.5168831168831168 0.17777777777777778 0.016883116883116882 0.01746031746031746
1 0.4948051948051948 0.17936507936507937 0.015584415584415584 0.023809523809523808
1 0.4896103896103896 0.16984126984126985 0.012987012987012988 0.026984126984126985
1 0.4649350649350649 0.18888888888888888 0.02077922077922078 0.01904761904761905
1 0.4753246753246753 0.2 0.016883116883116882 0.023809523809523808
1 0.4701298701298701 0.1761904761904762 0.02207792207792208 0.014285714285714285
1 0.4649350649350649 0.16825396825396827 0.012987012987012988 0.023809523809523808
1 0.4714285714285714 0.15873015873015872 0.01818181818181818 0.026984126984126985
1 0.4844155844155844 0.15079365079365079 0.015584415584415584 0.01746031746031746
1 0.5012987012987012 0.15079365079365079 0.012987012987012988 0.020634920634920634
1 0.5 0.1365079365079365 0.014285714285714285 0.011111111111111112
1 0.4831168831168831 0.1365079365079365 0.012987012987012988 0.014285714285714285
1 0.4649350649350649 0.1349206349206349 0.012987012987012988 0.014285714285714285
1 0.4662337662337662 0.12380952380952381 0.012987012987012988 0.011111111111111112
1 0.4831168831168831 0.12063492063492064 0.012987012987012988 0.006349206349206349
1 0.4948051948051948 0.11746031746031746 0.01038961038961039 0.012698412698412698
1 0.4818181818181818 0.1126984126984127 0.00909090909090909 0.011111111111111112
1 0.4675324675324675 0.11428571428571428 0.011688311688311689 0.012698412698412698
3 0.4714285714285714 0.10158730158730159 0.011688311688311689 0.03015873015873016
1 0.4857142857142857 0.10793650793650794 0.00909090909090909 0.014285714285714285
1 0.4948051948051948 0.09682539682539683 0.015584415584415584 0.011111111111111112
1 0.5077922077922078 0.09523809523809523 0.007792207792207792 0.009523809523809525
2 0.5948051948051948 0.273015873015873 0.006493506493506494 0.01904761904761905
2 0.45454545454545453 0.16507936507936508 0.006493506493506494 0.023809523809523808