2 0.587012987012987 0.7444444444444445 0.045454545454545456 0.15873015873015872
2 0.5571428571428572 0.6079365079365079 0.03766233766233766 0.12222222222222222
2 0.5805194805194805 0.40793650793650793 0.03506493506493506 0.07777777777777778
2 0.5701298701298702 0.2857142857142857 0.016883116883116882 0.049206349206349205
2 0.5337662337662338 0.2015873015873016 0.014285714285714285 0.031746031746031744
2 0.4987012987012987 0.18253968253968253 0.014285714285714285 0.031746031746031744
2 0.5168831168831168 0.17142857142857143 0.007792207792207792 0.03015873015873016
2 0.4935064935064935 0.16666666666666666 0.007792207792207792 0.023809523809523808
2 0.4961038961038961 0.1492063492063492 0.007792207792207792 0.023809523809523808
2 0.5025974025974026 0.13968253968253969 0.006493506493506494 0.022222222222222223
2 0.5064935064935064 0.1492063492063492 0.006493506493506494 0.01904761904761905
2 0.5116883116883116 0.1619047619047619 0.007792207792207792 0.023809523809523808
2 0.5012987012987012 0.1126984126984127 0.003896103896103896 0.011111111111111112
2 0.5064935064935064 0.10634920634920635 0.005194805194805195 0.015873015873015872
1 0.4675324675324675 0.1365079365079365 0.014285714285714285 0.02857142857142857
1 0.4818181818181818 0.1253968253968254 0.012987012987012988 0.023809523809523808
3 0.4753246753246753 0.2126984126984127 0.03636363636363636 0.09841269841269841
3 0.5441558441558442 0.24444444444444444 0.033766233766233764 0.06349206349206349
1 0.4909090909090909 0.10952380952380952 0.00909090909090909 0.01746031746031746
1 0.487012987012987 0.10158730158730159 0.007792207792207792 0.012698412698412698
1 0.4987012987012987 0.09682539682539683 0.01038961038961039 0.011111111111111112