2 0.5181818181818182 0.8968253968253969 0.04285714285714286 0.1746031746031746
2 0.6909090909090909 0.9142857142857143 0.03506493506493506 0.15079365079365079
1 0.6077922077922078 0.8333333333333334 0.12597402597402596 0.3333333333333333
2 0.6532467532467533 0.7571428571428571 0.02857142857142857 0.1126984126984127
2 0.6883116883116883 0.7301587301587301 0.03116883116883117 0.10793650793650794
2 0.7337662337662337 0.7634920634920634 0.03506493506493506 0.10793650793650794
2 0.7701298701298701 0.7507936507936508 0.025974025974025976 0.10952380952380952
2 0.7896103896103897 0.7253968253968254 0.02987012987012987 0.09841269841269841
2 0.8493506493506493 0.8301587301587302 0.032467532467532464 0.13015873015873017
2 0.9012987012987013 0.9428571428571428 0.04285714285714286 0.1
2 0.9857142857142858 0.8809523809523809 0.02207792207792208 0.13015873015873017
2 0.7350649350649351 0.6428571428571429 0.032467532467532464 0.09682539682539683
2 0.7831168831168831 0.5365079365079365 0.02987012987012987 0.08412698412698413
2 0.5896103896103896 0.6571428571428571 0.023376623376623377 0.03015873015873016
2 0.5701298701298702 0.6111111111111112 0.025974025974025976 0.09365079365079365
2 0.5636363636363636 0.5396825396825397 0.02727272727272727 0.07142857142857142
2 0.5441558441558442 0.46825396825396826 0.025974025974025976 0.0746031746031746
2 0.5441558441558442 0.4031746031746032 0.01948051948051948 0.06190476190476191
2 0.6337662337662338 0.4634920634920635 0.02077922077922078 0.07301587301587302
1 0.6779220779220779 0.5190476190476191 0.053246753246753244 0.1111111111111111
2 0.6727272727272727 0.4507936507936508 0.016883116883116882 0.0380952380952381
2 0.6584415584415585 0.42698412698412697 0.01948051948051948 0.06031746031746032
1 0.612987012987013 0.37142857142857144 0.04935064935064935 0.08571428571428572
2 0.6077922077922078 0.3111111111111111 0.011688311688311689 0.046031746031746035
2 0.6155844155844156 0.32063492063492066 0.00909090909090909 0.02857142857142857
1 0.577922077922078 0.2968253968253968 0.03766233766233766 0.05714285714285714
2 0.5974025974025974 0.2920634920634921 0.011688311688311689 0.0380952380952381
3 0.5181818181818182 0.23174603174603176 0.02727272727272727 0.06190476190476191
2 0.5324675324675324 0.20793650793650795 0.006493506493506494 0.020634920634920634
2 0.538961038961039 0.1984126984126984 0.003896103896103896 0.015873015873015872
3 0.4805194805194805 0.21904761904761905 0.04155844155844156 0.09841269841269841
1 0.4883116883116883 0.16666666666666666 0.01818181818181818 0.025396825396825397
2 0.5051948051948052 0.16984126984126985 0.003896103896103896 0.020634920634920634
2 0.4987012987012987 0.15714285714285714 0.007792207792207792 0.01746031746031746
1 0.4844155844155844 0.14761904761904762 0.014285714285714285 0.011111111111111112
2 0.4948051948051948 0.14444444444444443 0.005194805194805195 0.015873015873015872
2 0.5077922077922078 0.15396825396825398 0.006493506493506494 0.01746031746031746
2 0.5 0.13968253968253969 0.005194805194805195 0.014285714285714285
2 0.5064935064935064 0.1380952380952381 0.003896103896103896 0.014285714285714285
2 0.5103896103896104 0.14126984126984127 0.005194805194805195 0.011111111111111112
1 0.5246753246753246 0.18253968253968253 0.01818181818181818 0.03650793650793651
2 0.5181818181818182 0.15079365079365079 0.003896103896103896 0.014285714285714285
1 0.4818181818181818 0.1365079365079365 0.012987012987012988 0.007936507936507936
2 0.4948051948051948 0.13333333333333333 0.007792207792207792 0.014285714285714285
2 0.5 0.13015873015873017 0.006493506493506494 0.012698412698412698
2 0.5064935064935064 0.12698412698412698 0.003896103896103896 0.014285714285714285
2 0.5116883116883116 0.12698412698412698 0.003896103896103896 0.015873015873015872
2 0.4961038961038961 0.12222222222222222 0.007792207792207792 0.011111111111111112
1 0.8012987012987013 0.9158730158730158 0.14285714285714285 0.16825396825396827
1 0.625974025974026 0.5698412698412698 0.07142857142857142 0.1523809523809524
1 0.5883116883116883 0.45555555555555555 0.048051948051948054 0.1126984126984127
1 0.5623376623376624 0.36507936507936506 0.046753246753246755 0.08571428571428572
1 0.5064935064935064 0.40793650793650793 0.04025974025974026 0.06349206349206349
1 0.4974025974025974 0.3412698412698413 0.03636363636363636 0.07777777777777778
1 0.5311688311688312 0.2904761904761905 0.02857142857142857 0.06349206349206349
1 0.4805194805194805 0.2841269841269841 0.025974025974025976 0.0380952380952381
3 0.4636363636363636 0.16825396825396827 0.02207792207792208 0.050793650793650794
1 0.461038961038961 0.1365079365079365 0.016883116883116882 0.012698412698412698
1 0.4623376623376623 0.12063492063492064 0.015584415584415584 0.014285714285714285
1 0.4662337662337662 0.10793650793650794 0.012987012987012988 0.009523809523809525
0 0.4818181818181818 0.09206349206349207 0.023376623376623377 0.026984126984126985
3 0.5571428571428572 0.23492063492063492 0.03636363636363636 0.09523809523809523