1 0.6 0.9365079365079365 0.10519480519480519 0.12380952380952381
1 0.7298701298701299 0.9396825396825397 0.0987012987012987 0.11904761904761904
1 0.8662337662337662 0.9761904761904762 0.045454545454545456 0.047619047619047616
1 0.5558441558441558 0.780952380952381 0.07402597402597402 0.24603174603174602
1 0.6714285714285714 0.7587301587301587 0.09350649350649351 0.19047619047619047
1 0.7649350649350649 0.7571428571428571 0.07922077922077922 0.22063492063492063
1 0.638961038961039 0.5952380952380952 0.04415584415584416 0.11587301587301588
1 0.5623376623376624 0.6142857142857143 0.04155844155844156 0.11428571428571428
1 0.5116883116883116 0.5 0.03636363636363636 0.12380952380952381
1 0.5922077922077922 0.4984126984126984 0.033766233766233764 0.10317460317460317
1 0.5064935064935064 0.40793650793650793 0.03116883116883117 0.05555555555555555
1 0.5714285714285714 0.4222222222222222 0.023376623376623377 0.06825396825396825
1 0.5571428571428572 0.3619047619047619 0.02857142857142857 0.06349206349206349
1 0.4987012987012987 0.36507936507936506 0.01948051948051948 0.04285714285714286
1 0.4909090909090909 0.3142857142857143 0.016883116883116882 0.050793650793650794
2 0.5 0.6952380952380952 0.025974025974025976 0.12063492063492064
2 0.6077922077922078 0.7380952380952381 0.023376623376623377 0.10793650793650794
2 0.6207792207792208 0.8142857142857143 0.024675324675324677 0.1253968253968254
2 0.6545454545454545 0.9031746031746032 0.024675324675324677 0.14603174603174604
2 0.8545454545454545 0.8492063492063492 0.02857142857142857 0.12380952380952381
2 0.8012987012987013 0.926984126984127 0.025974025974025976 0.12380952380952381
2 0.9181818181818182 0.9507936507936507 0.03116883116883117 0.08571428571428572
2 0.8519480519480519 0.7603174603174603 0.032467532467532464 0.08412698412698413
2 0.7480519480519481 0.6063492063492063 0.02987012987012987 0.0761904761904762
2 0.7194805194805195 0.626984126984127 0.023376623376623377 0.06507936507936508
2 0.7025974025974026 0.6619047619047619 0.023376623376623377 0.10158730158730159
2 0.6844155844155844 0.6142857142857143 0.01948051948051948 0.0873015873015873
2 0.6701298701298701 0.5619047619047619 0.012987012987012988 0.07777777777777778
2 0.7025974025974026 0.5365079365079365 0.014285714285714285 0.047619047619047616
2 0.7285714285714285 0.4793650793650794 0.02077922077922078 0.06507936507936508
2 0.6805194805194805 0.5222222222222223 0.015584415584415584 0.06190476190476191
2 0.5103896103896104 0.6317460317460317 0.01818181818181818 0.08095238095238096
2 0.5558441558441558 0.5380952380952381 0.012987012987012988 0.05873015873015873
2 0.551948051948052 0.4984126984126984 0.006493506493506494 0.05714285714285714
2 0.5597402597402598 0.5063492063492063 0.00909090909090909 0.047619047619047616
2 0.5454545454545454 0.46825396825396826 0.007792207792207792 0.03968253968253968
2 0.538961038961039 0.4174603174603175 0.00909090909090909 0.049206349206349205
2 0.5376623376623376 0.3888888888888889 0.006493506493506494 0.044444444444444446
2 0.5233766233766234 0.36507936507936506 0.00909090909090909 0.044444444444444446
1 0.538961038961039 0.32063492063492066 0.023376623376623377 0.05396825396825397
1 0.5415584415584416 0.2841269841269841 0.023376623376623377 0.050793650793650794
1 0.487012987012987 0.2746031746031746 0.01818181818181818 0.02857142857142857
1 0.4792207792207792 0.2492063492063492 0.012987012987012988 0.020634920634920634
1 0.4831168831168831 0.22857142857142856 0.016883116883116882 0.03015873015873016
3 0.5207792207792208 0.2507936507936508 0.023376623376623377 0.05714285714285714
1 0.5558441558441558 0.2619047619047619 0.016883116883116882 0.0380952380952381
1 0.548051948051948 0.2253968253968254 0.016883116883116882 0.03333333333333333
1 0.5155844155844156 0.2111111111111111 0.01818181818181818 0.022222222222222223
1 0.5025974025974026 0.19206349206349208 0.015584415584415584 0.03015873015873016
1 0.4753246753246753 0.21904761904761905 0.016883116883116882 0.0380952380952381
1 0.4675324675324675 0.20317460317460317 0.015584415584415584 0.03333333333333333
1 0.4675324675324675 0.17777777777777778 0.012987012987012988 0.025396825396825397
1 0.4662337662337662 0.15396825396825398 0.006493506493506494 0.01746031746031746
1 0.5337662337662338 0.20634920634920634 0.00909090909090909 0.031746031746031744
1 0.4948051948051948 0.17142857142857143 0.014285714285714285 0.02857142857142857
1 0.5103896103896104 0.15873015873015872 0.012987012987012988 0.026984126984126985
1 0.4935064935064935 0.1523809523809524 0.012987012987012988 0.023809523809523808
1 0.4883116883116883 0.11746031746031746 0.00909090909090909 0.020634920634920634
1 0.4636363636363636 0.1349206349206349 0.00909090909090909 0.01746031746031746
1 0.4662337662337662 0.1253968253968254 0.006493506493506494 0.01746031746031746
1 0.4714285714285714 0.12063492063492064 0.006493506493506494 0.014285714285714285
1 0.4701298701298701 0.10952380952380952 0.005194805194805195 0.009523809523809525
1 0.4766233766233766 0.10476190476190476 0.006493506493506494 0.015873015873015872
1 0.4831168831168831 0.09841269841269841 0.005194805194805195 0.012698412698412698
3 0.5012987012987012 0.11587301587301588 0.007792207792207792 0.020634920634920634
2 0.6311688311688312 0.49682539682539684 0.014285714285714285 0.05555555555555555
2 0.6480519480519481 0.5190476190476191 0.01038961038961039 0.05238095238095238
2 0.6571428571428571 0.5190476190476191 0.00909090909090909 0.05873015873015873
2 0.6753246753246753 0.48095238095238096 0.015584415584415584 0.05555555555555555
2 0.6519480519480519 0.4777777777777778 0.014285714285714285 0.047619047619047616
2 0.6701298701298701 0.43174603174603177 0.011688311688311689 0.06190476190476191
2 0.6987012987012987 0.4984126984126984 0.011688311688311689 0.049206349206349205
2 0.6545454545454545 0.43333333333333335 0.012987012987012988 0.0380952380952381
2 0.6194805194805195 0.46825396825396826 0.01038961038961039 0.05396825396825397
2 0.6103896103896104 0.42857142857142855 0.007792207792207792 0.05238095238095238
2 0.6311688311688312 0.42698412698412697 0.012987012987012988 0.05555555555555555
2 0.6181818181818182 0.39365079365079364 0.012987012987012988 0.047619047619047616
2 0.6051948051948052 0.3984126984126984 0.00909090909090909 0.04126984126984127
2 0.5935064935064935 0.37777777777777777 0.00909090909090909 0.05555555555555555
2 0.6298701298701299 0.35873015873015873 0.006493506493506494 0.044444444444444446
2 0.6428571428571429 0.42063492063492064 0.007792207792207792 0.050793650793650794
2 0.577922077922078 0.3523809523809524 0.00909090909090909 0.047619047619047616
2 0.6402597402597403 0.37142857142857144 0.007792207792207792 0.047619047619047616
2 0.6181818181818182 0.3634920634920635 0.005194805194805195 0.03492063492063492
2 0.6090909090909091 0.35079365079365077 0.006493506493506494 0.03650793650793651
2 0.6142857142857143 0.32857142857142857 0.00909090909090909 0.03650793650793651
2 0.5987012987012987 0.31746031746031744 0.007792207792207792 0.04285714285714286
2 0.587012987012987 0.33015873015873015 0.01038961038961039 0.046031746031746035
2 0.5753246753246753 0.3111111111111111 0.011688311688311689 0.04126984126984127
2 0.5688311688311688 0.2920634920634921 0.011688311688311689 0.03650793650793651
2 0.5844155844155844 0.28253968253968254 0.007792207792207792 0.03968253968253968
2 0.6077922077922078 0.30634920634920637 0.00909090909090909 0.04285714285714286
2 0.6025974025974026 0.346031746031746 0.00909090909090909 0.0380952380952381
2 0.5142857142857142 0.3126984126984127 0.01038961038961039 0.0380952380952381
2 0.5142857142857142 0.2904761904761905 0.007792207792207792 0.03015873015873016
2 0.5181818181818182 0.3380952380952381 0.006493506493506494 0.050793650793650794
2 0.4688311688311688 0.273015873015873 0.011688311688311689 0.03492063492063492
2 0.5012987012987012 0.26666666666666666 0.011688311688311689 0.0380952380952381
2 0.5 0.23492063492063492 0.006493506493506494 0.03968253968253968
2 0.4831168831168831 0.18571428571428572 0.007792207792207792 0.03968253968253968
2 0.5168831168831168 0.18412698412698414 0.007792207792207792 0.031746031746031744
2 0.45714285714285713 0.15396825396825398 0.00909090909090909 0.031746031746031744
2 0.5246753246753246 0.16825396825396827 0.006493506493506494 0.03492063492063492
2 0.4805194805194805 0.1634920634920635 0.005194805194805195 0.026984126984126985
2 0.4753246753246753 0.1523809523809524 0.003896103896103896 0.026984126984126985
2 0.4805194805194805 0.14444444444444443 0.005194805194805195 0.026984126984126985
2 0.4753246753246753 0.14126984126984127 0.0025974025974025974 0.022222222222222223
2 0.5116883116883116 0.17936507936507937 0.003896103896103896 0.026984126984126985
2 0.5402597402597402 0.18412698412698414 0.003896103896103896 0.020634920634920634
2 0.5246753246753246 0.2111111111111111 0.003896103896103896 0.025396825396825397
2 0.5272727272727272 0.2 0.003896103896103896 0.020634920634920634
2 0.4948051948051948 0.20476190476190476 0.006493506493506494 0.03015873015873016
2 0.5363636363636364 0.18412698412698414 0.006493506493506494 0.022222222222222223
2 0.5311688311688312 0.16825396825396827 0.003896103896103896 0.023809523809523808
1 0.4948051948051948 0.09365079365079365 0.006493506493506494 0.015873015873015872
2 0.4948051948051948 0.11428571428571428 0.003896103896103896 0.015873015873015872
2 0.487012987012987 0.13174603174603175 0.003896103896103896 0.015873015873015872
2 0.4935064935064935 0.13174603174603175 0.003896103896103896 0.015873015873015872
2 0.5 0.13333333333333333 0.003896103896103896 0.01746031746031746
2 0.509090909090909 0.13174603174603175 0.003896103896103896 0.014285714285714285
2 0.5051948051948052 0.1380952380952381 0.003896103896103896 0.01746031746031746
2 0.5142857142857142 0.13968253968253969 0.005194805194805195 0.01746031746031746
2 0.5207792207792208 0.15396825396825398 0.005194805194805195 0.01746031746031746
2 0.4818181818181818 0.11746031746031746 0.003896103896103896 0.01746031746031746
2 0.5077922077922078 0.10793650793650794 0.003896103896103896 0.01904761904761905
2 0.5025974025974026 0.09523809523809523 0.003896103896103896 0.01746031746031746
2 0.5064935064935064 0.09523809523809523 0.003896103896103896 0.01746031746031746
2 0.4909090909090909 0.09841269841269841 0.003896103896103896 0.014285714285714285
2 0.574025974025974 0.24603174603174602 0.006493506493506494 0.025396825396825397
2 0.5792207792207792 0.2619047619047619 0.006493506493506494 0.0380952380952381
2 0.5532467532467532 0.3968253968253968 0.011688311688311689 0.06507936507936508