1 0.5727272727272728 0.9476190476190476 0.0987012987012987 0.10476190476190476
1 0.5467532467532468 0.3904761904761905 0.04935064935064935 0.10476190476190476
1 0.44155844155844154 0.10158730158730159 0.015584415584415584 0.023809523809523808
1 0.4623376623376623 0.09047619047619047 0.014285714285714285 0.02857142857142857
2 0.6506493506493507 0.5174603174603175 0.03636363636363636 0.10952380952380952
2 0.5818181818181818 0.49047619047619045 0.03116883116883117 0.1
2 0.5987012987012987 0.4126984126984127 0.032467532467532464 0.09682539682539683
2 0.4857142857142857 0.4142857142857143 0.02727272727272727 0.08095238095238096
2 0.5675324675324676 0.34285714285714286 0.01818181818181818 0.07936507936507936
2 0.5636363636363636 0.2984126984126984 0.02207792207792208 0.044444444444444446
2 0.5363636363636364 0.2841269841269841 0.024675324675324677 0.06031746031746032
2 0.509090909090909 0.273015873015873 0.01818181818181818 0.06190476190476191
2 0.4714285714285714 0.30952380952380953 0.02077922077922078 0.06349206349206349
2 0.5 0.18571428571428572 0.014285714285714285 0.044444444444444446
2 0.474025974025974 0.1873015873015873 0.011688311688311689 0.04126984126984127
2 0.4623376623376623 0.16031746031746033 0.014285714285714285 0.031746031746031744
2 0.45064935064935063 0.14603174603174604 0.01038961038961039 0.031746031746031744
2 0.45064935064935063 0.12063492063492064 0.00909090909090909 0.01904761904761905
2 0.4766233766233766 0.13968253968253969 0.012987012987012988 0.020634920634920634
2 0.4714285714285714 0.11746031746031746 0.014285714285714285 0.026984126984126985
2 0.4623376623376623 0.10793650793650794 0.01038961038961039 0.020634920634920634
2 0.474025974025974 0.09047619047619047 0.011688311688311689 0.023809523809523808