2 0.9467532467532468 0.9634920634920635 0.045454545454545456 0.07301587301587302
2 0.9818181818181818 0.9253968253968254 0.03636363636363636 0.1492063492063492
2 0.9116883116883117 0.8222222222222222 0.045454545454545456 0.13968253968253969
2 0.8987012987012987 0.7206349206349206 0.045454545454545456 0.11746031746031746
2 0.8363636363636363 0.707936507936508 0.03506493506493506 0.13968253968253969
2 0.8051948051948052 0.5444444444444444 0.02987012987012987 0.10476190476190476
2 0.7818181818181819 0.4873015873015873 0.023376623376623377 0.08571428571428572
2 0.7766233766233767 0.4396825396825397 0.023376623376623377 0.07936507936507936
2 0.6844155844155844 0.38571428571428573 0.011688311688311689 0.06190476190476191
2 0.6792207792207792 0.3476190476190476 0.011688311688311689 0.04285714285714286
2 0.6896103896103896 0.3412698412698413 0.011688311688311689 0.05555555555555555
2 0.6792207792207792 0.30793650793650795 0.014285714285714285 0.044444444444444446
2 0.7012987012987013 0.32857142857142857 0.01038961038961039 0.03968253968253968
2 0.7259740259740259 0.3238095238095238 0.00909090909090909 0.03015873015873016
2 0.7168831168831169 0.3142857142857143 0.012987012987012988 0.03968253968253968
2 0.7025974025974026 0.2984126984126984 0.012987012987012988 0.04126984126984127
2 0.6922077922077922 0.2777777777777778 0.015584415584415584 0.04285714285714286
2 0.6818181818181818 0.28253968253968254 0.01038961038961039 0.025396825396825397
2 0.6662337662337663 0.2714285714285714 0.00909090909090909 0.04126984126984127
2 0.674025974025974 0.2507936507936508 0.01038961038961039 0.04285714285714286
2 0.674025974025974 0.22857142857142856 0.011688311688311689 0.023809523809523808
2 0.6597402597402597 0.26031746031746034 0.00909090909090909 0.044444444444444446
2 0.6506493506493507 0.2396825396825397 0.005194805194805195 0.04285714285714286
2 0.6558441558441559 0.22698412698412698 0.00909090909090909 0.03333333333333333
2 0.6272727272727273 0.38571428571428573 0.01038961038961039 0.025396825396825397
2 0.6077922077922078 0.23015873015873015 0.01038961038961039 0.047619047619047616
2 0.5909090909090909 0.2111111111111111 0.01038961038961039 0.025396825396825397
2 0.5714285714285714 0.19523809523809524 0.007792207792207792 0.03333333333333333
2 0.6363636363636364 0.1634920634920635 0.007792207792207792 0.03015873015873016
2 0.6298701298701299 0.15873015873015872 0.006493506493506494 0.025396825396825397
2 0.6246753246753247 0.15079365079365079 0.00909090909090909 0.031746031746031744
2 0.6103896103896104 0.13968253968253969 0.007792207792207792 0.01746031746031746
2 0.6168831168831169 0.1349206349206349 0.007792207792207792 0.022222222222222223
2 0.6103896103896104 0.11904761904761904 0.006493506493506494 0.011111111111111112
2 0.6155844155844156 0.11428571428571428 0.006493506493506494 0.011111111111111112
2 0.612987012987013 0.10158730158730159 0.006493506493506494 0.01746031746031746
1 0.6649350649350649 0.8285714285714286 0.09090909090909091 0.24285714285714285
1 0.7649350649350649 0.7031746031746032 0.09480519480519481 0.17777777777777778
1 0.7090909090909091 0.5380952380952381 0.06883116883116883 0.1349206349206349
1 0.6220779220779221 0.45714285714285713 0.05714285714285714 0.13333333333333333
1 0.6649350649350649 0.42063492063492064 0.048051948051948054 0.11587301587301588
1 0.7285714285714285 0.3968253968253968 0.06493506493506493 0.1253968253968254
1 0.6012987012987013 0.35079365079365077 0.03766233766233766 0.07777777777777778
1 0.6428571428571429 0.30634920634920637 0.03636363636363636 0.06507936507936508
1 0.5935064935064935 0.30158730158730157 0.02987012987012987 0.07142857142857142
1 0.5909090909090909 0.2492063492063492 0.02987012987012987 0.05873015873015873
1 0.6324675324675325 0.2507936507936508 0.02987012987012987 0.06666666666666667
1 0.6428571428571429 0.19365079365079366 0.024675324675324677 0.04126984126984127
1 0.6194805194805195 0.19206349206349208 0.024675324675324677 0.04126984126984127
1 0.612987012987013 0.1619047619047619 0.01818181818181818 0.0380952380952381
1 0.5909090909090909 0.19365079365079366 0.01948051948051948 0.04285714285714286
1 0.5805194805194805 0.16666666666666666 0.02077922077922078 0.03333333333333333
1 0.5727272727272728 0.1523809523809524 0.015584415584415584 0.026984126984126985
1 0.5727272727272728 0.1380952380952381 0.012987012987012988 0.023809523809523808
1 0.5987012987012987 0.14444444444444443 0.016883116883116882 0.03968253968253968
1 0.5948051948051948 0.08253968253968254 0.006493506493506494 0.015873015873015872
3 0.5753246753246753 0.11428571428571428 0.016883116883116882 0.03015873015873016
0 0.5974025974025974 0.1111111111111111 0.023376623376623377 0.0380952380952381
1 0.6103896103896104 0.08571428571428572 0.007792207792207792 0.01904761904761905
1 0.612987012987013 0.0746031746031746 0.00909090909090909 0.01904761904761905