1 0.5818181818181818 0.8936507936507937 0.08441558441558442 0.2126984126984127
1 0.7597402597402597 0.9206349206349206 0.08051948051948052 0.15873015873015872
1 0.8 0.8111111111111111 0.06883116883116883 0.21587301587301588
1 0.7246753246753247 0.6523809523809524 0.05584415584415584 0.1523809523809524
3 0.6688311688311688 0.7412698412698413 0.06883116883116883 0.19523809523809524
1 0.538961038961039 0.6396825396825396 0.053246753246753244 0.16666666666666666
1 0.6207792207792208 0.5904761904761905 0.05194805194805195 0.12063492063492064
1 0.6571428571428571 0.5253968253968254 0.04025974025974026 0.11428571428571428
1 0.587012987012987 0.49206349206349204 0.04025974025974026 0.11746031746031746
1 0.6298701298701299 0.4380952380952381 0.033766233766233764 0.07936507936507936
3 0.5584415584415584 0.39365079365079364 0.04025974025974026 0.1111111111111111
2 0.5051948051948052 0.7412698412698413 0.032467532467532464 0.1349206349206349
2 0.535064935064935 0.773015873015873 0.02207792207792208 0.13015873015873017
2 0.8987012987012987 0.765079365079365 0.02987012987012987 0.1365079365079365
2 0.9415584415584416 0.7841269841269841 0.02077922077922078 0.11904761904761904
2 0.9896103896103896 0.6111111111111112 0.01948051948051948 0.09365079365079365
2 0.9896103896103896 0.7 0.016883116883116882 0.1253968253968254
2 0.9636363636363636 0.8777777777777778 0.033766233766233764 0.1380952380952381
2 0.8896103896103896 0.8920634920634921 0.03766233766233766 0.1111111111111111
2 0.8987012987012987 0.9587301587301588 0.03766233766233766 0.08253968253968254
2 0.8675324675324675 0.9746031746031746 0.03636363636363636 0.050793650793650794
2 0.9727272727272728 0.9682539682539683 0.032467532467532464 0.06349206349206349
2 0.6909090909090909 0.5079365079365079 0.02077922077922078 0.06984126984126984
2 0.7194805194805195 0.49523809523809526 0.02727272727272727 0.07301587301587302
2 0.7103896103896103 0.5428571428571428 0.01948051948051948 0.05714285714285714
2 0.7311688311688311 0.5666666666666667 0.02077922077922078 0.06349206349206349
2 0.4987012987012987 0.5650793650793651 0.02207792207792208 0.09682539682539683
2 0.4857142857142857 0.44603174603174606 0.01818181818181818 0.0746031746031746
2 0.7 0.4714285714285714 0.02077922077922078 0.06349206349206349
2 0.6792207792207792 0.473015873015873 0.016883116883116882 0.05714285714285714
2 0.6701298701298701 0.4507936507936508 0.01038961038961039 0.05396825396825397
2 0.6623376623376623 0.42698412698412697 0.012987012987012988 0.06031746031746032
2 0.6532467532467533 0.40793650793650793 0.012987012987012988 0.047619047619047616
2 0.5909090909090909 0.4 0.01818181818181818 0.06507936507936508
1 0.5233766233766234 0.4746031746031746 0.04025974025974026 0.11587301587301588
3 0.5025974025974026 0.37142857142857144 0.03636363636363636 0.09206349206349207
1 0.4883116883116883 0.3380952380952381 0.02077922077922078 0.0380952380952381
1 0.4857142857142857 0.30634920634920637 0.01948051948051948 0.03650793650793651
3 0.5363636363636364 0.30158730158730157 0.023376623376623377 0.06031746031746032
1 0.587012987012987 0.30158730158730157 0.024675324675324677 0.044444444444444446
1 0.4818181818181818 0.28095238095238095 0.024675324675324677 0.04126984126984127
1 0.4766233766233766 0.2619047619047619 0.01818181818181818 0.03492063492063492
1 0.4727272727272727 0.23492063492063492 0.015584415584415584 0.03015873015873016
1 0.4662337662337662 0.2253968253968254 0.014285714285714285 0.031746031746031744
1 0.4701298701298701 0.20317460317460317 0.011688311688311689 0.03015873015873016
1 0.461038961038961 0.19206349206349208 0.012987012987012988 0.022222222222222223
1 0.4662337662337662 0.18095238095238095 0.01038961038961039 0.022222222222222223
1 0.5207792207792208 0.26666666666666666 0.012987012987012988 0.03492063492063492
1 0.5142857142857142 0.24603174603174602 0.014285714285714285 0.022222222222222223
1 0.5103896103896104 0.2253968253968254 0.014285714285714285 0.022222222222222223
1 0.5077922077922078 0.2126984126984127 0.011688311688311689 0.01904761904761905
3 0.5 0.19365079365079366 0.014285714285714285 0.02857142857142857
2 0.5714285714285714 0.44126984126984126 0.014285714285714285 0.05714285714285714
1 0.5324675324675324 0.23174603174603176 0.01948051948051948 0.02857142857142857
1 0.5636363636363636 0.2761904761904762 0.01818181818181818 0.03333333333333333
1 0.4649350649350649 0.16666666666666666 0.011688311688311689 0.01746031746031746
2 0.6207792207792208 0.35714285714285715 0.01038961038961039 0.046031746031746035
2 0.6285714285714286 0.3634920634920635 0.01038961038961039 0.04285714285714286
2 0.6324675324675325 0.38095238095238093 0.01038961038961039 0.04285714285714286
2 0.6428571428571429 0.40634920634920635 0.00909090909090909 0.03968253968253968
2 0.6181818181818182 0.33650793650793653 0.00909090909090909 0.03968253968253968
2 0.612987012987013 0.326984126984127 0.01038961038961039 0.03968253968253968
2 0.6090909090909091 0.3142857142857143 0.00909090909090909 0.03650793650793651
2 0.6064935064935065 0.30793650793650795 0.007792207792207792 0.03492063492063492
2 0.6051948051948052 0.3 0.006493506493506494 0.03333333333333333
2 0.5597402597402598 0.31746031746031744 0.015584415584415584 0.0380952380952381
2 0.5142857142857142 0.3253968253968254 0.01038961038961039 0.03650793650793651
2 0.5116883116883116 0.30317460317460315 0.006493506493506494 0.026984126984126985
2 0.509090909090909 0.29365079365079366 0.005194805194805195 0.023809523809523808
2 0.5077922077922078 0.28888888888888886 0.006493506493506494 0.022222222222222223
2 0.5064935064935064 0.27936507936507937 0.005194805194805195 0.023809523809523808
2 0.5051948051948052 0.2714285714285714 0.006493506493506494 0.025396825396825397
2 0.5051948051948052 0.2650793650793651 0.005194805194805195 0.02857142857142857
2 0.5025974025974026 0.26031746031746034 0.005194805194805195 0.026984126984126985
2 0.4987012987012987 0.2523809523809524 0.006493506493506494 0.022222222222222223
2 0.4922077922077922 0.24444444444444444 0.006493506493506494 0.01904761904761905
1 0.5233766233766234 0.2015873015873016 0.01948051948051948 0.02857142857142857
3 0.4961038961038961 0.173015873015873 0.015584415584415584 0.03492063492063492
2 0.4922077922077922 0.23174603174603176 0.006493506493506494 0.020634920634920634
1 0.548051948051948 0.25555555555555554 0.025974025974025976 0.03968253968253968
1 0.461038961038961 0.16031746031746033 0.011688311688311689 0.022222222222222223
2 0.4844155844155844 0.24126984126984127 0.007792207792207792 0.02857142857142857
1 0.45584415584415583 0.15079365079365079 0.012987012987012988 0.01746031746031746
1 0.4597402597402597 0.14126984126984127 0.012987012987012988 0.01746031746031746
1 0.4636363636363636 0.13015873015873017 0.01038961038961039 0.012698412698412698
1 0.4688311688311688 0.12222222222222222 0.011688311688311689 0.015873015873015872
3 0.4753246753246753 0.10793650793650794 0.01038961038961039 0.015873015873015872
2 0.4896103896103896 0.21904761904761905 0.00909090909090909 0.026984126984126985
2 0.4844155844155844 0.20793650793650795 0.00909090909090909 0.03015873015873016
2 0.4935064935064935 0.20634920634920634 0.01038961038961039 0.03492063492063492
2 0.4818181818181818 0.19365079365079366 0.00909090909090909 0.026984126984126985
2 0.4818181818181818 0.18571428571428572 0.011688311688311689 0.026984126984126985
2 0.5922077922077922 0.2873015873015873 0.014285714285714285 0.03333333333333333
2 0.587012987012987 0.2746031746031746 0.011688311688311689 0.03015873015873016
2 0.5831168831168831 0.2650793650793651 0.012987012987012988 0.02857142857142857
2 0.5766233766233766 0.2571428571428571 0.01038961038961039 0.03492063492063492
2 0.5662337662337662 0.2571428571428571 0.00909090909090909 0.02857142857142857
2 0.5714285714285714 0.24444444444444444 0.00909090909090909 0.022222222222222223
1 0.4857142857142857 0.13968253968253969 0.01038961038961039 0.020634920634920634
1 0.4883116883116883 0.09523809523809523 0.00909090909090909 0.014285714285714285
1 0.4818181818181818 0.09841269841269841 0.007792207792207792 0.009523809523809525
1 0.4831168831168831 0.1253968253968254 0.014285714285714285 0.01746031746031746
3 0.4857142857142857 0.10952380952380952 0.011688311688311689 0.022222222222222223
2 0.564935064935065 0.2365079365079365 0.007792207792207792 0.020634920634920634
2 0.5597402597402598 0.22857142857142856 0.00909090909090909 0.023809523809523808
2 0.5545454545454546 0.2222222222222222 0.007792207792207792 0.022222222222222223
1 0.5103896103896104 0.14603174603174604 0.011688311688311689 0.02857142857142857
1 0.4974025974025974 0.13015873015873017 0.00909090909090909 0.011111111111111112
2 0.4792207792207792 0.1761904761904762 0.007792207792207792 0.022222222222222223
2 0.4792207792207792 0.16666666666666666 0.007792207792207792 0.022222222222222223
2 0.4727272727272727 0.1523809523809524 0.007792207792207792 0.020634920634920634
2 0.4727272727272727 0.14126984126984127 0.006493506493506494 0.01746031746031746
1 0.5012987012987012 0.12063492063492064 0.01038961038961039 0.01904761904761905
1 0.4987012987012987 0.09206349206349207 0.006493506493506494 0.014285714285714285
1 0.5025974025974026 0.10476190476190476 0.005194805194805195 0.012698412698412698
1 0.5064935064935064 0.09047619047619047 0.006493506493506494 0.015873015873015872
2 0.4961038961038961 0.10476190476190476 0.006493506493506494 0.014285714285714285
2 0.4974025974025974 0.14603174603174604 0.006493506493506494 0.015873015873015872
1 0.5168831168831168 0.16984126984126985 0.015584415584415584 0.025396825396825397
2 0.5454545454545454 0.22063492063492063 0.00909090909090909 0.01904761904761905
2 0.5207792207792208 0.2253968253968254 0.006493506493506494 0.022222222222222223
2 0.4818181818181818 0.15873015873015872 0.007792207792207792 0.025396825396825397
2 0.5142857142857142 0.18571428571428572 0.00909090909090909 0.023809523809523808
2 0.5233766233766234 0.18095238095238095 0.007792207792207792 0.020634920634920634
2 0.5298701298701298 0.18253968253968253 0.003896103896103896 0.020634920634920634
2 0.538961038961039 0.20634920634920634 0.006493506493506494 0.022222222222222223
2 0.5363636363636364 0.19365079365079366 0.005194805194805195 0.020634920634920634