2 0.5012987012987012 0.8555555555555555 0.03506493506493506 0.17142857142857143
2 0.9207792207792208 0.8968253968253969 0.045454545454545456 0.15714285714285714
2 0.9051948051948052 0.9571428571428572 0.04025974025974026 0.08571428571428572
2 0.8493506493506493 0.9365079365079365 0.04155844155844156 0.12698412698412698
2 0.8428571428571429 0.8666666666666667 0.03506493506493506 0.10317460317460317
2 0.8181818181818182 0.7603174603174603 0.03506493506493506 0.12857142857142856
2 0.7909090909090909 0.9603174603174603 0.03766233766233766 0.07777777777777778
2 0.7584415584415585 0.8968253968253969 0.02857142857142857 0.1111111111111111
2 0.6090909090909091 0.6841269841269841 0.02857142857142857 0.12698412698412698
2 0.7376623376623377 0.5984126984126984 0.024675324675324677 0.1111111111111111
2 0.7246753246753247 0.5253968253968254 0.02207792207792208 0.09523809523809523
2 0.6220779220779221 0.49047619047619045 0.02207792207792208 0.07301587301587302
1 0.5701298701298702 0.3761904761904762 0.023376623376623377 0.03650793650793651
2 0.5948051948051948 0.3492063492063492 0.01948051948051948 0.06666666666666667
2 0.6077922077922078 0.39206349206349206 0.012987012987012988 0.050793650793650794
2 0.6246753246753247 0.36507936507936506 0.01948051948051948 0.06190476190476191
2 0.5701298701298702 0.2873015873015873 0.01818181818181818 0.04285714285714286
2 0.5974025974025974 0.4222222222222222 0.014285714285714285 0.08095238095238096
2 0.612987012987013 0.4507936507936508 0.011688311688311689 0.05873015873015873
2 0.6194805194805195 0.41904761904761906 0.015584415584415584 0.06349206349206349
2 0.6324675324675325 0.43492063492063493 0.011688311688311689 0.050793650793650794
2 0.5116883116883116 0.2904761904761905 0.011688311688311689 0.050793650793650794
2 0.5103896103896104 0.25555555555555554 0.014285714285714285 0.03968253968253968
3 0.5363636363636364 0.319047619047619 0.033766233766233764 0.09523809523809523
1 0.538961038961039 0.2698412698412698 0.024675324675324677 0.025396825396825397
2 0.5311688311688312 0.2492063492063492 0.01038961038961039 0.022222222222222223
2 0.522077922077922 0.18253968253968253 0.007792207792207792 0.03650793650793651
2 0.4818181818181818 0.15396825396825398 0.007792207792207792 0.026984126984126985
2 0.5038961038961038 0.16031746031746033 0.006493506493506494 0.026984126984126985
2 0.4909090909090909 0.13968253968253969 0.006493506493506494 0.023809523809523808
2 0.4974025974025974 0.15079365079365079 0.006493506493506494 0.023809523809523808
2 0.4961038961038961 0.13333333333333333 0.006493506493506494 0.015873015873015872
2 0.5025974025974026 0.12857142857142856 0.003896103896103896 0.01904761904761905
2 0.4909090909090909 0.11428571428571428 0.005194805194805195 0.01746031746031746
2 0.4974025974025974 0.1111111111111111 0.005194805194805195 0.01904761904761905
2 0.5038961038961038 0.1126984126984127 0.005194805194805195 0.01746031746031746
1 0.4727272727272727 0.20476190476190476 0.02207792207792208 0.046031746031746035
1 0.4727272727272727 0.2507936507936508 0.01038961038961039 0.03968253968253968
1 0.487012987012987 0.2746031746031746 0.02207792207792208 0.06190476190476191
1 0.487012987012987 0.34444444444444444 0.02077922077922078 0.06349206349206349
1 0.4974025974025974 0.3825396825396825 0.024675324675324677 0.05714285714285714
1 0.5051948051948052 0.4174603174603175 0.04155844155844156 0.06984126984126984
1 0.5155844155844156 0.5015873015873016 0.03636363636363636 0.10793650793650794
1 0.5584415584415584 0.5761904761904761 0.04935064935064935 0.08412698412698413
1 0.5571428571428572 0.6968253968253968 0.05714285714285714 0.14603174603174604
3 0.5909090909090909 0.8952380952380953 0.11168831168831168 0.20793650793650795
1 0.6597402597402597 0.5650793650793651 0.06363636363636363 0.15079365079365079
1 0.6662337662337663 0.46984126984126984 0.04415584415584416 0.10476190476190476
1 0.5636363636363636 0.4126984126984127 0.03896103896103896 0.06190476190476191
1 0.5753246753246753 0.4888888888888889 0.045454545454545456 0.09523809523809523
1 0.7493506493506493 0.7523809523809524 0.07922077922077922 0.18412698412698414
1 0.6649350649350649 0.7952380952380952 0.07532467532467532 0.18253968253968253
1 0.7194805194805195 0.9492063492063492 0.07532467532467532 0.09365079365079365