0 0.6142857142857143 0.7888888888888889 0.18961038961038962 0.4222222222222222
1 0.7558441558441559 0.8857142857142857 0.12987012987012986 0.22857142857142856
1 0.6675324675324675 0.6492063492063492 0.10519480519480519 0.18571428571428572
1 0.5155844155844156 0.4444444444444444 0.06103896103896104 0.1253968253968254
1 0.5532467532467532 0.30317460317460315 0.03636363636363636 0.05873015873015873
1 0.4987012987012987 0.1984126984126984 0.01948051948051948 0.046031746031746035
1 0.4779220779220779 0.11904761904761904 0.01038961038961039 0.020634920634920634
3 0.4987012987012987 0.16031746031746033 0.01948051948051948 0.06190476190476191
2 0.509090909090909 0.1 0.006493506493506494 0.015873015873015872
2 0.4961038961038961 0.10634920634920635 0.005194805194805195 0.012698412698412698
2 0.4922077922077922 0.11587301587301588 0.01038961038961039 0.009523809523809525
2 0.4909090909090909 0.12698412698412698 0.007792207792207792 0.011111111111111112
2 0.5038961038961038 0.12698412698412698 0.00909090909090909 0.012698412698412698
2 0.5207792207792208 0.1634920634920635 0.007792207792207792 0.020634920634920634
2 0.5168831168831168 0.18571428571428572 0.007792207792207792 0.026984126984126985
2 0.4883116883116883 0.2365079365079365 0.01038961038961039 0.03333333333333333
2 0.509090909090909 0.24603174603174602 0.011688311688311689 0.03015873015873016
2 0.522077922077922 0.21746031746031746 0.012987012987012988 0.03015873015873016
2 0.5493506493506494 0.2253968253968254 0.012987012987012988 0.03333333333333333
2 0.5428571428571428 0.2492063492063492 0.011688311688311689 0.03015873015873016
2 0.5545454545454546 0.2634920634920635 0.006493506493506494 0.026984126984126985
2 0.5662337662337662 0.2619047619047619 0.01038961038961039 0.031746031746031744
2 0.535064935064935 0.3238095238095238 0.01948051948051948 0.05555555555555555
2 0.6012987012987013 0.3126984126984127 0.016883116883116882 0.05714285714285714
2 0.6012987012987013 0.3873015873015873 0.04025974025974026 0.06666666666666667
2 0.6285714285714286 0.49206349206349204 0.033766233766233764 0.08888888888888889
2 0.6571428571428571 0.5079365079365079 0.014285714285714285 0.09206349206349207
2 0.7194805194805195 0.5825396825396826 0.03766233766233766 0.07936507936507936
2 0.8324675324675325 0.7873015873015873 0.048051948051948054 0.1380952380952381
2 0.8038961038961039 0.8682539682539683 0.045454545454545456 0.11904761904761904
2 0.8584415584415584 0.926984126984127 0.053246753246753244 0.14603174603174604