2 0.9753246753246754 0.973015873015873 0.04155844155844156 0.05396825396825397
2 0.887012987012987 0.9111111111111111 0.04025974025974026 0.1253968253968254
2 0.935064935064935 0.9238095238095239 0.03766233766233766 0.12222222222222222
2 0.9207792207792208 0.9603174603174603 0.048051948051948054 0.07936507936507936
2 0.8493506493506493 0.8111111111111111 0.046753246753246755 0.12698412698412698
2 0.9571428571428572 0.5746031746031746 0.02207792207792208 0.1
2 0.8532467532467533 0.4650793650793651 0.02207792207792208 0.06825396825396825
2 0.7428571428571429 0.7555555555555555 0.02857142857142857 0.10476190476190476
2 0.8051948051948052 0.7412698412698413 0.03116883116883117 0.09047619047619047
2 0.7831168831168831 0.7 0.033766233766233764 0.12380952380952381
2 0.7584415584415585 0.638095238095238 0.02727272727272727 0.10476190476190476
2 0.7272727272727273 0.5825396825396826 0.02987012987012987 0.06190476190476191
2 0.6792207792207792 0.5841269841269842 0.024675324675324677 0.08095238095238096
2 0.7077922077922078 0.9365079365079365 0.04415584415584416 0.12698412698412698
2 0.6714285714285714 0.9476190476190476 0.03636363636363636 0.10476190476190476
2 0.6311688311688312 0.9222222222222223 0.04155844155844156 0.15555555555555556
2 0.6571428571428571 0.8634920634920635 0.03766233766233766 0.13333333333333333
2 0.6168831168831169 0.8222222222222222 0.03636363636363636 0.1126984126984127
2 0.5766233766233766 0.792063492063492 0.03506493506493506 0.11904761904761904
2 0.5844155844155844 0.8317460317460318 0.03636363636363636 0.06984126984126984
2 0.5181818181818182 0.8936507936507937 0.03636363636363636 0.17142857142857143
2 0.5077922077922078 0.7857142857142857 0.033766233766233764 0.13015873015873017
2 0.5194805194805194 0.7317460317460317 0.02857142857142857 0.10476190476190476
2 0.5038961038961038 0.6952380952380952 0.02987012987012987 0.10634920634920635
2 0.5883116883116883 0.7142857142857143 0.02987012987012987 0.12698412698412698
2 0.6142857142857143 0.7428571428571429 0.03506493506493506 0.10793650793650794
2 0.5935064935064935 0.6507936507936508 0.025974025974025976 0.0873015873015873
2 0.7610389610389611 0.5587301587301587 0.025974025974025976 0.09206349206349207
2 0.7519480519480519 0.5317460317460317 0.02207792207792208 0.08253968253968254
2 0.7116883116883117 0.4936507936507937 0.02207792207792208 0.0873015873015873
2 0.7285714285714285 0.5126984126984127 0.02207792207792208 0.0746031746031746
2 0.7311688311688311 0.546031746031746 0.023376623376623377 0.05555555555555555
2 0.6805194805194805 0.5111111111111111 0.04415584415584416 0.11428571428571428
2 0.6441558441558441 0.5492063492063493 0.016883116883116882 0.06507936507936508
2 0.6688311688311688 0.5396825396825397 0.016883116883116882 0.05396825396825397
2 0.6558441558441559 0.5174603174603175 0.01818181818181818 0.05873015873015873
2 0.5675324675324676 0.5666666666666667 0.023376623376623377 0.09523809523809523
2 0.5792207792207792 0.6079365079365079 0.015584415584415584 0.08253968253968254
2 0.6454545454545455 0.4507936507936508 0.02077922077922078 0.05238095238095238
2 0.6441558441558441 0.49206349206349204 0.01818181818181818 0.06984126984126984
2 0.6636363636363637 0.42698412698412697 0.01818181818181818 0.06349206349206349
2 0.6142857142857143 0.45555555555555555 0.016883116883116882 0.05714285714285714
2 0.6220779220779221 0.4714285714285714 0.015584415584415584 0.046031746031746035
2 0.6285714285714286 0.5031746031746032 0.01038961038961039 0.049206349206349205
2 0.5948051948051948 0.4238095238095238 0.014285714285714285 0.04285714285714286
2 0.6246753246753247 0.4365079365079365 0.015584415584415584 0.05396825396825397
2 0.6337662337662338 0.41904761904761906 0.014285714285714285 0.04285714285714286
2 0.6454545454545455 0.3825396825396825 0.011688311688311689 0.03333333333333333
2 0.6519480519480519 0.40476190476190477 0.007792207792207792 0.04285714285714286
2 0.4857142857142857 0.3904761904761905 0.01038961038961039 0.07142857142857142
2 0.5168831168831168 0.31746031746031744 0.00909090909090909 0.03333333333333333
2 0.5181818181818182 0.3333333333333333 0.01038961038961039 0.03650793650793651
2 0.5246753246753246 0.3619047619047619 0.014285714285714285 0.03492063492063492
2 0.5337662337662338 0.3984126984126984 0.01948051948051948 0.050793650793650794
2 0.5532467532467532 0.40634920634920635 0.015584415584415584 0.05873015873015873
2 0.5662337662337662 0.4031746031746032 0.006493506493506494 0.026984126984126985
2 0.577922077922078 0.4 0.015584415584415584 0.04126984126984127
2 0.5623376623376624 0.5015873015873016 0.01818181818181818 0.03492063492063492
2 0.6103896103896104 0.4015873015873016 0.02207792207792208 0.05238095238095238
2 0.5948051948051948 0.3952380952380952 0.015584415584415584 0.0380952380952381
2 0.6298701298701299 0.3888888888888889 0.014285714285714285 0.03492063492063492
2 0.5012987012987012 0.25873015873015875 0.015584415584415584 0.047619047619047616
2 0.4701298701298701 0.2761904761904762 0.00909090909090909 0.0380952380952381
2 0.5623376623376624 0.28095238095238095 0.012987012987012988 0.026984126984126985
2 0.5818181818181818 0.35873015873015873 0.00909090909090909 0.04126984126984127
2 0.5961038961038961 0.36666666666666664 0.01818181818181818 0.02857142857142857
2 0.5987012987012987 0.3396825396825397 0.014285714285714285 0.01904761904761905
2 0.6116883116883117 0.319047619047619 0.011688311688311689 0.03333333333333333
2 0.6285714285714286 0.3476190476190476 0.012987012987012988 0.0380952380952381
2 0.6376623376623377 0.3634920634920635 0.00909090909090909 0.02857142857142857
2 0.6142857142857143 0.3492063492063492 0.01038961038961039 0.02857142857142857
2 0.6155844155844156 0.36984126984126986 0.015584415584415584 0.04126984126984127
2 0.561038961038961 0.3111111111111111 0.007792207792207792 0.031746031746031744
2 0.5753246753246753 0.2873015873015873 0.007792207792207792 0.022222222222222223
2 0.5727272727272728 0.32222222222222224 0.01038961038961039 0.0380952380952381
2 0.5844155844155844 0.31746031746031744 0.007792207792207792 0.03492063492063492
2 0.5948051948051948 0.3142857142857143 0.015584415584415584 0.025396825396825397
2 0.5909090909090909 0.2841269841269841 0.015584415584415584 0.025396825396825397
2 0.5792207792207792 0.2634920634920635 0.012987012987012988 0.03015873015873016
2 0.5662337662337662 0.2365079365079365 0.014285714285714285 0.023809523809523808
2 0.5545454545454546 0.21904761904761905 0.011688311688311689 0.02857142857142857
2 0.5207792207792208 0.2 0.01038961038961039 0.023809523809523808
2 0.525974025974026 0.18253968253968253 0.006493506493506494 0.015873015873015872
2 0.5181818181818182 0.16666666666666666 0.007792207792207792 0.014285714285714285
2 0.5155844155844156 0.15396825396825398 0.005194805194805195 0.011111111111111112
1 0.5701298701298702 0.9285714285714286 0.09740259740259741 0.14285714285714285
1 0.7012987012987013 0.8380952380952381 0.10779220779220779 0.20476190476190476
1 0.812987012987013 0.8825396825396825 0.13506493506493505 0.23333333333333334
1 0.8 0.9571428571428572 0.10519480519480519 0.08571428571428572
1 0.7233766233766233 0.6698412698412698 0.09740259740259741 0.1619047619047619
1 0.6480519480519481 0.6682539682539682 0.09220779220779221 0.17936507936507937
1 0.6064935064935065 0.5492063492063493 0.07922077922077922 0.13968253968253969
1 0.5805194805194805 0.46190476190476193 0.06103896103896104 0.09523809523809523
1 0.5077922077922078 0.3984126984126984 0.04285714285714286 0.06507936507936508
1 0.5571428571428572 0.36666666666666664 0.03766233766233766 0.05714285714285714
1 0.5493506493506494 0.3333333333333333 0.04155844155844156 0.049206349206349205
1 0.4922077922077922 0.3396825396825397 0.04415584415584416 0.06507936507936508
1 0.4883116883116883 0.2984126984126984 0.032467532467532464 0.02857142857142857
1 0.4844155844155844 0.2650793650793651 0.025974025974025976 0.0380952380952381
1 0.5064935064935064 0.2222222222222222 0.02207792207792208 0.025396825396825397
1 0.535064935064935 0.20476190476190476 0.02077922077922078 0.025396825396825397
1 0.5402597402597402 0.22857142857142856 0.016883116883116882 0.025396825396825397
1 0.5545454545454546 0.24285714285714285 0.01818181818181818 0.02857142857142857
1 0.5623376623376624 0.2619047619047619 0.023376623376623377 0.03492063492063492
1 0.4701298701298701 0.22857142857142856 0.02207792207792208 0.03015873015873016
1 0.4753246753246753 0.2492063492063492 0.01948051948051948 0.03968253968253968
1 0.4714285714285714 0.20476190476190476 0.02207792207792208 0.02857142857142857
1 0.5 0.2 0.01948051948051948 0.022222222222222223
1 0.4662337662337662 0.1873015873015873 0.023376623376623377 0.023809523809523808
1 0.4987012987012987 0.4746031746031746 0.03896103896103896 0.10476190476190476
3 0.522077922077922 0.5492063492063493 0.07402597402597402 0.25555555555555554
3 0.5324675324675324 0.2746031746031746 0.046753246753246755 0.09365079365079365
1 0.4623376623376623 0.16666666666666666 0.014285714285714285 0.01746031746031746
1 0.487012987012987 0.17777777777777778 0.015584415584415584 0.02857142857142857
1 0.4935064935064935 0.1984126984126984 0.014285714285714285 0.03333333333333333
1 0.4831168831168831 0.15714285714285714 0.014285714285714285 0.015873015873015872
1 0.461038961038961 0.1492063492063492 0.015584415584415584 0.020634920634920634
1 0.4623376623376623 0.13333333333333333 0.012987012987012988 0.012698412698412698
1 0.4675324675324675 0.12063492063492064 0.007792207792207792 0.015873015873015872
1 0.4844155844155844 0.12698412698412698 0.01038961038961039 0.011111111111111112
1 0.4857142857142857 0.11587301587301588 0.01038961038961039 0.011111111111111112
1 0.4961038961038961 0.1 0.01038961038961039 0.004761904761904762
1 0.4779220779220779 0.10793650793650794 0.007792207792207792 0.006349206349206349
1 0.4948051948051948 0.12222222222222222 0.011688311688311689 0.012698412698412698
1 0.4831168831168831 0.14603174603174604 0.016883116883116882 0.015873015873015872
1 0.5025974025974026 0.15555555555555556 0.014285714285714285 0.022222222222222223
1 0.5116883116883116 0.18253968253968253 0.01948051948051948 0.022222222222222223
1 0.5025974025974026 0.13015873015873017 0.012987012987012988 0.015873015873015872
1 0.5064935064935064 0.1380952380952381 0.01038961038961039 0.012698412698412698
1 0.4909090909090909 0.09841269841269841 0.01038961038961039 0.009523809523809525
1 0.5025974025974026 0.09523809523809523 0.00909090909090909 0.007936507936507936
1 0.4987012987012987 0.10793650793650794 0.01038961038961039 0.011111111111111112
1 0.4883116883116883 0.1365079365079365 0.00909090909090909 0.014285714285714285
2 0.5272727272727272 0.16825396825396827 0.005194805194805195 0.007936507936507936