3 0.5311688311688312 0.46984126984126984 0.07662337662337662 0.24285714285714285
0 0.7844155844155845 0.6746031746031746 0.10649350649350649 0.2857142857142857
1 0.5662337662337662 0.7126984126984127 0.07272727272727272 0.1349206349206349
1 0.577922077922078 0.8777777777777778 0.08701298701298701 0.2253968253968254
1 0.6623376623376623 0.746031746031746 0.06363636363636363 0.17142857142857143
1 0.7948051948051948 0.9365079365079365 0.11818181818181818 0.12698412698412698
1 0.5922077922077922 0.4888888888888889 0.04155844155844156 0.09365079365079365
1 0.6194805194805195 0.4238095238095238 0.032467532467532464 0.07142857142857142
3 0.4948051948051948 0.2761904761904762 0.033766233766233764 0.11428571428571428
1 0.4935064935064935 0.4174603174603175 0.016883116883116882 0.07936507936507936
1 0.4922077922077922 0.36507936507936506 0.015584415584415584 0.03968253968253968
1 0.574025974025974 0.3761904761904762 0.03116883116883117 0.07936507936507936
1 0.6103896103896104 0.3634920634920635 0.02727272727272727 0.05238095238095238
3 0.5116883116883116 0.1873015873015873 0.01818181818181818 0.03492063492063492
1 0.474025974025974 0.19206349206349208 0.014285714285714285 0.0380952380952381
1 0.4688311688311688 0.17142857142857143 0.015584415584415584 0.01904761904761905
2 0.4844155844155844 0.17142857142857143 0.003896103896103896 0.022222222222222223
1 0.4922077922077922 0.173015873015873 0.011688311688311689 0.01904761904761905
1 0.4753246753246753 0.1634920634920635 0.012987012987012988 0.01746031746031746
1 0.4675324675324675 0.15079365079365079 0.00909090909090909 0.009523809523809525
1 0.4909090909090909 0.1523809523809524 0.01038961038961039 0.01904761904761905
1 0.5051948051948052 0.14603174603174604 0.012987012987012988 0.014285714285714285
1 0.5233766233766234 0.23492063492063492 0.012987012987012988 0.025396825396825397
1 0.525974025974026 0.21746031746031746 0.015584415584415584 0.015873015873015872
2 0.548051948051948 0.2619047619047619 0.00909090909090909 0.02857142857142857
1 0.5584415584415584 0.2492063492063492 0.00909090909090909 0.020634920634920634
1 0.5727272727272728 0.2873015873015873 0.023376623376623377 0.046031746031746035
1 0.5285714285714286 0.2698412698412698 0.016883116883116882 0.02857142857142857
1 0.5376623376623376 0.29365079365079366 0.023376623376623377 0.03968253968253968
1 0.5467532467532468 0.33174603174603173 0.024675324675324677 0.044444444444444446
2 0.7220779220779221 0.7634920634920634 0.02857142857142857 0.12857142857142856
2 0.7441558441558441 0.8238095238095238 0.02727272727272727 0.12857142857142856
2 0.8753246753246753 0.9603174603174603 0.03116883116883117 0.07936507936507936
2 0.874025974025974 0.5142857142857142 0.015584415584415584 0.05714285714285714
2 0.5883116883116883 0.5841269841269842 0.02077922077922078 0.07936507936507936
2 0.6038961038961039 0.6523809523809524 0.02727272727272727 0.10476190476190476
2 0.6454545454545455 0.5793650793650794 0.02077922077922078 0.09047619047619047
2 0.6155844155844156 0.5412698412698412 0.015584415584415584 0.06507936507936508
2 0.6142857142857143 0.6047619047619047 0.015584415584415584 0.08571428571428572
2 0.6311688311688312 0.6238095238095238 0.014285714285714285 0.08412698412698413
2 0.6701298701298701 0.6317460317460317 0.023376623376623377 0.0873015873015873
2 0.6363636363636364 0.4746031746031746 0.02077922077922078 0.09047619047619047
2 0.6428571428571429 0.4142857142857143 0.014285714285714285 0.05714285714285714
2 0.6467532467532467 0.3952380952380952 0.011688311688311689 0.05238095238095238
2 0.6467532467532467 0.3746031746031746 0.012987012987012988 0.0380952380952381
2 0.6311688311688312 0.353968253968254 0.011688311688311689 0.05714285714285714
2 0.6402597402597403 0.3619047619047619 0.01038961038961039 0.03650793650793651
2 0.6116883116883117 0.3746031746031746 0.012987012987012988 0.03015873015873016
2 0.5818181818181818 0.4174603174603175 0.02077922077922078 0.025396825396825397
2 0.5181818181818182 0.3253968253968254 0.014285714285714285 0.04285714285714286
2 0.577922077922078 0.32857142857142857 0.012987012987012988 0.03650793650793651
2 0.5922077922077922 0.319047619047619 0.012987012987012988 0.04126984126984127
2 0.6038961038961039 0.31746031746031744 0.011688311688311689 0.0380952380952381
2 0.6116883116883117 0.31746031746031744 0.01038961038961039 0.03333333333333333
2 0.5909090909090909 0.29365079365079366 0.00909090909090909 0.0380952380952381
2 0.6012987012987013 0.29523809523809524 0.007792207792207792 0.02857142857142857
2 0.6090909090909091 0.30158730158730157 0.01038961038961039 0.025396825396825397
2 0.5948051948051948 0.28253968253968254 0.007792207792207792 0.025396825396825397
2 0.5896103896103896 0.2746031746031746 0.007792207792207792 0.020634920634920634
2 0.551948051948052 0.2777777777777778 0.00909090909090909 0.031746031746031744
2 0.5662337662337662 0.25396825396825395 0.006493506493506494 0.023809523809523808
2 0.5792207792207792 0.26031746031746034 0.005194805194805195 0.015873015873015872
2 0.5883116883116883 0.2619047619047619 0.006493506493506494 0.022222222222222223
2 0.5818181818181818 0.2507936507936508 0.007792207792207792 0.023809523809523808
2 0.5844155844155844 0.25396825396825395 0.006493506493506494 0.020634920634920634
2 0.5753246753246753 0.24285714285714285 0.00909090909090909 0.025396825396825397
2 0.5701298701298702 0.23333333333333334 0.005194805194805195 0.025396825396825397
2 0.561038961038961 0.23333333333333334 0.007792207792207792 0.01904761904761905
2 0.564935064935065 0.22698412698412698 0.005194805194805195 0.020634920634920634
2 0.538961038961039 0.2492063492063492 0.00909090909090909 0.022222222222222223
2 0.5532467532467532 0.21587301587301588 0.005194805194805195 0.023809523809523808
2 0.5402597402597402 0.22857142857142856 0.005194805194805195 0.026984126984126985
2 0.5415584415584416 0.2126984126984127 0.005194805194805195 0.01904761904761905
2 0.5467532467532468 0.2126984126984127 0.005194805194805195 0.01746031746031746
2 0.5454545454545454 0.23174603174603176 0.007792207792207792 0.020634920634920634
2 0.5324675324675324 0.24603174603174602 0.006493506493506494 0.015873015873015872
2 0.5272727272727272 0.24603174603174602 0.005194805194805195 0.01746031746031746
2 0.535064935064935 0.23015873015873015 0.005194805194805195 0.022222222222222223
2 0.5584415584415584 0.21587301587301588 0.006493506493506494 0.01746031746031746
2 0.5532467532467532 0.23015873015873015 0.006493506493506494 0.022222222222222223
2 0.4896103896103896 0.2126984126984127 0.006493506493506494 0.020634920634920634
1 0.4792207792207792 0.23333333333333334 0.012987012987012988 0.03650793650793651
2 0.5454545454545454 0.20317460317460317 0.003896103896103896 0.01746031746031746
2 0.535064935064935 0.21587301587301588 0.003896103896103896 0.020634920634920634
2 0.5311688311688312 0.1984126984126984 0.003896103896103896 0.020634920634920634
2 0.5363636363636364 0.1984126984126984 0.005194805194805195 0.022222222222222223
2 0.5402597402597402 0.19523809523809524 0.005194805194805195 0.023809523809523808
2 0.5454545454545454 0.19206349206349208 0.005194805194805195 0.020634920634920634
2 0.522077922077922 0.17936507936507937 0.005194805194805195 0.023809523809523808
2 0.5272727272727272 0.18095238095238095 0.005194805194805195 0.025396825396825397
2 0.5363636363636364 0.18095238095238095 0.005194805194805195 0.01746031746031746
2 0.5272727272727272 0.16666666666666666 0.003896103896103896 0.012698412698412698
2 0.5194805194805194 0.15873015873015872 0.003896103896103896 0.015873015873015872
2 0.5207792207792208 0.16031746031746033 0.003896103896103896 0.012698412698412698
2 0.5233766233766234 0.1619047619047619 0.003896103896103896 0.011111111111111112
2 0.512987012987013 0.14603174603174604 0.0025974025974025974 0.015873015873015872
2 0.5168831168831168 0.1492063492063492 0.0025974025974025974 0.01904761904761905
2 0.4922077922077922 0.20476190476190476 0.006493506493506494 0.023809523809523808
2 0.4948051948051948 0.1984126984126984 0.003896103896103896 0.025396825396825397
2 0.4948051948051948 0.1873015873015873 0.003896103896103896 0.020634920634920634
2 0.45454545454545453 0.1619047619047619 0.007792207792207792 0.023809523809523808
2 0.45454545454545453 0.18888888888888888 0.006493506493506494 0.026984126984126985
2 0.45584415584415583 0.21904761904761905 0.006493506493506494 0.026984126984126985
2 0.45584415584415583 0.2126984126984127 0.007792207792207792 0.026984126984126985
2 0.4675324675324675 0.26825396825396824 0.01038961038961039 0.044444444444444446
2 0.4688311688311688 0.25396825396825395 0.00909090909090909 0.03015873015873016
2 0.4649350649350649 0.24444444444444444 0.006493506493506494 0.022222222222222223
2 0.4649350649350649 0.2365079365079365 0.007792207792207792 0.020634920634920634
2 0.4597402597402597 0.23809523809523808 0.007792207792207792 0.026984126984126985
2 0.4675324675324675 0.1380952380952381 0.005194805194805195 0.015873015873015872
2 0.4688311688311688 0.12698412698412698 0.003896103896103896 0.015873015873015872
2 0.4909090909090909 0.13015873015873017 0.006493506493506494 0.01904761904761905
2 0.4961038961038961 0.12698412698412698 0.005194805194805195 0.01904761904761905
2 0.487012987012987 0.12222222222222222 0.005194805194805195 0.020634920634920634
2 0.4831168831168831 0.11587301587301588 0.003896103896103896 0.01746031746031746
2 0.5012987012987012 0.11428571428571428 0.0025974025974025974 0.01904761904761905
2 0.5038961038961038 0.11428571428571428 0.003896103896103896 0.01746031746031746
2 0.4896103896103896 0.1111111111111111 0.003896103896103896 0.014285714285714285
2 0.4961038961038961 0.1111111111111111 0.003896103896103896 0.015873015873015872
2 0.4948051948051948 0.1 0.0025974025974025974 0.015873015873015872
1 0.474025974025974 0.1111111111111111 0.01038961038961039 0.023809523809523808
1 0.487012987012987 0.10158730158730159 0.007792207792207792 0.01904761904761905
1 0.5064935064935064 0.09523809523809523 0.006493506493506494 0.012698412698412698
1 0.5 0.1 0.005194805194805195 0.011111111111111112
2 0.5077922077922078 0.10317460317460317 0.003896103896103896 0.01746031746031746
2 0.4818181818181818 0.1 0.003896103896103896 0.012698412698412698
2 0.5103896103896104 0.1365079365079365 0.005194805194805195 0.01746031746031746
2 0.5051948051948052 0.13333333333333333 0.003896103896103896 0.012698412698412698
2 0.512987012987013 0.1 0.003896103896103896 0.014285714285714285
2 0.4636363636363636 0.2111111111111111 0.005194805194805195 0.025396825396825397
2 0.474025974025974 0.15396825396825398 0.003896103896103896 0.011111111111111112