1 0.6519480519480519 0.765079365079365 0.09480519480519481 0.16507936507936508
1 0.6168831168831169 0.48412698412698413 0.053246753246753244 0.12380952380952381
1 0.509090909090909 0.43333333333333335 0.04285714285714286 0.10634920634920635
1 0.5558441558441558 0.3968253968253968 0.06753246753246753 0.0761904761904762
1 0.5428571428571428 0.3333333333333333 0.03116883116883117 0.05873015873015873
2 0.4805194805194805 0.34285714285714286 0.023376623376623377 0.049206349206349205
2 0.4818181818181818 0.3142857142857143 0.014285714285714285 0.03015873015873016
1 0.4857142857142857 0.2857142857142857 0.02857142857142857 0.04126984126984127
2 0.4883116883116883 0.36984126984126986 0.02077922077922078 0.04285714285714286
2 0.5077922077922078 0.3619047619047619 0.015584415584415584 0.04285714285714286
2 0.5103896103896104 0.34444444444444444 0.016883116883116882 0.04126984126984127
2 0.5077922077922078 0.31746031746031744 0.012987012987012988 0.049206349206349205
2 0.5415584415584416 0.2746031746031746 0.016883116883116882 0.047619047619047616
2 0.561038961038961 0.3142857142857143 0.024675324675324677 0.06507936507936508
1 0.5662337662337662 0.2698412698412698 0.03896103896103896 0.05555555555555555
2 0.4779220779220779 0.24603174603174602 0.006493506493506494 0.01904761904761905
2 0.4792207792207792 0.23333333333333334 0.01038961038961039 0.01746031746031746
2 0.4857142857142857 0.2523809523809524 0.01038961038961039 0.015873015873015872
2 0.4883116883116883 0.24126984126984127 0.01038961038961039 0.015873015873015872
2 0.5012987012987012 0.26666666666666666 0.012987012987012988 0.04285714285714286
2 0.4948051948051948 0.24761904761904763 0.01038961038961039 0.026984126984126985
2 0.4896103896103896 0.22857142857142856 0.011688311688311689 0.01904761904761905
1 0.509090909090909 0.22380952380952382 0.016883116883116882 0.03968253968253968
1 0.5181818181818182 0.2365079365079365 0.023376623376623377 0.0380952380952381
2 0.4636363636363636 0.22698412698412698 0.01818181818181818 0.025396825396825397
2 0.45584415584415583 0.2253968253968254 0.00909090909090909 0.022222222222222223
2 0.45324675324675323 0.20634920634920634 0.011688311688311689 0.01746031746031746
0 0.4779220779220779 0.1746031746031746 0.04025974025974026 0.09047619047619047
1 0.4675324675324675 0.20793650793650795 0.02987012987012987 0.023809523809523808
2 0.45584415584415583 0.19206349206349208 0.005194805194805195 0.01904761904761905
1 0.4675324675324675 0.19047619047619047 0.015584415584415584 0.03015873015873016
2 0.4883116883116883 0.20952380952380953 0.012987012987012988 0.022222222222222223
2 0.4909090909090909 0.18888888888888888 0.01038961038961039 0.025396825396825397
1 0.5051948051948052 0.17936507936507937 0.02077922077922078 0.026984126984126985
1 0.5 0.16031746031746033 0.014285714285714285 0.025396825396825397
1 0.5142857142857142 0.15714285714285714 0.02207792207792208 0.025396825396825397
2 0.45064935064935063 0.17936507936507937 0.00909090909090909 0.015873015873015872
2 0.45324675324675323 0.1634920634920635 0.007792207792207792 0.01746031746031746
2 0.45064935064935063 0.14444444444444443 0.003896103896103896 0.020634920634920634
1 0.4623376623376623 0.14285714285714285 0.007792207792207792 0.025396825396825397
1 0.5012987012987012 0.14285714285714285 0.016883116883116882 0.020634920634920634
1 0.461038961038961 0.16666666666666666 0.011688311688311689 0.0380952380952381
2 0.45584415584415583 0.13015873015873017 0.00909090909090909 0.015873015873015872
1 0.4662337662337662 0.12698412698412698 0.01038961038961039 0.020634920634920634
1 0.4792207792207792 0.12857142857142856 0.015584415584415584 0.025396825396825397
1 0.4701298701298701 0.11587301587301588 0.014285714285714285 0.015873015873015872
1 0.4753246753246753 0.10634920634920635 0.00909090909090909 0.014285714285714285
1 0.4831168831168831 0.11587301587301588 0.01038961038961039 0.015873015873015872
2 0.4909090909090909 0.12380952380952381 0.003896103896103896 0.015873015873015872
2 0.5012987012987012 0.12380952380952381 0.007792207792207792 0.007936507936507936
1 0.5038961038961038 0.11904761904761904 0.012987012987012988 0.022222222222222223
2 0.4935064935064935 0.1126984126984127 0.007792207792207792 0.014285714285714285
1 0.4961038961038961 0.10158730158730159 0.014285714285714285 0.01904761904761905
1 0.5051948051948052 0.09365079365079365 0.005194805194805195 0.01904761904761905
2 0.5103896103896104 0.1365079365079365 0.00909090909090909 0.007936507936507936
2 0.5103896103896104 0.12698412698412698 0.005194805194805195 0.014285714285714285
1 0.5116883116883116 0.09682539682539683 0.006493506493506494 0.01904761904761905
2 0.5207792207792208 0.1349206349206349 0.007792207792207792 0.015873015873015872
2 0.5194805194805194 0.2015873015873016 0.007792207792207792 0.012698412698412698
2 0.5181818181818182 0.1873015873015873 0.007792207792207792 0.012698412698412698
2 0.5181818181818182 0.18412698412698414 0.00909090909090909 0.015873015873015872
2 0.5194805194805194 0.173015873015873 0.014285714285714285 0.014285714285714285
2 0.5233766233766234 0.2111111111111111 0.005194805194805195 0.012698412698412698
2 0.535064935064935 0.23174603174603176 0.012987012987012988 0.025396825396825397
2 0.5376623376623376 0.21587301587301588 0.00909090909090909 0.012698412698412698
2 0.5363636363636364 0.21428571428571427 0.012987012987012988 0.015873015873015872
2 0.5285714285714286 0.2 0.007792207792207792 0.011111111111111112
2 0.5285714285714286 0.18888888888888888 0.007792207792207792 0.012698412698412698
2 0.5285714285714286 0.1746031746031746 0.00909090909090909 0.007936507936507936
2 0.5363636363636364 0.20317460317460317 0.00909090909090909 0.012698412698412698
2 0.5376623376623376 0.19047619047619047 0.005194805194805195 0.011111111111111112
2 0.5402597402597402 0.18571428571428572 0.005194805194805195 0.012698412698412698
2 0.5454545454545454 0.23333333333333334 0.01038961038961039 0.025396825396825397
2 0.5623376623376624 0.23015873015873015 0.014285714285714285 0.020634920634920634
2 0.5571428571428572 0.21746031746031746 0.01818181818181818 0.015873015873015872
2 0.4662337662337662 0.2523809523809524 0.006493506493506494 0.01904761904761905
2 0.512987012987013 0.2841269841269841 0.014285714285714285 0.04126984126984127
2 0.5324675324675324 0.28253968253968254 0.012987012987012988 0.031746031746031744
2 0.5896103896103896 0.30952380952380953 0.016883116883116882 0.06984126984126984
2 0.6051948051948052 0.3380952380952381 0.01038961038961039 0.03968253968253968
2 0.6012987012987013 0.373015873015873 0.025974025974025976 0.06825396825396825
2 0.6090909090909091 0.4158730158730159 0.014285714285714285 0.044444444444444446
2 0.6103896103896104 0.4015873015873016 0.01818181818181818 0.06190476190476191
2 0.6298701298701299 0.38571428571428573 0.01818181818181818 0.07142857142857142
2 0.6506493506493507 0.46984126984126984 0.023376623376623377 0.07777777777777778
2 0.6532467532467533 0.4301587301587302 0.023376623376623377 0.06825396825396825
2 0.6805194805194805 0.5015873015873016 0.032467532467532464 0.07301587301587302
2 0.6831168831168831 0.46825396825396826 0.02987012987012987 0.06190476190476191
2 0.4974025974025974 0.5142857142857142 0.02727272727272727 0.07777777777777778
2 0.5155844155844156 0.638095238095238 0.024675324675324677 0.11428571428571428
2 0.5376623376623376 0.5857142857142857 0.025974025974025976 0.06666666666666667
2 0.5636363636363636 0.6365079365079365 0.024675324675324677 0.10317460317460317
2 0.6415584415584416 0.5841269841269842 0.02727272727272727 0.07777777777777778
2 0.6454545454545455 0.5428571428571428 0.032467532467532464 0.07301587301587302
2 0.6558441558441559 0.6333333333333333 0.02077922077922078 0.0873015873015873
2 0.5727272727272728 0.746031746031746 0.03506493506493506 0.13333333333333333
2 0.5246753246753246 0.8698412698412699 0.05454545454545454 0.15079365079365079
2 0.9337662337662338 0.9507936507936507 0.03766233766233766 0.09841269841269841
2 0.7740259740259741 0.9587301587301588 0.05194805194805195 0.08253968253968254
2 0.787012987012987 0.8952380952380953 0.05454545454545454 0.1349206349206349
2 0.7844155844155845 0.8095238095238095 0.03896103896103896 0.12857142857142856
2 0.8038961038961039 0.7301587301587301 0.045454545454545456 0.12698412698412698
2 0.7662337662337663 0.7253968253968254 0.048051948051948054 0.09365079365079365
2 0.7155844155844155 0.7587301587301587 0.05584415584415584 0.12380952380952381
2 0.7558441558441559 0.6746031746031746 0.02727272727272727 0.12222222222222222
2 0.712987012987013 0.6428571428571429 0.02987012987012987 0.14603174603174604
2 0.7402597402597403 0.6142857142857143 0.045454545454545456 0.11746031746031746
2 0.6857142857142857 0.5873015873015873 0.04025974025974026 0.12698412698412698
1 0.8766233766233766 0.9571428571428572 0.09610389610389611 0.08412698412698413