1 0.874025974025974 0.9555555555555556 0.06233766233766234 0.08888888888888889
1 0.7493506493506493 0.9333333333333333 0.1025974025974026 0.13333333333333333
1 0.5623376623376624 0.9412698412698413 0.09610389610389611 0.11746031746031746
1 0.5688311688311688 0.8142857142857143 0.08831168831168831 0.24285714285714285
1 0.5415584415584416 0.638095238095238 0.04935064935064935 0.15555555555555556
1 0.6441558441558441 0.5904761904761905 0.08961038961038961 0.13174603174603175
1 0.674025974025974 0.7984126984126985 0.08831168831168831 0.22857142857142856
1 0.7350649350649351 0.6238095238095238 0.08181818181818182 0.16984126984126985
1 0.7792207792207793 0.7698412698412699 0.1038961038961039 0.16984126984126985
1 0.6688311688311688 0.49206349206349204 0.05454545454545454 0.08412698412698413
1 0.6103896103896104 0.49206349206349204 0.04415584415584416 0.08095238095238096
1 0.5298701298701298 0.48095238095238096 0.04935064935064935 0.09682539682539683
1 0.5961038961038961 0.4142857142857143 0.048051948051948054 0.0746031746031746
1 0.5194805194805194 0.41904761904761906 0.03766233766233766 0.09365079365079365
1 0.5571428571428572 0.37777777777777777 0.02727272727272727 0.09523809523809523
1 0.5051948051948052 0.3682539682539683 0.03116883116883117 0.06031746031746032
1 0.4857142857142857 0.3142857142857143 0.02857142857142857 0.047619047619047616
1 0.5558441558441558 0.2984126984126984 0.03766233766233766 0.0761904761904762
1 0.587012987012987 0.30158730158730157 0.03116883116883117 0.06349206349206349
2 0.5181818181818182 0.319047619047619 0.011688311688311689 0.03968253968253968
2 0.5168831168831168 0.29523809523809524 0.014285714285714285 0.04126984126984127
1 0.525974025974026 0.2746031746031746 0.02727272727272727 0.05714285714285714
1 0.5571428571428572 0.26825396825396824 0.032467532467532464 0.04285714285714286
1 0.5597402597402598 0.24444444444444444 0.025974025974025976 0.04285714285714286
1 0.4844155844155844 0.26825396825396824 0.02987012987012987 0.04285714285714286
1 0.522077922077922 0.24285714285714285 0.03506493506493506 0.05873015873015873
1 0.4766233766233766 0.2396825396825397 0.033766233766233764 0.03650793650793651
0 0.4701298701298701 0.20793650793650795 0.024675324675324677 0.0746031746031746
1 0.461038961038961 0.14761904761904762 0.014285714285714285 0.023809523809523808
0 0.4623376623376623 0.14126984126984127 0.015584415584415584 0.06190476190476191
1 0.5012987012987012 0.21587301587301588 0.025974025974025976 0.0380952380952381
1 0.5337662337662338 0.21746031746031746 0.02077922077922078 0.0380952380952381
1 0.461038961038961 0.1619047619047619 0.01818181818181818 0.01746031746031746
1 0.4948051948051948 0.19047619047619047 0.01948051948051948 0.03333333333333333
1 0.4896103896103896 0.17777777777777778 0.01818181818181818 0.025396825396825397
1 0.487012987012987 0.1634920634920635 0.02207792207792208 0.02857142857142857
1 0.4805194805194805 0.15396825396825398 0.02077922077922078 0.026984126984126985
1 0.4818181818181818 0.1380952380952381 0.015584415584415584 0.025396825396825397
1 0.4974025974025974 0.15079365079365079 0.016883116883116882 0.01904761904761905
1 0.5077922077922078 0.17142857142857143 0.02727272727272727 0.031746031746031744
1 0.5116883116883116 0.1873015873015873 0.016883116883116882 0.03650793650793651
1 0.5246753246753246 0.20317460317460317 0.024675324675324677 0.03968253968253968
2 0.4857142857142857 0.10793650793650794 0.012987012987012988 0.026984126984126985
1 0.5012987012987012 0.1111111111111111 0.012987012987012988 0.02857142857142857
1 0.4987012987012987 0.11904761904761904 0.012987012987012988 0.01904761904761905
1 0.4766233766233766 0.11587301587301588 0.016883116883116882 0.023809523809523808
1 0.4948051948051948 0.09365079365079365 0.014285714285714285 0.03015873015873016
2 0.5064935064935064 0.1492063492063492 0.01038961038961039 0.01904761904761905
2 0.5051948051948052 0.13174603174603175 0.003896103896103896 0.022222222222222223
2 0.5194805194805194 0.1634920634920635 0.011688311688311689 0.025396825396825397
2 0.5155844155844156 0.14126984126984127 0.012987012987012988 0.023809523809523808
2 0.5285714285714286 0.16984126984126985 0.012987012987012988 0.025396825396825397
2 0.538961038961039 0.19682539682539682 0.015584415584415584 0.03015873015873016
2 0.5363636363636364 0.18571428571428572 0.014285714285714285 0.026984126984126985
2 0.538961038961039 0.24126984126984127 0.014285714285714285 0.02857142857142857
2 0.538961038961039 0.2253968253968254 0.014285714285714285 0.026984126984126985
2 0.551948051948052 0.20952380952380953 0.014285714285714285 0.026984126984126985
2 0.45194805194805193 0.21428571428571427 0.015584415584415584 0.04126984126984127
2 0.5038961038961038 0.30158730158730157 0.01038961038961039 0.02857142857142857
2 0.5077922077922078 0.2841269841269841 0.015584415584415584 0.050793650793650794
2 0.5025974025974026 0.26031746031746034 0.01818181818181818 0.04285714285714286
2 0.5077922077922078 0.27936507936507937 0.007792207792207792 0.015873015873015872
2 0.5324675324675324 0.3 0.011688311688311689 0.03968253968253968
2 0.5597402597402598 0.30634920634920637 0.01818181818181818 0.044444444444444446
2 0.5857142857142857 0.2619047619047619 0.012987012987012988 0.026984126984126985
2 0.5987012987012987 0.2650793650793651 0.02857142857142857 0.03650793650793651
2 0.5935064935064935 0.29523809523809524 0.01038961038961039 0.03492063492063492
2 0.6051948051948052 0.3 0.015584415584415584 0.03968253968253968
2 0.5896103896103896 0.34285714285714286 0.01818181818181818 0.03968253968253968
2 0.6064935064935065 0.37777777777777777 0.024675324675324677 0.04126984126984127
2 0.6051948051948052 0.353968253968254 0.014285714285714285 0.03015873015873016
2 0.6051948051948052 0.3492063492063492 0.016883116883116882 0.031746031746031744
2 0.6012987012987013 0.326984126984127 0.011688311688311689 0.025396825396825397
2 0.6116883116883117 0.33650793650793653 0.016883116883116882 0.0380952380952381
2 0.625974025974026 0.346031746031746 0.01818181818181818 0.04126984126984127
2 0.6350649350649351 0.40476190476190477 0.016883116883116882 0.06190476190476191
2 0.6376623376623377 0.3746031746031746 0.01948051948051948 0.047619047619047616
2 0.6090909090909091 0.40476190476190477 0.02207792207792208 0.04126984126984127
2 0.6194805194805195 0.37777777777777777 0.01948051948051948 0.03492063492063492
2 0.6558441558441559 0.41904761904761906 0.01948051948051948 0.049206349206349205
2 0.6519480519480519 0.39365079365079364 0.014285714285714285 0.03968253968253968
2 0.6285714285714286 0.44126984126984126 0.015584415584415584 0.05555555555555555
2 0.577922077922078 0.5412698412698412 0.03636363636363636 0.10476190476190476
2 0.5818181818181818 0.5238095238095238 0.02207792207792208 0.07777777777777778
2 0.4909090909090909 0.5253968253968254 0.03116883116883117 0.06666666666666667
2 0.4896103896103896 0.5714285714285714 0.023376623376623377 0.07936507936507936
2 0.5181818181818182 0.5619047619047619 0.016883116883116882 0.06984126984126984
2 0.5558441558441558 0.5476190476190477 0.015584415584415584 0.07301587301587302
2 0.587012987012987 0.6174603174603175 0.02857142857142857 0.10158730158730159
2 0.587012987012987 0.5634920634920635 0.024675324675324677 0.06349206349206349
2 0.6090909090909091 0.6746031746031746 0.03896103896103896 0.1349206349206349
2 0.6805194805194805 0.5317460317460317 0.024675324675324677 0.08095238095238096
2 0.712987012987013 0.5301587301587302 0.02207792207792208 0.06349206349206349
2 0.7558441558441559 0.5476190476190477 0.03636363636363636 0.10158730158730159
2 0.8103896103896104 0.9253968253968254 0.03506493506493506 0.1492063492063492