3 0.8584415584415584 0.8841269841269841 0.19350649350649352 0.23174603174603176
3 0.4766233766233766 0.21428571428571427 0.03896103896103896 0.08412698412698413
1 0.5701298701298702 0.9698412698412698 0.09480519480519481 0.06031746031746032
1 0.5662337662337662 0.8444444444444444 0.07662337662337662 0.2
1 0.5311688311688312 0.6666666666666666 0.05194805194805195 0.14761904761904762
1 0.5207792207792208 0.5555555555555556 0.045454545454545456 0.09682539682539683
1 0.5103896103896104 0.4603174603174603 0.04155844155844156 0.10634920634920635
1 0.4909090909090909 0.3349206349206349 0.02857142857142857 0.06984126984126984
1 0.4818181818181818 0.29365079365079366 0.02207792207792208 0.03333333333333333
1 0.4857142857142857 0.2650793650793651 0.01948051948051948 0.0380952380952381
1 0.5233766233766234 0.26031746031746034 0.016883116883116882 0.04126984126984127
1 0.5441558441558442 0.30952380952380953 0.02077922077922078 0.05396825396825397
1 0.5363636363636364 0.28095238095238095 0.016883116883116882 0.046031746031746035
1 0.564935064935065 0.3984126984126984 0.02727272727272727 0.06031746031746032
1 0.5727272727272728 0.35873015873015873 0.025974025974025976 0.05873015873015873
1 0.574025974025974 0.45714285714285713 0.03506493506493506 0.08095238095238096
1 0.5935064935064935 0.5126984126984127 0.03766233766233766 0.08571428571428572
1 0.6324675324675325 0.6126984126984127 0.05064935064935065 0.14761904761904762
1 0.7038961038961039 0.7761904761904762 0.07792207792207792 0.23492063492063492
1 0.6844155844155844 0.5857142857142857 0.05714285714285714 0.14444444444444443
1 0.6493506493506493 0.5031746031746032 0.03896103896103896 0.08888888888888889
1 0.6324675324675325 0.4111111111111111 0.032467532467532464 0.08571428571428572
1 0.5116883116883116 0.24126984126984127 0.01818181818181818 0.03333333333333333
1 0.5103896103896104 0.22063492063492063 0.014285714285714285 0.025396825396825397
1 0.5051948051948052 0.20476190476190476 0.014285714285714285 0.01746031746031746
1 0.5415584415584416 0.21428571428571427 0.015584415584415584 0.023809523809523808
2 0.45454545454545453 0.17936507936507937 0.006493506493506494 0.03015873015873016
2 0.45584415584415583 0.16507936507936508 0.005194805194805195 0.023809523809523808
1 0.4662337662337662 0.1634920634920635 0.01038961038961039 0.014285714285714285
1 0.4649350649350649 0.1523809523809524 0.00909090909090909 0.015873015873015872
2 0.4727272727272727 0.14761904761904762 0.003896103896103896 0.022222222222222223
1 0.4818181818181818 0.14126984126984127 0.01038961038961039 0.020634920634920634
1 0.4909090909090909 0.14603174603174604 0.012987012987012988 0.020634920634920634
1 0.5 0.1873015873015873 0.011688311688311689 0.015873015873015872
1 0.5 0.1761904761904762 0.01038961038961039 0.011111111111111112
1 0.4909090909090909 0.1634920634920635 0.016883116883116882 0.01904761904761905
2 0.4948051948051948 0.12380952380952381 0.003896103896103896 0.01746031746031746
2 0.4987012987012987 0.12063492063492064 0.005194805194805195 0.01904761904761905
2 0.4987012987012987 0.10952380952380952 0.003896103896103896 0.01904761904761905
1 0.4987012987012987 0.09682539682539683 0.00909090909090909 0.012698412698412698
2 0.9883116883116884 0.8222222222222222 0.023376623376623377 0.12698412698412698
2 0.9883116883116884 0.9206349206349206 0.023376623376623377 0.08253968253968254
2 0.9441558441558442 0.8428571428571429 0.025974025974025976 0.05714285714285714
2 0.7103896103896103 0.9523809523809523 0.02987012987012987 0.09365079365079365
2 0.6792207792207792 0.9746031746031746 0.03116883116883117 0.050793650793650794
2 0.6558441558441559 0.9063492063492063 0.03766233766233766 0.12857142857142856
2 0.6415584415584416 0.8269841269841269 0.024675324675324677 0.11904761904761904
2 0.6506493506493507 0.7746031746031746 0.023376623376623377 0.12380952380952381
2 0.6142857142857143 0.7841269841269841 0.024675324675324677 0.13015873015873017
2 0.5987012987012987 0.7111111111111111 0.023376623376623377 0.1
2 0.5857142857142857 0.6571428571428571 0.01948051948051948 0.10158730158730159
2 0.5792207792207792 0.6079365079365079 0.01948051948051948 0.08571428571428572
2 0.5701298701298702 0.5666666666666667 0.02207792207792208 0.0873015873015873
2 0.7597402597402597 0.7746031746031746 0.02077922077922078 0.09047619047619047
2 0.7493506493506493 0.8873015873015873 0.02727272727272727 0.11428571428571428
2 0.7831168831168831 0.6603174603174603 0.02987012987012987 0.09206349206349207
2 0.7857142857142857 0.6936507936507936 0.02727272727272727 0.0761904761904762
2 0.8233766233766234 0.7396825396825397 0.02987012987012987 0.05873015873015873
2 0.7831168831168831 0.734920634920635 0.024675324675324677 0.07142857142857142
2 0.7506493506493507 0.6888888888888889 0.02207792207792208 0.11428571428571428
2 0.7350649350649351 0.7238095238095238 0.024675324675324677 0.1126984126984127
2 0.7428571428571429 0.626984126984127 0.02077922077922078 0.08571428571428572
2 0.7298701298701299 0.5904761904761905 0.016883116883116882 0.08412698412698413
2 0.7324675324675325 0.5587301587301587 0.016883116883116882 0.06984126984126984
2 0.7402597402597403 0.5349206349206349 0.015584415584415584 0.08571428571428572
2 0.7025974025974026 0.5285714285714286 0.016883116883116882 0.07301587301587302
2 0.6883116883116883 0.4936507936507937 0.014285714285714285 0.06507936507936508
2 0.6909090909090909 0.46190476190476193 0.015584415584415584 0.05555555555555555
2 0.6701298701298701 0.4634920634920635 0.012987012987012988 0.07142857142857142
2 0.6350649350649351 0.4380952380952381 0.016883116883116882 0.04126984126984127
2 0.6701298701298701 0.43174603174603177 0.014285714285714285 0.049206349206349205
2 0.6597402597402597 0.4111111111111111 0.00909090909090909 0.06349206349206349
2 0.6090909090909091 0.4523809523809524 0.012987012987012988 0.07777777777777778
2 0.6 0.4238095238095238 0.00909090909090909 0.05714285714285714
2 0.6077922077922078 0.38571428571428573 0.01038961038961039 0.049206349206349205
2 0.5974025974025974 0.3634920634920635 0.01038961038961039 0.05555555555555555
2 0.6181818181818182 0.3603174603174603 0.00909090909090909 0.03650793650793651
2 0.6272727272727273 0.3619047619047619 0.00909090909090909 0.044444444444444446
2 0.6376623376623377 0.3634920634920635 0.00909090909090909 0.050793650793650794
2 0.587012987012987 0.35079365079365077 0.00909090909090909 0.044444444444444446
2 0.5363636363636364 0.4158730158730159 0.015584415584415584 0.07142857142857142
2 0.4935064935064935 0.4031746031746032 0.01038961038961039 0.05714285714285714
2 0.5194805194805194 0.4 0.014285714285714285 0.044444444444444446
2 0.5064935064935064 0.38095238095238093 0.012987012987012988 0.050793650793650794
2 0.5207792207792208 0.37142857142857144 0.014285714285714285 0.049206349206349205
2 0.538961038961039 0.36507936507936506 0.012987012987012988 0.049206349206349205
2 0.5103896103896104 0.2841269841269841 0.012987012987012988 0.05238095238095238
2 0.4623376623376623 0.13174603174603175 0.005194805194805195 0.020634920634920634
2 0.4714285714285714 0.11587301587301588 0.005194805194805195 0.01746031746031746
2 0.4688311688311688 0.1365079365079365 0.003896103896103896 0.020634920634920634
2 0.4727272727272727 0.13333333333333333 0.005194805194805195 0.020634920634920634
2 0.4766233766233766 0.12698412698412698 0.003896103896103896 0.01904761904761905
2 0.4818181818181818 0.1253968253968254 0.005194805194805195 0.009523809523809525
2 0.4805194805194805 0.11904761904761904 0.005194805194805195 0.015873015873015872
2 0.4805194805194805 0.10793650793650794 0.005194805194805195 0.01904761904761905
2 0.4909090909090909 0.11746031746031746 0.003896103896103896 0.01904761904761905
2 0.5038961038961038 0.1111111111111111 0.005194805194805195 0.015873015873015872
2 0.5103896103896104 0.17936507936507937 0.005194805194805195 0.03333333333333333
2 0.5181818181818182 0.19365079365079366 0.006493506493506494 0.031746031746031744
1 0.5207792207792208 0.17142857142857143 0.012987012987012988 0.015873015873015872
2 0.6324675324675325 0.3333333333333333 0.00909090909090909 0.03333333333333333
2 0.6064935064935065 0.3412698412698413 0.007792207792207792 0.03968253968253968
2 0.561038961038961 0.30158730158730157 0.006493506493506494 0.0380952380952381
2 0.5675324675324676 0.3111111111111111 0.006493506493506494 0.031746031746031744
2 0.5909090909090909 0.33174603174603173 0.00909090909090909 0.03015873015873016
2 0.5558441558441558 0.2761904761904762 0.006493506493506494 0.02857142857142857
2 0.5246753246753246 0.21746031746031746 0.007792207792207792 0.03015873015873016
2 0.5038961038961038 0.14444444444444443 0.005194805194805195 0.020634920634920634
1 0.5181818181818182 0.16031746031746033 0.01038961038961039 0.009523809523809525
2 0.6194805194805195 0.326984126984127 0.007792207792207792 0.04126984126984127
2 0.6103896103896104 0.3047619047619048 0.007792207792207792 0.03650793650793651
2 0.6 0.31746031746031744 0.00909090909090909 0.03492063492063492
2 0.5844155844155844 0.32063492063492066 0.007792207792207792 0.03333333333333333
2 0.574025974025974 0.30634920634920637 0.006493506493506494 0.0380952380952381
2 0.5805194805194805 0.2920634920634921 0.007792207792207792 0.023809523809523808
2 0.5896103896103896 0.2920634920634921 0.007792207792207792 0.02857142857142857
2 0.5961038961038961 0.2968253968253968 0.006493506493506494 0.031746031746031744
2 0.577922077922078 0.2571428571428571 0.006493506493506494 0.03492063492063492
2 0.5844155844155844 0.2650793650793651 0.006493506493506494 0.026984126984126985
2 0.5896103896103896 0.273015873015873 0.00909090909090909 0.025396825396825397
2 0.5623376623376624 0.2761904761904762 0.006493506493506494 0.03015873015873016
2 0.5701298701298702 0.2714285714285714 0.006493506493506494 0.03492063492063492
2 0.5298701298701298 0.2 0.006493506493506494 0.03650793650793651
2 0.5376623376623376 0.19365079365079366 0.006493506493506494 0.022222222222222223
2 0.5467532467532468 0.26031746031746034 0.006493506493506494 0.026984126984126985
2 0.5545454545454546 0.25555555555555554 0.007792207792207792 0.026984126984126985
2 0.561038961038961 0.2507936507936508 0.007792207792207792 0.03015873015873016
2 0.5701298701298702 0.24603174603174602 0.007792207792207792 0.025396825396825397
2 0.5454545454545454 0.24444444444444444 0.003896103896103896 0.02857142857142857
2 0.5558441558441558 0.22857142857142856 0.007792207792207792 0.023809523809523808
2 0.5636363636363636 0.22380952380952382 0.007792207792207792 0.023809523809523808
2 0.5493506493506494 0.1984126984126984 0.006493506493506494 0.022222222222222223
2 0.5012987012987012 0.1634920634920635 0.003896103896103896 0.020634920634920634
2 0.5064935064935064 0.1634920634920635 0.005194805194805195 0.020634920634920634
2 0.512987012987013 0.14444444444444443 0.005194805194805195 0.022222222222222223
2 0.5181818181818182 0.15079365079365079 0.005194805194805195 0.026984126984126985
2 0.5051948051948052 0.13015873015873017 0.005194805194805195 0.023809523809523808
2 0.535064935064935 0.24285714285714285 0.007792207792207792 0.03492063492063492
2 0.5402597402597402 0.2507936507936508 0.006493506493506494 0.026984126984126985
2 0.5415584415584416 0.22698412698412698 0.005194805194805195 0.01904761904761905