0 0.6194805194805195 0.7952380952380952 0.21688311688311687 0.40793650793650793
3 0.577922077922078 0.36666666666666664 0.05844155844155844 0.14444444444444443
3 0.5038961038961038 0.3492063492063492 0.046753246753246755 0.10634920634920635
3 0.5493506493506494 0.5349206349206349 0.08311688311688312 0.1
1 0.5155844155844156 0.4380952380952381 0.04285714285714286 0.09365079365079365
1 0.5935064935064935 0.4746031746031746 0.05194805194805195 0.0873015873015873
1 0.6324675324675325 0.39206349206349206 0.04415584415584416 0.09682539682539683
1 0.5467532467532468 0.3396825396825397 0.023376623376623377 0.05714285714285714
1 0.6805194805194805 0.7492063492063492 0.11038961038961038 0.26031746031746034
1 0.5155844155844156 0.19523809523809524 0.025974025974025976 0.03650793650793651
2 0.4818181818181818 0.1111111111111111 0.00909090909090909 0.01746031746031746
2 0.474025974025974 0.16507936507936508 0.012987012987012988 0.022222222222222223
2 0.4714285714285714 0.14603174603174604 0.01038961038961039 0.015873015873015872
2 0.4896103896103896 0.12857142857142856 0.007792207792207792 0.014285714285714285
2 0.5 0.1619047619047619 0.012987012987012988 0.022222222222222223
2 0.4948051948051948 0.14444444444444443 0.00909090909090909 0.01904761904761905
2 0.5038961038961038 0.1365079365079365 0.007792207792207792 0.01904761904761905
2 0.5012987012987012 0.11587301587301588 0.006493506493506494 0.012698412698412698
2 0.5012987012987012 0.1 0.003896103896103896 0.015873015873015872
2 0.5051948051948052 0.09206349206349207 0.006493506493506494 0.01746031746031746
2 0.5103896103896104 0.10158730158730159 0.006493506493506494 0.012698412698412698
2 0.5103896103896104 0.16984126984126985 0.011688311688311689 0.012698412698412698
2 0.5233766233766234 0.1634920634920635 0.00909090909090909 0.020634920634920634
2 0.5194805194805194 0.16825396825396827 0.00909090909090909 0.012698412698412698
2 0.5298701298701298 0.22063492063492063 0.007792207792207792 0.02857142857142857
2 0.5311688311688312 0.19047619047619047 0.011688311688311689 0.025396825396825397
2 0.5415584415584416 0.24444444444444444 0.006493506493506494 0.031746031746031744
2 0.5545454545454546 0.22063492063492063 0.00909090909090909 0.031746031746031744
2 0.5415584415584416 0.20317460317460317 0.006493506493506494 0.03333333333333333
2 0.487012987012987 0.24603174603174602 0.015584415584415584 0.03015873015873016
2 0.522077922077922 0.23492063492063492 0.012987012987012988 0.03333333333333333
2 0.551948051948052 0.2698412698412698 0.015584415584415584 0.03015873015873016
2 0.561038961038961 0.2841269841269841 0.007792207792207792 0.022222222222222223
2 0.5857142857142857 0.28095238095238095 0.014285714285714285 0.026984126984126985
2 0.6 0.3111111111111111 0.012987012987012988 0.0380952380952381
2 0.5454545454545454 0.42698412698412697 0.025974025974025976 0.06507936507936508
2 0.6051948051948052 0.36984126984126986 0.006493506493506494 0.049206349206349205
2 0.6662337662337663 0.46825396825396826 0.023376623376623377 0.08412698412698413
2 0.6441558441558441 0.4793650793650794 0.024675324675324677 0.07301587301587302
2 0.4935064935064935 0.5698412698412698 0.02077922077922078 0.08571428571428572
2 0.5051948051948052 0.5111111111111111 0.014285714285714285 0.07936507936507936
2 0.525974025974026 0.49682539682539684 0.01818181818181818 0.08412698412698413
2 0.548051948051948 0.5142857142857142 0.016883116883116882 0.07142857142857142
2 0.5857142857142857 0.526984126984127 0.02077922077922078 0.06507936507936508
2 0.6 0.5634920634920635 0.023376623376623377 0.06666666666666667
2 0.6558441558441559 0.5507936507936508 0.025974025974025976 0.0873015873015873
2 0.6285714285714286 0.6142857142857143 0.024675324675324677 0.06666666666666667
2 0.6519480519480519 0.6047619047619047 0.025974025974025976 0.0873015873015873
2 0.7142857142857143 0.5396825396825397 0.01948051948051948 0.08253968253968254
2 0.6857142857142857 0.5777777777777777 0.01948051948051948 0.0761904761904762
2 0.7168831168831169 0.5888888888888889 0.01948051948051948 0.10158730158730159
2 0.7051948051948052 0.6158730158730159 0.033766233766233764 0.07777777777777778
2 0.6974025974025974 0.6571428571428571 0.04025974025974026 0.09682539682539683
2 0.7519480519480519 0.638095238095238 0.04025974025974026 0.09682539682539683
2 0.7402597402597403 0.6904761904761905 0.045454545454545456 0.08412698412698413
2 0.7181818181818181 0.6984126984126984 0.033766233766233764 0.07936507936507936
2 0.7740259740259741 0.7634920634920634 0.02857142857142857 0.1365079365079365
2 0.7389610389610389 0.8047619047619048 0.03116883116883117 0.18095238095238095
2 0.8311688311688312 0.7253968253968254 0.046753246753246755 0.09365079365079365
2 0.8051948051948052 0.8015873015873016 0.02987012987012987 0.10476190476190476
2 0.8402597402597403 0.7984126984126985 0.03636363636363636 0.12063492063492064
2 0.7844155844155845 0.9206349206349206 0.033766233766233764 0.08571428571428572
2 0.7259740259740259 0.9253968253968254 0.04155844155844156 0.10158730158730159
2 0.7818181818181819 0.9825396825396825 0.03506493506493506 0.03492063492063492
2 0.8285714285714286 0.973015873015873 0.02857142857142857 0.05396825396825397
2 0.8779220779220779 0.9809523809523809 0.04025974025974026 0.0380952380952381
2 0.9 0.9603174603174603 0.03506493506493506 0.07777777777777778
2 0.9376623376623376 0.9650793650793651 0.025974025974025976 0.06825396825396825
2 0.9818181818181818 0.9603174603174603 0.03636363636363636 0.07936507936507936
2 0.8233766233766234 0.9126984126984127 0.03506493506493506 0.10793650793650794
2 0.8428571428571429 0.8904761904761904 0.03766233766233766 0.14444444444444443
2 0.8909090909090909 0.9111111111111111 0.046753246753246755 0.10793650793650794