2 0.538961038961039 0.953968253968254 0.045454545454545456 0.09047619047619047
2 0.5935064935064935 0.8412698412698413 0.05454545454545454 0.15714285714285714
2 0.5285714285714286 0.8285714285714286 0.03896103896103896 0.12380952380952381
2 0.8922077922077922 0.9555555555555556 0.04415584415584416 0.08888888888888889
2 0.5194805194805194 0.6873015873015873 0.032467532467532464 0.10952380952380952
2 0.5558441558441558 0.6142857142857143 0.03116883116883117 0.10952380952380952
2 0.7493506493506493 0.6126984126984127 0.04285714285714286 0.06507936507936508
2 0.6519480519480519 0.5920634920634921 0.03896103896103896 0.10158730158730159
2 0.6441558441558441 0.5317460317460317 0.03636363636363636 0.06666666666666667
2 0.6350649350649351 0.4793650793650794 0.02987012987012987 0.0761904761904762
2 0.5493506493506494 0.4793650793650794 0.033766233766233764 0.05873015873015873
2 0.5428571428571428 0.5206349206349207 0.03896103896103896 0.07936507936507936
2 0.4987012987012987 0.5650793650793651 0.015584415584415584 0.08888888888888889
2 0.522077922077922 0.5984126984126984 0.02727272727272727 0.09206349206349207
2 0.5155844155844156 0.5111111111111111 0.024675324675324677 0.07777777777777778
2 0.512987012987013 0.4650793650793651 0.033766233766233764 0.06507936507936508
2 0.4961038961038961 0.4238095238095238 0.02857142857142857 0.06984126984126984
2 0.6 0.4142857142857143 0.01818181818181818 0.07301587301587302
2 0.5662337662337662 0.3746031746031746 0.01948051948051948 0.03492063492063492
2 0.6064935064935065 0.3253968253968254 0.012987012987012988 0.025396825396825397
2 0.5831168831168831 0.3492063492063492 0.024675324675324677 0.06190476190476191
2 0.5545454545454546 0.3396825396825397 0.02077922077922078 0.06190476190476191
2 0.6064935064935065 0.30793650793650795 0.01948051948051948 0.03650793650793651
2 0.5961038961038961 0.31746031746031744 0.01818181818181818 0.04285714285714286
2 0.577922077922078 0.2984126984126984 0.02207792207792208 0.05238095238095238
2 0.5688311688311688 0.3111111111111111 0.02207792207792208 0.047619047619047616
2 0.5896103896103896 0.26825396825396824 0.0025974025974025974 0.0031746031746031746
2 0.5948051948051948 0.2841269841269841 0.01038961038961039 0.03333333333333333
2 0.561038961038961 0.28253968253968254 0.011688311688311689 0.0380952380952381
2 0.5753246753246753 0.25873015873015875 0.015584415584415584 0.04126984126984127
2 0.561038961038961 0.25873015873015875 0.012987012987012988 0.03968253968253968
2 0.5662337662337662 0.23333333333333334 0.00909090909090909 0.03015873015873016
2 0.5558441558441558 0.2365079365079365 0.014285714285714285 0.02857142857142857
2 0.5623376623376624 0.2222222222222222 0.012987012987012988 0.022222222222222223
2 0.512987012987013 0.2619047619047619 0.007792207792207792 0.03650793650793651
2 0.5012987012987012 0.25396825396825395 0.012987012987012988 0.01746031746031746
2 0.4948051948051948 0.23492063492063492 0.00909090909090909 0.022222222222222223
2 0.4883116883116883 0.21428571428571427 0.007792207792207792 0.026984126984126985
2 0.4831168831168831 0.2015873015873016 0.01038961038961039 0.031746031746031744
2 0.4792207792207792 0.18253968253968253 0.006493506493506494 0.01904761904761905
2 0.4766233766233766 0.16666666666666666 0.006493506493506494 0.014285714285714285
2 0.5324675324675324 0.17142857142857143 0.006493506493506494 0.011111111111111112
2 0.5207792207792208 0.16031746031746033 0.007792207792207792 0.012698412698412698
2 0.5142857142857142 0.1761904761904762 0.006493506493506494 0.014285714285714285
2 0.512987012987013 0.15396825396825398 0.005194805194805195 0.01904761904761905
2 0.5038961038961038 0.12698412698412698 0.007792207792207792 0.012698412698412698
2 0.4961038961038961 0.11746031746031746 0.003896103896103896 0.009523809523809525
2 0.5012987012987012 0.12222222222222222 0.005194805194805195 0.012698412698412698
2 0.5025974025974026 0.10476190476190476 0.00909090909090909 0.014285714285714285
2 0.509090909090909 0.1 0.01038961038961039 0.01746031746031746
1 0.4948051948051948 0.10634920634920635 0.007792207792207792 0.020634920634920634
1 0.4844155844155844 0.10952380952380952 0.00909090909090909 0.01746031746031746
3 0.4688311688311688 0.10952380952380952 0.02077922077922078 0.05555555555555555
1 0.4857142857142857 0.12063492063492064 0.014285714285714285 0.011111111111111112
1 0.487012987012987 0.13015873015873017 0.014285714285714285 0.01904761904761905
1 0.487012987012987 0.14603174603174604 0.012987012987012988 0.020634920634920634
1 0.4701298701298701 0.15079365079365079 0.01038961038961039 0.020634920634920634
1 0.4649350649350649 0.16031746031746033 0.024675324675324677 0.012698412698412698
3 0.5012987012987012 0.1746031746031746 0.02987012987012987 0.06984126984126984
1 0.4675324675324675 0.17142857142857143 0.015584415584415584 0.020634920634920634
1 0.4649350649350649 0.18571428571428572 0.025974025974025976 0.020634920634920634
0 0.5194805194805194 0.22063492063492063 0.04025974025974026 0.07777777777777778
1 0.4636363636363636 0.2015873015873016 0.01948051948051948 0.03015873015873016
1 0.4727272727272727 0.22380952380952382 0.024675324675324677 0.044444444444444446
1 0.538961038961039 0.27936507936507937 0.045454545454545456 0.1
1 0.4766233766233766 0.26031746031746034 0.023376623376623377 0.05238095238095238
3 0.4896103896103896 0.3047619047619048 0.03766233766233766 0.09523809523809523
1 0.6324675324675325 0.38095238095238093 0.05714285714285714 0.11587301587301588
1 0.574025974025974 0.4396825396825397 0.05584415584415584 0.10952380952380952
1 0.6220779220779221 0.6349206349206349 0.07922077922077922 0.16825396825396827
1 0.7623376623376623 0.7047619047619048 0.11428571428571428 0.22857142857142856
1 0.6909090909090909 0.8412698412698413 0.13506493506493505 0.25555555555555554