2 0.6896103896103896 0.8904761904761904 0.033766233766233764 0.15873015873015872
2 0.8675324675324675 0.9301587301587302 0.05714285714285714 0.13968253968253969
2 0.7766233766233767 0.7380952380952381 0.03506493506493506 0.14285714285714285
2 0.8298701298701299 0.7873015873015873 0.04155844155844156 0.15714285714285714
2 0.7233766233766233 0.5984126984126984 0.025974025974025976 0.10634920634920635
2 0.5844155844155844 0.5825396825396826 0.033766233766233764 0.10476190476190476
2 0.5194805194805194 0.49682539682539684 0.02727272727272727 0.07142857142857142
2 0.5454545454545454 0.49206349206349204 0.033766233766233764 0.08888888888888889
2 0.638961038961039 0.4666666666666667 0.01948051948051948 0.06984126984126984
2 0.6753246753246753 0.46984126984126984 0.015584415584415584 0.06825396825396825
2 0.6701298701298701 0.5206349206349207 0.016883116883116882 0.026984126984126985
2 0.6883116883116883 0.5079365079365079 0.024675324675324677 0.06349206349206349
2 0.5012987012987012 0.44603174603174606 0.02207792207792208 0.08888888888888889
2 0.564935064935065 0.3 0.01038961038961039 0.0380952380952381
2 0.548051948051948 0.2650793650793651 0.012987012987012988 0.03333333333333333
2 0.5493506493506494 0.23492063492063492 0.01038961038961039 0.03015873015873016
2 0.5714285714285714 0.2634920634920635 0.01038961038961039 0.01746031746031746
2 0.5844155844155844 0.26825396825396824 0.01038961038961039 0.01746031746031746
2 0.564935064935065 0.24285714285714285 0.007792207792207792 0.03333333333333333
2 0.5662337662337662 0.2746031746031746 0.011688311688311689 0.026984126984126985
2 0.5584415584415584 0.23015873015873015 0.007792207792207792 0.03015873015873016
2 0.538961038961039 0.23333333333333334 0.00909090909090909 0.0380952380952381
2 0.5233766233766234 0.20476190476190476 0.007792207792207792 0.009523809523809525
2 0.5376623376623376 0.1984126984126984 0.007792207792207792 0.020634920634920634
2 0.5441558441558442 0.20317460317460317 0.006493506493506494 0.01904761904761905
2 0.551948051948052 0.21746031746031746 0.01038961038961039 0.025396825396825397
2 0.5246753246753246 0.2 0.012987012987012988 0.03492063492063492
2 0.5246753246753246 0.173015873015873 0.007792207792207792 0.01746031746031746
2 0.487012987012987 0.18412698412698414 0.007792207792207792 0.014285714285714285
2 0.4974025974025974 0.18571428571428572 0.005194805194805195 0.012698412698412698
2 0.4987012987012987 0.16984126984126985 0.005194805194805195 0.011111111111111112
2 0.5103896103896104 0.19682539682539682 0.012987012987012988 0.023809523809523808
2 0.4636363636363636 0.15555555555555556 0.003896103896103896 0.006349206349206349
2 0.4701298701298701 0.1523809523809524 0.006493506493506494 0.006349206349206349
2 0.4779220779220779 0.15396825396825398 0.006493506493506494 0.01746031746031746
2 0.4766233766233766 0.173015873015873 0.005194805194805195 0.015873015873015872
2 0.4857142857142857 0.2015873015873016 0.00909090909090909 0.023809523809523808
2 0.4896103896103896 0.15079365079365079 0.006493506493506494 0.012698412698412698
2 0.4974025974025974 0.1492063492063492 0.00909090909090909 0.015873015873015872
2 0.5103896103896104 0.14285714285714285 0.01038961038961039 0.012698412698412698
2 0.4935064935064935 0.1349206349206349 0.007792207792207792 0.020634920634920634
2 0.5038961038961038 0.12857142857142856 0.007792207792207792 0.01746031746031746
1 0.787012987012987 0.9365079365079365 0.12077922077922078 0.1253968253968254
1 0.6025974025974026 0.8476190476190476 0.10519480519480519 0.2761904761904762
1 0.5337662337662338 0.6111111111111112 0.07272727272727272 0.16507936507936508
1 0.6168831168831169 0.5333333333333333 0.07532467532467532 0.14761904761904762
1 0.687012987012987 0.6555555555555556 0.09610389610389611 0.23333333333333334
1 0.5337662337662338 0.3746031746031746 0.048051948051948054 0.0873015873015873
1 0.4935064935064935 0.3238095238095238 0.04155844155844156 0.06031746031746032
1 0.4883116883116883 0.273015873015873 0.032467532467532464 0.05555555555555555
1 0.5506493506493506 0.3238095238095238 0.03506493506493506 0.0761904761904762
1 0.535064935064935 0.28095238095238095 0.03766233766233766 0.05555555555555555
1 0.5207792207792208 0.2365079365079365 0.02987012987012987 0.04285714285714286
1 0.5025974025974026 0.2126984126984127 0.024675324675324677 0.04285714285714286
1 0.587012987012987 0.30793650793650795 0.02727272727272727 0.06190476190476191
1 0.4792207792207792 0.23174603174603176 0.024675324675324677 0.03650793650793651
1 0.4701298701298701 0.20952380952380953 0.01948051948051948 0.03650793650793651
1 0.4662337662337662 0.18253968253968253 0.016883116883116882 0.02857142857142857
1 0.4662337662337662 0.16507936507936508 0.015584415584415584 0.014285714285714285
1 0.4883116883116883 0.16666666666666666 0.016883116883116882 0.020634920634920634
1 0.5142857142857142 0.16825396825396827 0.02207792207792208 0.02857142857142857
1 0.4636363636363636 0.14603174603174604 0.01038961038961039 0.015873015873015872
1 0.4636363636363636 0.13015873015873017 0.00909090909090909 0.009523809523809525
1 0.4831168831168831 0.14126984126984127 0.011688311688311689 0.020634920634920634
1 0.4649350649350649 0.12063492063492064 0.01038961038961039 0.011111111111111112
1 0.4675324675324675 0.1126984126984127 0.007792207792207792 0.011111111111111112
1 0.4779220779220779 0.12222222222222222 0.012987012987012988 0.012698412698412698
1 0.4805194805194805 0.11428571428571428 0.016883116883116882 0.009523809523809525
1 0.4805194805194805 0.10793650793650794 0.00909090909090909 0.007936507936507936
1 0.4948051948051948 0.10634920634920635 0.01038961038961039 0.009523809523809525
1 0.4948051948051948 0.12063492063492064 0.011688311688311689 0.012698412698412698
1 0.4792207792207792 0.1 0.015584415584415584 0.0015873015873015873
1 0.4857142857142857 0.09523809523809523 0.003896103896103896 0.006349206349206349
1 0.4935064935064935 0.09206349206349207 0.01038961038961039 0.007936507936507936
1 0.4987012987012987 0.08571428571428572 0.006493506493506494 0.0031746031746031746
2 0.5064935064935064 0.10793650793650794 0.006493506493506494 0.012698412698412698
2 0.5064935064935064 0.09682539682539683 0.003896103896103896 0.007936507936507936
3 0.6077922077922078 0.3412698412698413 0.04935064935064935 0.12857142857142856