1 0.5935064935064935 0.9222222222222223 0.10519480519480519 0.15396825396825398
1 0.6428571428571429 0.7523809523809524 0.0987012987012987 0.2253968253968254
1 0.5402597402597402 0.6428571428571429 0.06233766233766234 0.2015873015873016
1 0.6792207792207792 0.6095238095238096 0.08701298701298701 0.15079365079365079
1 0.5168831168831168 0.49682539682539684 0.048051948051948054 0.1126984126984127
1 0.5688311688311688 0.4746031746031746 0.05194805194805195 0.1126984126984127
1 0.6350649350649351 0.49682539682539684 0.06623376623376623 0.08412698412698413
1 0.5207792207792208 0.3825396825396825 0.04285714285714286 0.08412698412698413
1 0.5454545454545454 0.28888888888888886 0.04415584415584416 0.06190476190476191
1 0.5194805194805194 0.22380952380952382 0.03116883116883117 0.050793650793650794
1 0.5077922077922078 0.18571428571428572 0.016883116883116882 0.03650793650793651
2 0.6831168831168831 0.953968253968254 0.02857142857142857 0.0873015873015873
2 0.7285714285714285 0.9698412698412698 0.03896103896103896 0.06031746031746032
2 0.8077922077922078 0.9714285714285714 0.04155844155844156 0.05714285714285714
2 0.8584415584415584 0.9873015873015873 0.024675324675324677 0.023809523809523808
2 0.9298701298701298 0.9523809523809523 0.03766233766233766 0.09365079365079365
2 0.8662337662337662 0.9476190476190476 0.05584415584415584 0.10158730158730159
2 0.8116883116883117 0.9206349206349206 0.046753246753246755 0.10952380952380952
2 0.7610389610389611 0.9285714285714286 0.03896103896103896 0.12380952380952381
2 0.8948051948051948 0.846031746031746 0.04285714285714286 0.1349206349206349
2 0.8688311688311688 0.8904761904761904 0.05194805194805195 0.09047619047619047
2 0.8428571428571429 0.792063492063492 0.04025974025974026 0.10158730158730159
2 0.8077922077922078 0.8047619047619048 0.048051948051948054 0.06031746031746032
2 0.8116883116883117 0.8444444444444444 0.04025974025974026 0.07142857142857142
2 0.7714285714285715 0.8142857142857143 0.03896103896103896 0.10476190476190476
2 0.7298701298701299 0.8444444444444444 0.03896103896103896 0.1349206349206349
2 0.7987012987012987 0.7380952380952381 0.03506493506493506 0.07301587301587302
2 0.7610389610389611 0.7253968253968254 0.04155844155844156 0.09682539682539683
2 0.7259740259740259 0.7555555555555555 0.046753246753246755 0.08412698412698413
2 0.8038961038961039 0.6904761904761905 0.024675324675324677 0.11904761904761904
2 0.687012987012987 0.6873015873015873 0.033766233766233764 0.08095238095238096
2 0.6246753246753247 0.6222222222222222 0.02987012987012987 0.06349206349206349
2 0.5844155844155844 0.6285714285714286 0.02207792207792208 0.10317460317460317
2 0.6038961038961039 0.5714285714285714 0.02987012987012987 0.07301587301587302
2 0.4961038961038961 0.5873015873015873 0.023376623376623377 0.09523809523809523
2 0.5207792207792208 0.5507936507936508 0.02857142857142857 0.07301587301587302
2 0.6948051948051948 0.49206349206349204 0.033766233766233764 0.08253968253968254
2 0.6558441558441559 0.4492063492063492 0.02857142857142857 0.0746031746031746
2 0.6675324675324675 0.4365079365079365 0.02077922077922078 0.0746031746031746
2 0.6142857142857143 0.4301587301587302 0.016883116883116882 0.050793650793650794
2 0.6402597402597403 0.4507936507936508 0.01948051948051948 0.05238095238095238
2 0.5857142857142857 0.43333333333333335 0.025974025974025976 0.06190476190476191
2 0.561038961038961 0.4142857142857143 0.02077922077922078 0.04285714285714286
2 0.6493506493506493 0.4015873015873016 0.014285714285714285 0.04285714285714286
2 0.6272727272727273 0.3603174603174603 0.01818181818181818 0.06349206349206349
2 0.5987012987012987 0.35873015873015873 0.02207792207792208 0.0746031746031746
2 0.5454545454545454 0.3412698412698413 0.023376623376623377 0.05396825396825397
2 0.4948051948051948 0.2761904761904762 0.02207792207792208 0.046031746031746035
2 0.4818181818181818 0.2126984126984127 0.016883116883116882 0.03492063492063492
2 0.5363636363636364 0.19682539682539682 0.01038961038961039 0.03333333333333333
2 0.525974025974026 0.18253968253968253 0.01038961038961039 0.03333333333333333
2 0.5116883116883116 0.1492063492063492 0.011688311688311689 0.020634920634920634
2 0.4831168831168831 0.15079365079365079 0.005194805194805195 0.025396825396825397
2 0.4961038961038961 0.14126984126984127 0.006493506493506494 0.01904761904761905
2 0.487012987012987 0.13968253968253969 0.006493506493506494 0.015873015873015872
2 0.5064935064935064 0.1253968253968254 0.01038961038961039 0.012698412698412698
2 0.4922077922077922 0.11587301587301588 0.005194805194805195 0.015873015873015872
2 0.4805194805194805 0.10634920634920635 0.003896103896103896 0.01904761904761905
2 0.4987012987012987 0.10634920634920635 0.005194805194805195 0.012698412698412698
2 0.5025974025974026 0.1 0.007792207792207792 0.009523809523809525
2 0.5116883116883116 0.09682539682539683 0.003896103896103896 0.009523809523809525
1 0.5012987012987012 0.09206349206349207 0.007792207792207792 0.012698412698412698