2 0.5064935064935064 0.10634920634920635 0.007792207792207792 0.01746031746031746
2 0.5025974025974026 0.12698412698412698 0.00909090909090909 0.022222222222222223
2 0.5298701298701298 0.19047619047619047 0.012987012987012988 0.03968253968253968
2 0.525974025974026 0.2222222222222222 0.011688311688311689 0.044444444444444446
2 0.512987012987013 0.2492063492063492 0.015584415584415584 0.046031746031746035
2 0.5077922077922078 0.1984126984126984 0.012987012987012988 0.0380952380952381
2 0.4974025974025974 0.1984126984126984 0.01038961038961039 0.03015873015873016
2 0.4974025974025974 0.22063492063492063 0.011688311688311689 0.04126984126984127
2 0.5441558441558442 0.2873015873015873 0.015584415584415584 0.05555555555555555
2 0.5675324675324676 0.2857142857142857 0.015584415584415584 0.049206349206349205
2 0.5883116883116883 0.3 0.012987012987012988 0.05238095238095238
2 0.5857142857142857 0.2650793650793651 0.01818181818181818 0.04285714285714286
2 0.4883116883116883 0.4031746031746032 0.01948051948051948 0.06666666666666667
2 0.5961038961038961 0.3888888888888889 0.016883116883116882 0.06984126984126984
2 0.6090909090909091 0.37142857142857144 0.01948051948051948 0.06031746031746032
2 0.6402597402597403 0.3476190476190476 0.01948051948051948 0.050793650793650794
2 0.6363636363636364 0.3682539682539683 0.01818181818181818 0.049206349206349205
2 0.6415584415584416 0.37936507936507935 0.015584415584415584 0.0380952380952381
2 0.6376623376623377 0.4031746031746032 0.02207792207792208 0.03968253968253968
2 0.6142857142857143 0.4253968253968254 0.02077922077922078 0.06666666666666667
2 0.5792207792207792 0.5952380952380952 0.02077922077922078 0.09523809523809523
2 0.5896103896103896 0.5444444444444444 0.024675324675324677 0.0873015873015873
2 0.5909090909090909 0.49682539682539684 0.02207792207792208 0.06190476190476191
2 0.6168831168831169 0.48253968253968255 0.01948051948051948 0.050793650793650794
2 0.6298701298701299 0.4746031746031746 0.016883116883116882 0.07301587301587302
2 0.6519480519480519 0.48253968253968255 0.024675324675324677 0.05238095238095238
2 0.6181818181818182 0.5238095238095238 0.024675324675324677 0.07142857142857142
2 0.6207792207792208 0.5698412698412698 0.02857142857142857 0.0746031746031746
2 0.6441558441558441 0.5476190476190477 0.024675324675324677 0.08571428571428572
2 0.6623376623376623 0.5238095238095238 0.02207792207792208 0.0761904761904762
2 0.6753246753246753 0.5603174603174603 0.02207792207792208 0.05873015873015873
2 0.6688311688311688 0.6111111111111112 0.02857142857142857 0.08571428571428572
2 0.6974025974025974 0.6079365079365079 0.025974025974025976 0.11587301587301588
2 0.7350649350649351 0.6714285714285714 0.03506493506493506 0.10952380952380952
2 0.7155844155844155 0.7285714285714285 0.03636363636363636 0.13174603174603175
2 0.6142857142857143 0.8476190476190476 0.046753246753246755 0.15714285714285714
2 0.6025974025974026 0.9317460317460318 0.04415584415584416 0.12222222222222222
2 0.7558441558441559 0.9428571428571428 0.05064935064935065 0.11428571428571428
2 0.7779220779220779 0.8825396825396825 0.046753246753246755 0.14603174603174604
2 0.8272727272727273 0.792063492063492 0.046753246753246755 0.14126984126984127
2 0.8558441558441559 0.8746031746031746 0.04935064935064935 0.1126984126984127
2 0.8532467532467533 0.9428571428571428 0.046753246753246755 0.11428571428571428
2 0.8272727272727273 0.9841269841269841 0.02727272727272727 0.03015873015873016
1 0.6506493506493507 0.6857142857142857 0.08701298701298701 0.2
1 0.548051948051948 0.6619047619047619 0.08571428571428572 0.2
1 0.5402597402597402 0.5158730158730159 0.06103896103896104 0.1380952380952381
1 0.5194805194805194 0.4301587301587302 0.04155844155844156 0.10952380952380952
1 0.5584415584415584 0.38571428571428573 0.048051948051948054 0.07936507936507936
1 0.5805194805194805 0.44285714285714284 0.04415584415584416 0.11428571428571428
1 0.6636363636363637 0.45555555555555555 0.06103896103896104 0.10793650793650794
1 0.5 0.34444444444444444 0.053246753246753244 0.08412698412698413
3 0.4935064935064935 0.28095238095238095 0.045454545454545456 0.0873015873015873