2 0.6428571428571429 0.9650793650793651 0.033766233766233764 0.06984126984126984
2 0.6792207792207792 0.9428571428571428 0.04025974025974026 0.11428571428571428
2 0.6519480519480519 0.8682539682539683 0.02987012987012987 0.1492063492063492
2 0.5883116883116883 0.8222222222222222 0.03116883116883117 0.1111111111111111
2 0.5142857142857142 0.8301587301587302 0.02857142857142857 0.13333333333333333
2 0.6324675324675325 0.7857142857142857 0.03896103896103896 0.12063492063492064
2 0.522077922077922 0.7428571428571429 0.03896103896103896 0.10952380952380952
2 0.5 0.6746031746031746 0.02077922077922078 0.11428571428571428
2 0.6233766233766234 0.7142857142857143 0.02857142857142857 0.08095238095238096
2 0.6103896103896104 0.6492063492063492 0.02207792207792208 0.10634920634920635
2 0.6935064935064935 0.6222222222222222 0.02077922077922078 0.08571428571428572
2 0.7155844155844155 0.6666666666666666 0.02987012987012987 0.08888888888888889
2 0.7246753246753247 0.5523809523809524 0.015584415584415584 0.06666666666666667
2 0.7389610389610389 0.580952380952381 0.02207792207792208 0.06984126984126984
2 0.7584415584415585 0.6126984126984127 0.03766233766233766 0.07142857142857142
2 0.7493506493506493 0.665079365079365 0.02207792207792208 0.0873015873015873
2 0.7935064935064935 0.6793650793650794 0.03766233766233766 0.08571428571428572
2 0.7727272727272727 0.7047619047619048 0.025974025974025976 0.08412698412698413
2 0.8961038961038961 0.7412698412698413 0.032467532467532464 0.11746031746031746
2 0.8337662337662337 0.7253968253968254 0.03636363636363636 0.09047619047619047
2 0.8194805194805195 0.7396825396825397 0.025974025974025976 0.09047619047619047
2 0.7987012987012987 0.765079365079365 0.02987012987012987 0.10634920634920635
2 0.7701298701298701 0.807936507936508 0.02727272727272727 0.14126984126984127
2 0.7467532467532467 0.7333333333333333 0.025974025974025976 0.10634920634920635
2 0.8415584415584415 0.8412698412698413 0.04935064935064935 0.13174603174603175
2 0.812987012987013 0.8888888888888888 0.03506493506493506 0.12222222222222222
2 0.9675324675324676 0.7111111111111111 0.03506493506493506 0.13174603174603175
2 0.8519480519480519 0.9666666666666667 0.03506493506493506 0.06507936507936508
2 0.8792207792207792 0.9396825396825397 0.04415584415584416 0.12063492063492064
2 0.9142857142857143 0.9412698412698413 0.053246753246753244 0.11746031746031746
2 0.987012987012987 0.9253968253968254 0.024675324675324677 0.1492063492063492
2 0.6532467532467533 0.5634920634920635 0.024675324675324677 0.0380952380952381
2 0.6155844155844156 0.553968253968254 0.02987012987012987 0.06507936507936508
2 0.5896103896103896 0.5952380952380952 0.02077922077922078 0.07777777777777778
2 0.5857142857142857 0.5555555555555556 0.02207792207792208 0.0873015873015873
2 0.5376623376623376 0.5650793650793651 0.04285714285714286 0.07777777777777778
2 0.5064935064935064 0.5952380952380952 0.024675324675324677 0.09206349206349207
2 0.4922077922077922 0.5650793650793651 0.025974025974025976 0.08412698412698413
2 0.4948051948051948 0.5238095238095238 0.02857142857142857 0.06825396825396825
2 0.4987012987012987 0.49047619047619045 0.02727272727272727 0.06349206349206349
2 0.6077922077922078 0.5142857142857142 0.015584415584415584 0.06031746031746032
2 0.5909090909090909 0.49206349206349204 0.02077922077922078 0.07777777777777778
2 0.5766233766233766 0.5047619047619047 0.02077922077922078 0.07142857142857142
2 0.5584415584415584 0.46825396825396826 0.02207792207792208 0.08095238095238096
2 0.6298701298701299 0.5063492063492063 0.015584415584415584 0.07142857142857142
2 0.6415584415584416 0.5317460317460317 0.02207792207792208 0.06190476190476191
2 0.7142857142857143 0.5206349206349207 0.01948051948051948 0.07936507936507936
2 0.7 0.4873015873015873 0.02727272727272727 0.06984126984126984
2 0.687012987012987 0.4507936507936508 0.02727272727272727 0.05396825396825397
2 0.6662337662337663 0.43492063492063493 0.01818181818181818 0.050793650793650794
2 0.6558441558441559 0.44603174603174606 0.02077922077922078 0.03492063492063492
2 0.6298701298701299 0.44761904761904764 0.015584415584415584 0.05714285714285714
2 0.6168831168831169 0.43174603174603177 0.02207792207792208 0.06031746031746032
2 0.6480519480519481 0.4015873015873016 0.02207792207792208 0.05396825396825397
2 0.6064935064935065 0.4031746031746032 0.015584415584415584 0.05238095238095238
2 0.6233766233766234 0.38571428571428573 0.023376623376623377 0.04285714285714286
2 0.6298701298701299 0.4111111111111111 0.023376623376623377 0.047619047619047616
2 0.6 0.38095238095238093 0.01038961038961039 0.050793650793650794
2 0.6402597402597403 0.36984126984126986 0.024675324675324677 0.03650793650793651
2 0.6246753246753247 0.3523809523809524 0.014285714285714285 0.03968253968253968
2 0.612987012987013 0.35714285714285715 0.015584415584415584 0.04285714285714286
2 0.6168831168831169 0.3349206349206349 0.01948051948051948 0.0380952380952381
2 0.5922077922077922 0.35079365079365077 0.011688311688311689 0.04126984126984127
2 0.5727272727272728 0.3238095238095238 0.02207792207792208 0.03650793650793651
2 0.6103896103896104 0.319047619047619 0.011688311688311689 0.04285714285714286
2 0.5857142857142857 0.3142857142857143 0.007792207792207792 0.03968253968253968
2 0.5948051948051948 0.3238095238095238 0.00909090909090909 0.04126984126984127
2 0.6 0.2968253968253968 0.015584415584415584 0.03015873015873016
2 0.5792207792207792 0.29523809523809524 0.014285714285714285 0.0380952380952381
2 0.5883116883116883 0.273015873015873 0.011688311688311689 0.03015873015873016
2 0.5727272727272728 0.26825396825396824 0.011688311688311689 0.025396825396825397
2 0.5831168831168831 0.2507936507936508 0.014285714285714285 0.015873015873015872
2 0.564935064935065 0.2571428571428571 0.01038961038961039 0.02857142857142857
2 0.5545454545454546 0.2634920634920635 0.01038961038961039 0.022222222222222223
2 0.5571428571428572 0.2396825396825397 0.007792207792207792 0.02857142857142857
2 0.538961038961039 0.24761904761904763 0.012987012987012988 0.026984126984126985
2 0.5454545454545454 0.28253968253968254 0.012987012987012988 0.03333333333333333
2 0.5285714285714286 0.3 0.01038961038961039 0.0380952380952381
2 0.5337662337662338 0.33015873015873015 0.012987012987012988 0.03492063492063492
2 0.5402597402597402 0.3682539682539683 0.012987012987012988 0.03492063492063492
2 0.5415584415584416 0.4095238095238095 0.015584415584415584 0.0746031746031746
2 0.5545454545454546 0.4507936507936508 0.02207792207792208 0.044444444444444446
2 0.5051948051948052 0.25873015873015875 0.015584415584415584 0.04126984126984127
2 0.4974025974025974 0.24285714285714285 0.007792207792207792 0.02857142857142857
2 0.4636363636363636 0.24126984126984127 0.011688311688311689 0.031746031746031744
2 0.4662337662337662 0.2222222222222222 0.011688311688311689 0.015873015873015872
2 0.45584415584415583 0.2253968253968254 0.01038961038961039 0.023809523809523808
2 0.5077922077922078 0.20317460317460317 0.00909090909090909 0.026984126984126985
2 0.4948051948051948 0.21904761904761905 0.00909090909090909 0.022222222222222223
2 0.5038961038961038 0.23333333333333334 0.00909090909090909 0.022222222222222223
2 0.5376623376623376 0.21904761904761905 0.005194805194805195 0.01904761904761905
2 0.525974025974026 0.19047619047619047 0.005194805194805195 0.020634920634920634
2 0.5532467532467532 0.20793650793650795 0.011688311688311689 0.012698412698412698
2 0.5402597402597402 0.1984126984126984 0.00909090909090909 0.02857142857142857
2 0.535064935064935 0.19682539682539682 0.006493506493506494 0.02857142857142857
2 0.5142857142857142 0.18253968253968253 0.00909090909090909 0.025396825396825397
2 0.5064935064935064 0.173015873015873 0.006493506493506494 0.022222222222222223
2 0.4818181818181818 0.18571428571428572 0.007792207792207792 0.03333333333333333
2 0.45584415584415583 0.1984126984126984 0.007792207792207792 0.022222222222222223
2 0.474025974025974 0.1111111111111111 0.005194805194805195 0.012698412698412698
2 0.4688311688311688 0.11904761904761904 0.007792207792207792 0.012698412698412698
2 0.4714285714285714 0.13333333333333333 0.01038961038961039 0.015873015873015872
2 0.4584415584415584 0.13333333333333333 0.007792207792207792 0.015873015873015872
2 0.45454545454545453 0.16666666666666666 0.007792207792207792 0.020634920634920634
2 0.4948051948051948 0.12222222222222222 0.00909090909090909 0.009523809523809525
2 0.4935064935064935 0.1380952380952381 0.007792207792207792 0.020634920634920634
2 0.5012987012987012 0.14126984126984127 0.006493506493506494 0.01746031746031746
2 0.4818181818181818 0.16031746031746033 0.007792207792207792 0.020634920634920634
2 0.4805194805194805 0.14444444444444443 0.006493506493506494 0.01746031746031746
2 0.4844155844155844 0.13174603174603175 0.00909090909090909 0.012698412698412698
2 0.4857142857142857 0.10793650793650794 0.007792207792207792 0.014285714285714285
2 0.5077922077922078 0.10317460317460317 0.00909090909090909 0.020634920634920634
2 0.5168831168831168 0.15873015873015872 0.005194805194805195 0.01904761904761905
2 0.5064935064935064 0.15873015873015872 0.007792207792207792 0.022222222222222223
2 0.5467532467532468 0.19523809523809524 0.00909090909090909 0.025396825396825397
2 0.538961038961039 0.1873015873015873 0.007792207792207792 0.01904761904761905
2 0.4974025974025974 0.09682539682539683 0.003896103896103896 0.009523809523809525
2 0.5077922077922078 0.09523809523809523 0.003896103896103896 0.011111111111111112
1 0.5012987012987012 0.09206349206349207 0.006493506493506494 0.014285714285714285
1 0.4909090909090909 0.09682539682539683 0.00909090909090909 0.011111111111111112
1 0.4961038961038961 0.10952380952380952 0.011688311688311689 0.01904761904761905
1 0.4831168831168831 0.12380952380952381 0.011688311688311689 0.023809523809523808
1 0.5103896103896104 0.14285714285714285 0.015584415584415584 0.03015873015873016
1 0.4883116883116883 0.1492063492063492 0.011688311688311689 0.022222222222222223
1 0.4948051948051948 0.15873015873015872 0.014285714285714285 0.01904761904761905
1 0.4662337662337662 0.15079365079365079 0.015584415584415584 0.015873015873015872
1 0.4688311688311688 0.15873015873015872 0.015584415584415584 0.015873015873015872
1 0.4649350649350649 0.1761904761904762 0.024675324675324677 0.026984126984126985
1 0.4896103896103896 0.16984126984126985 0.016883116883116882 0.022222222222222223
1 0.525974025974026 0.17142857142857143 0.016883116883116882 0.03333333333333333
1 0.4961038961038961 0.19206349206349208 0.01948051948051948 0.031746031746031744
1 0.4714285714285714 0.19682539682539682 0.01818181818181818 0.031746031746031744
1 0.474025974025974 0.2126984126984127 0.014285714285714285 0.026984126984126985
1 0.5207792207792208 0.21428571428571427 0.01818181818181818 0.025396825396825397
1 0.4831168831168831 0.22857142857142856 0.02077922077922078 0.0380952380952381
1 0.5246753246753246 0.24444444444444444 0.02727272727272727 0.050793650793650794
1 0.5571428571428572 0.23015873015873015 0.032467532467532464 0.049206349206349205
1 0.522077922077922 0.2698412698412698 0.03636363636363636 0.06190476190476191
1 0.561038961038961 0.3 0.03766233766233766 0.05238095238095238
1 0.487012987012987 0.2761904761904762 0.02857142857142857 0.050793650793650794
3 0.4961038961038961 0.3523809523809524 0.05194805194805195 0.1365079365079365
3 0.5077922077922078 0.3952380952380952 0.05194805194805195 0.1380952380952381
1 0.5493506493506494 0.3492063492063492 0.03116883116883117 0.06507936507936508
1 0.5753246753246753 0.3825396825396825 0.03896103896103896 0.07936507936507936
1 0.577922077922078 0.4444444444444444 0.06103896103896104 0.10793650793650794
1 0.674025974025974 0.5174603174603175 0.06103896103896104 0.13333333333333333
1 0.535064935064935 0.5095238095238095 0.05714285714285714 0.13333333333333333
1 0.5584415584415584 0.6698412698412698 0.07272727272727272 0.1619047619047619
1 0.6571428571428571 0.6476190476190476 0.08701298701298701 0.14603174603174604
1 0.7103896103896103 0.8206349206349206 0.11558441558441558 0.24603174603174602
1 0.5662337662337662 0.9158730158730158 0.0987012987012987 0.16825396825396827
1 0.7792207792207793 0.9507936507936507 0.11168831168831168 0.09841269841269841