2 0.8298701298701299 0.873015873015873 0.04935064935064935 0.1761904761904762
2 0.7376623376623377 0.8571428571428571 0.04285714285714286 0.1873015873015873
2 0.6181818181818182 0.5 0.023376623376623377 0.09841269841269841
2 0.5376623376623376 0.2873015873015873 0.01038961038961039 0.0380952380952381
2 0.535064935064935 0.24444444444444444 0.014285714285714285 0.0380952380952381
2 0.5155844155844156 0.2507936507936508 0.012987012987012988 0.05238095238095238
2 0.5233766233766234 0.2222222222222222 0.00909090909090909 0.031746031746031744
2 0.5207792207792208 0.20634920634920634 0.00909090909090909 0.03015873015873016
2 0.5012987012987012 0.22063492063492063 0.01038961038961039 0.03492063492063492
2 0.5012987012987012 0.18571428571428572 0.00909090909090909 0.03492063492063492
2 0.4714285714285714 0.20793650793650795 0.01038961038961039 0.03333333333333333
2 0.4753246753246753 0.19047619047619047 0.007792207792207792 0.02857142857142857
2 0.4753246753246753 0.16984126984126985 0.00909090909090909 0.023809523809523808
2 0.4779220779220779 0.13015873015873017 0.00909090909090909 0.023809523809523808
2 0.4688311688311688 0.11746031746031746 0.005194805194805195 0.020634920634920634
2 0.45194805194805193 0.326984126984127 0.014285714285714285 0.06507936507936508
3 0.574025974025974 0.765079365079365 0.19220779220779222 0.46984126984126984
3 0.5168831168831168 0.5190476190476191 0.08571428571428572 0.22063492063492063
3 0.45454545454545453 0.1253968253968254 0.011688311688311689 0.0380952380952381
3 0.4727272727272727 0.06984126984126984 0.01948051948051948 0.025396825396825397
1 0.5662337662337662 0.4222222222222222 0.05194805194805195 0.09841269841269841
1 0.487012987012987 0.38571428571428573 0.04415584415584416 0.09365079365079365
1 0.5324675324675324 0.3396825396825397 0.03766233766233766 0.08095238095238096
1 0.5025974025974026 0.2920634920634921 0.03766233766233766 0.06984126984126984
1 0.45454545454545453 0.26666666666666666 0.032467532467532464 0.05714285714285714
1 0.4896103896103896 0.23333333333333334 0.02727272727272727 0.06031746031746032
1 0.44155844155844154 0.20952380952380953 0.024675324675324677 0.050793650793650794
1 0.43376623376623374 0.15396825396825398 0.02077922077922078 0.03968253968253968
1 0.43246753246753245 0.11904761904761904 0.014285714285714285 0.031746031746031744
1 0.45324675324675323 0.09841269841269841 0.012987012987012988 0.015873015873015872
1 0.45064935064935063 0.08571428571428572 0.01038961038961039 0.011111111111111112
1 0.4688311688311688 0.09206349206349207 0.01038961038961039 0.01746031746031746