3 0.7025974025974026 0.7936507936507936 0.19220779220779222 0.4126984126984127
1 0.5623376623376624 0.7746031746031746 0.09350649350649351 0.23809523809523808
1 0.6532467532467533 0.6031746031746031 0.07142857142857142 0.08571428571428572
1 0.5844155844155844 0.48412698412698413 0.07012987012987013 0.12063492063492064
1 0.4974025974025974 0.17936507936507937 0.023376623376623377 0.03333333333333333
1 0.4675324675324675 0.11746031746031746 0.01038961038961039 0.026984126984126985
0 0.4909090909090909 0.11587301587301588 0.02987012987012987 0.05714285714285714
3 0.5428571428571428 0.2746031746031746 0.045454545454545456 0.1380952380952381
2 0.7272727272727273 0.5968253968253968 0.04415584415584416 0.08888888888888889
2 0.4935064935064935 0.5777777777777777 0.033766233766233764 0.08571428571428572
2 0.6714285714285714 0.4873015873015873 0.02857142857142857 0.08412698412698413
2 0.6077922077922078 0.42857142857142855 0.025974025974025976 0.0761904761904762
2 0.6311688311688312 0.3634920634920635 0.02207792207792208 0.06507936507936508
2 0.6012987012987013 0.33015873015873015 0.02727272727272727 0.05396825396825397
2 0.487012987012987 0.25396825396825395 0.015584415584415584 0.04126984126984127
2 0.5194805194805194 0.23492063492063492 0.011688311688311689 0.0380952380952381
2 0.4662337662337662 0.20476190476190476 0.014285714285714285 0.03650793650793651
2 0.4792207792207792 0.1984126984126984 0.00909090909090909 0.03015873015873016
2 0.5194805194805194 0.20317460317460317 0.011688311688311689 0.022222222222222223
2 0.535064935064935 0.2 0.015584415584415584 0.025396825396825397
2 0.4701298701298701 0.15714285714285714 0.00909090909090909 0.022222222222222223
2 0.4597402597402597 0.15555555555555556 0.00909090909090909 0.03015873015873016