1 0.7038961038961039 0.8666666666666667 0.10649350649350649 0.2650793650793651
1 0.5012987012987012 0.1761904761904762 0.02077922077922078 0.04285714285714286
1 0.5532467532467532 0.326984126984127 0.06493506493506493 0.11746031746031746
3 0.5168831168831168 0.38571428571428573 0.08311688311688312 0.1619047619047619
2 0.6285714285714286 0.8904761904761904 0.04415584415584416 0.21904761904761905
2 0.5311688311688312 0.8650793650793651 0.05064935064935065 0.1634920634920635
2 0.8038961038961039 0.9047619047619048 0.04935064935064935 0.15873015873015872
2 0.8597402597402597 0.9682539682539683 0.01818181818181818 0.06190476190476191
2 0.7610389610389611 0.665079365079365 0.02727272727272727 0.10158730158730159
2 0.7142857142857143 0.6317460317460317 0.03636363636363636 0.09206349206349207
2 0.6506493506493507 0.5238095238095238 0.033766233766233764 0.08571428571428572
2 0.6 0.33015873015873015 0.01948051948051948 0.04126984126984127
2 0.5103896103896104 0.29523809523809524 0.01818181818181818 0.025396825396825397
2 0.5402597402597402 0.27936507936507937 0.02207792207792208 0.03650793650793651
2 0.5714285714285714 0.25873015873015875 0.00909090909090909 0.0380952380952381
2 0.5051948051948052 0.2396825396825397 0.02077922077922078 0.044444444444444446
2 0.5155844155844156 0.22857142857142856 0.012987012987012988 0.031746031746031744
2 0.5324675324675324 0.23333333333333334 0.011688311688311689 0.03650793650793651
2 0.5415584415584416 0.21587301587301588 0.01038961038961039 0.03015873015873016
2 0.5207792207792208 0.2 0.00909090909090909 0.025396825396825397
2 0.5298701298701298 0.2 0.00909090909090909 0.02857142857142857
2 0.5363636363636364 0.19206349206349208 0.00909090909090909 0.022222222222222223
2 0.5233766233766234 0.1761904761904762 0.01038961038961039 0.022222222222222223
2 0.4987012987012987 0.15555555555555556 0.007792207792207792 0.01904761904761905
2 0.5077922077922078 0.15555555555555556 0.006493506493506494 0.015873015873015872
2 0.4935064935064935 0.13333333333333333 0.006493506493506494 0.01904761904761905
2 0.4701298701298701 0.12222222222222222 0.005194805194805195 0.020634920634920634
2 0.4831168831168831 0.12063492063492064 0.006493506493506494 0.01904761904761905
2 0.4922077922077922 0.10634920634920635 0.006493506493506494 0.01746031746031746
2 0.4974025974025974 0.10317460317460317 0.005194805194805195 0.014285714285714285
2 0.5064935064935064 0.13015873015873017 0.01038961038961039 0.020634920634920634
2 0.5038961038961038 0.11428571428571428 0.006493506493506494 0.015873015873015872
2 0.5051948051948052 0.09047619047619047 0.003896103896103896 0.011111111111111112
2 0.5116883116883116 0.1 0.005194805194805195 0.015873015873015872