3 0.5168831168831168 0.4301587301587302 0.1 0.19523809523809524
1 0.5181818181818182 0.23333333333333334 0.02857142857142857 0.046031746031746035
1 0.4805194805194805 0.2396825396825397 0.02727272727272727 0.05396825396825397
2 0.4792207792207792 0.10476190476190476 0.011688311688311689 0.020634920634920634
2 0.4844155844155844 0.10476190476190476 0.00909090909090909 0.014285714285714285
2 0.487012987012987 0.14126984126984127 0.012987012987012988 0.020634920634920634
2 0.4883116883116883 0.11904761904761904 0.006493506493506494 0.014285714285714285
2 0.4987012987012987 0.12222222222222222 0.01038961038961039 0.01746031746031746
2 0.4974025974025974 0.1111111111111111 0.00909090909090909 0.01746031746031746
2 0.5025974025974026 0.10476190476190476 0.01038961038961039 0.015873015873015872
2 0.4935064935064935 0.09841269841269841 0.01038961038961039 0.012698412698412698
2 0.5103896103896104 0.09523809523809523 0.006493506493506494 0.012698412698412698
2 0.5038961038961038 0.18571428571428572 0.012987012987012988 0.03650793650793651
2 0.5285714285714286 0.19523809523809524 0.00909090909090909 0.025396825396825397
2 0.561038961038961 0.23809523809523808 0.015584415584415584 0.026984126984126985
2 0.5571428571428572 0.2873015873015873 0.01948051948051948 0.049206349206349205
2 0.4805194805194805 0.31746031746031744 0.02987012987012987 0.04285714285714286
2 0.509090909090909 0.31746031746031744 0.012987012987012988 0.025396825396825397
2 0.6012987012987013 0.326984126984127 0.01948051948051948 0.049206349206349205
2 0.612987012987013 0.3634920634920635 0.02207792207792208 0.04285714285714286
2 0.6506493506493507 0.4253968253968254 0.02987012987012987 0.06666666666666667
2 0.6454545454545455 0.4984126984126984 0.048051948051948054 0.09047619047619047
2 0.6376623376623377 0.45555555555555555 0.033766233766233764 0.050793650793650794
2 0.7350649350649351 0.5063492063492063 0.04025974025974026 0.07142857142857142
2 0.7857142857142857 0.5253968253968254 0.033766233766233764 0.10317460317460317