1 0.7259740259740259 0.9476190476190476 0.10909090909090909 0.10476190476190476
1 0.6662337662337663 0.7873015873015873 0.09740259740259741 0.2
1 0.6168831168831169 0.5968253968253968 0.07142857142857142 0.173015873015873
1 0.6038961038961039 0.35079365079365077 0.04155844155844156 0.09206349206349207
1 0.5051948051948052 0.37777777777777777 0.03506493506493506 0.08888888888888889
1 0.5558441558441558 0.2761904761904762 0.01948051948051948 0.050793650793650794
1 0.509090909090909 0.2714285714285714 0.032467532467532464 0.06031746031746032
3 0.4896103896103896 0.10317460317460317 0.012987012987012988 0.031746031746031744
3 0.5064935064935064 0.10317460317460317 0.00909090909090909 0.0380952380952381
2 0.9298701298701298 0.9698412698412698 0.025974025974025976 0.06031746031746032
2 0.8818181818181818 0.9666666666666667 0.03506493506493506 0.06031746031746032
2 0.8324675324675325 0.9841269841269841 0.02727272727272727 0.031746031746031744
2 0.8376623376623377 0.9333333333333333 0.033766233766233764 0.07301587301587302
2 0.8805194805194805 0.8984126984126984 0.05064935064935065 0.08253968253968254
2 0.8 0.9285714285714286 0.02727272727272727 0.1
2 0.7844155844155845 0.8539682539682539 0.03116883116883117 0.06666666666666667
2 0.7649350649350649 0.7825396825396825 0.03766233766233766 0.09841269841269841
2 0.7272727272727273 0.753968253968254 0.01948051948051948 0.10317460317460317
2 0.7038961038961039 0.7031746031746032 0.015584415584415584 0.09682539682539683
2 0.5987012987012987 0.819047619047619 0.046753246753246755 0.09682539682539683
2 0.5896103896103896 0.7206349206349206 0.03896103896103896 0.10317460317460317
2 0.5493506493506494 0.6095238095238096 0.05714285714285714 0.08888888888888889
2 0.7415584415584415 0.6285714285714286 0.04285714285714286 0.09841269841269841
2 0.6714285714285714 0.5222222222222223 0.032467532467532464 0.05555555555555555
2 0.6532467532467533 0.473015873015873 0.032467532467532464 0.06190476190476191
2 0.5298701298701298 0.4857142857142857 0.03116883116883117 0.08412698412698413
2 0.5818181818181818 0.37936507936507935 0.03116883116883117 0.07301587301587302
2 0.5441558441558442 0.319047619047619 0.02077922077922078 0.06349206349206349
2 0.5753246753246753 0.3492063492063492 0.03116883116883117 0.050793650793650794
2 0.4779220779220779 0.28253968253968254 0.012987012987012988 0.046031746031746035
2 0.5337662337662338 0.25555555555555554 0.00909090909090909 0.044444444444444446
2 0.525974025974026 0.25396825396825395 0.014285714285714285 0.03968253968253968
2 0.5181818181818182 0.22380952380952382 0.014285714285714285 0.03015873015873016
2 0.5168831168831168 0.20793650793650795 0.00909090909090909 0.031746031746031744
2 0.5493506493506494 0.24444444444444444 0.01038961038961039 0.0380952380952381
2 0.5402597402597402 0.2111111111111111 0.007792207792207792 0.04126984126984127
2 0.5012987012987012 0.22698412698412698 0.007792207792207792 0.04126984126984127
2 0.4896103896103896 0.24603174603174602 0.012987012987012988 0.03492063492063492
2 0.4922077922077922 0.14444444444444443 0.01038961038961039 0.01904761904761905
2 0.5025974025974026 0.1349206349206349 0.007792207792207792 0.026984126984126985