1 0.7714285714285715 0.8428571428571429 0.11298701298701298 0.3142857142857143
1 0.5571428571428572 0.7634920634920634 0.08441558441558442 0.2507936507936508
1 0.6181818181818182 0.573015873015873 0.05454545454545454 0.15714285714285714
1 0.512987012987013 0.4873015873015873 0.048051948051948054 0.14285714285714285
1 0.6142857142857143 0.4301587301587302 0.04935064935064935 0.1349206349206349
1 0.574025974025974 0.36666666666666664 0.04935064935064935 0.0873015873015873
1 0.509090909090909 0.37936507936507935 0.053246753246753244 0.10634920634920635
1 0.5428571428571428 0.30634920634920637 0.02857142857142857 0.06666666666666667
1 0.4987012987012987 0.30793650793650795 0.04935064935064935 0.0761904761904762
1 0.5324675324675324 0.25873015873015875 0.02857142857142857 0.05714285714285714
1 0.4818181818181818 0.24761904761904763 0.03506493506493506 0.06031746031746032
1 0.5168831168831168 0.23333333333333334 0.02207792207792208 0.05555555555555555
1 0.4714285714285714 0.22380952380952382 0.025974025974025976 0.06190476190476191
1 0.5064935064935064 0.20476190476190476 0.02727272727272727 0.046031746031746035
1 0.4675324675324675 0.19365079365079366 0.025974025974025976 0.04126984126984127
1 0.4714285714285714 0.173015873015873 0.023376623376623377 0.04126984126984127
1 0.4623376623376623 0.15873015873015872 0.01818181818181818 0.03492063492063492
1 0.509090909090909 0.15079365079365079 0.015584415584415584 0.026984126984126985
1 0.4909090909090909 0.13968253968253969 0.02207792207792208 0.031746031746031744
1 0.4701298701298701 0.13015873015873017 0.015584415584415584 0.03492063492063492
1 0.4714285714285714 0.1126984126984127 0.012987012987012988 0.03015873015873016
1 0.4844155844155844 0.11587301587301588 0.011688311688311689 0.023809523809523808
1 0.4974025974025974 0.1111111111111111 0.012987012987012988 0.03015873015873016
1 0.7441558441558441 0.9650793650793651 0.08181818181818182 0.06984126984126984
2 0.6896103896103896 0.9111111111111111 0.048051948051948054 0.15079365079365079
2 0.6675324675324675 0.7984126984126985 0.03896103896103896 0.12063492063492064
2 0.6935064935064935 0.7825396825396825 0.03506493506493506 0.14603174603174604
2 0.8454545454545455 0.8523809523809524 0.06233766233766234 0.18253968253968253
2 0.8324675324675325 0.6825396825396826 0.06363636363636363 0.1365079365079365
2 0.7454545454545455 0.638095238095238 0.03506493506493506 0.1349206349206349
2 0.7714285714285715 0.6777777777777778 0.03636363636363636 0.06984126984126984
2 0.7025974025974026 0.6619047619047619 0.033766233766233764 0.12063492063492064
2 0.712987012987013 0.6253968253968254 0.032467532467532464 0.11428571428571428
2 0.6181818181818182 0.7206349206349206 0.04415584415584416 0.12222222222222222
2 0.6025974025974026 0.6523809523809524 0.033766233766233764 0.09523809523809523
2 0.5701298701298702 0.6111111111111112 0.03506493506493506 0.10158730158730159
2 0.5532467532467532 0.5571428571428572 0.03116883116883117 0.09365079365079365
2 0.6623376623376623 0.546031746031746 0.02857142857142857 0.09523809523809523
2 0.6922077922077922 0.5476190476190477 0.04285714285714286 0.09206349206349207
2 0.6233766233766234 0.49206349206349204 0.01948051948051948 0.047619047619047616
2 0.6506493506493507 0.4873015873015873 0.011688311688311689 0.06349206349206349
2 0.6675324675324675 0.4746031746031746 0.025974025974025976 0.0761904761904762
2 0.6701298701298701 0.44126984126984126 0.024675324675324677 0.06349206349206349
2 0.6519480519480519 0.4111111111111111 0.025974025974025976 0.06984126984126984
2 0.6311688311688312 0.38412698412698415 0.014285714285714285 0.05555555555555555
2 0.577922077922078 0.4666666666666667 0.032467532467532464 0.09206349206349207
2 0.6077922077922078 0.353968253968254 0.02077922077922078 0.0380952380952381
2 0.6116883116883117 0.3333333333333333 0.016883116883116882 0.0380952380952381
2 0.5688311688311688 0.4031746031746032 0.024675324675324677 0.06190476190476191
2 0.5363636363636364 0.4253968253968254 0.015584415584415584 0.06507936507936508
2 0.548051948051948 0.38571428571428573 0.016883116883116882 0.05396825396825397
2 0.5402597402597402 0.36507936507936506 0.01948051948051948 0.06825396825396825
2 0.5883116883116883 0.33174603174603173 0.012987012987012988 0.046031746031746035
2 0.5753246753246753 0.30952380952380953 0.011688311688311689 0.04126984126984127
2 0.5909090909090909 0.3 0.016883116883116882 0.031746031746031744
2 0.577922077922078 0.28253968253968254 0.016883116883116882 0.046031746031746035
2 0.5571428571428572 0.2857142857142857 0.012987012987012988 0.046031746031746035
2 0.5636363636363636 0.29523809523809524 0.01818181818181818 0.04126984126984127
2 0.5168831168831168 0.2873015873015873 0.011688311688311689 0.0380952380952381
2 0.5038961038961038 0.273015873015873 0.006493506493506494 0.044444444444444446
2 0.5285714285714286 0.2222222222222222 0.0025974025974025974 0.023809523809523808
2 0.5181818181818182 0.1984126984126984 0.00909090909090909 0.023809523809523808
2 0.525974025974026 0.2015873015873016 0.011688311688311689 0.025396825396825397
2 0.535064935064935 0.20793650793650795 0.01038961038961039 0.01746031746031746
2 0.5324675324675324 0.18888888888888888 0.011688311688311689 0.023809523809523808
2 0.5272727272727272 0.1761904761904762 0.012987012987012988 0.025396825396825397
2 0.5194805194805194 0.16984126984126985 0.01038961038961039 0.022222222222222223
2 0.4961038961038961 0.16666666666666666 0.00909090909090909 0.025396825396825397
2 0.5038961038961038 0.16984126984126985 0.006493506493506494 0.022222222222222223
2 0.5103896103896104 0.1619047619047619 0.00909090909090909 0.022222222222222223
2 0.4818181818181818 0.1619047619047619 0.007792207792207792 0.022222222222222223
2 0.4909090909090909 0.15555555555555556 0.007792207792207792 0.031746031746031744
2 0.5077922077922078 0.1349206349206349 0.011688311688311689 0.01746031746031746
2 0.5025974025974026 0.12222222222222222 0.006493506493506494 0.022222222222222223
2 0.5012987012987012 0.1253968253968254 0.006493506493506494 0.012698412698412698
2 0.5038961038961038 0.10317460317460317 0.007792207792207792 0.022222222222222223
2 0.4805194805194805 0.14285714285714285 0.007792207792207792 0.022222222222222223
2 0.4844155844155844 0.1746031746031746 0.01038961038961039 0.01904761904761905
2 0.4857142857142857 0.19523809523809524 0.01038961038961039 0.025396825396825397
2 0.4857142857142857 0.18412698412698414 0.006493506493506494 0.020634920634920634
2 0.4896103896103896 0.21587301587301588 0.007792207792207792 0.03650793650793651
2 0.4974025974025974 0.23174603174603176 0.012987012987012988 0.049206349206349205
1 0.551948051948052 0.22380952380952382 0.023376623376623377 0.049206349206349205