2 0.7597402597402597 0.746031746031746 0.05584415584415584 0.1492063492063492
2 0.7025974025974026 0.5349206349206349 0.03636363636363636 0.09682539682539683
2 0.574025974025974 0.5476190476190477 0.02987012987012987 0.09365079365079365
2 0.5415584415584416 0.5365079365079365 0.023376623376623377 0.08412698412698413
2 0.6610389610389611 0.4492063492063492 0.032467532467532464 0.08095238095238096
2 0.5363636363636364 0.40634920634920635 0.025974025974025976 0.06666666666666667
2 0.5142857142857142 0.28253968253968254 0.01948051948051948 0.04285714285714286
2 0.5402597402597402 0.273015873015873 0.016883116883116882 0.026984126984126985
2 0.5441558441558442 0.24126984126984127 0.014285714285714285 0.03492063492063492
2 0.5298701298701298 0.24126984126984127 0.00909090909090909 0.03968253968253968
2 0.5116883116883116 0.1761904761904762 0.01038961038961039 0.025396825396825397
2 0.5025974025974026 0.18253968253968253 0.00909090909090909 0.025396825396825397
2 0.4974025974025974 0.14761904761904762 0.005194805194805195 0.015873015873015872
2 0.5 0.16666666666666666 0.00909090909090909 0.022222222222222223
2 0.4883116883116883 0.10317460317460317 0.003896103896103896 0.012698412698412698
2 0.4818181818181818 0.11746031746031746 0.005194805194805195 0.011111111111111112
2 0.4922077922077922 0.13174603174603175 0.007792207792207792 0.012698412698412698
2 0.4948051948051948 0.11428571428571428 0.007792207792207792 0.014285714285714285
2 0.5025974025974026 0.10634920634920635 0.005194805194805195 0.012698412698412698
1 0.6701298701298701 0.6777777777777778 0.09610389610389611 0.20317460317460317
1 0.548051948051948 0.6746031746031746 0.08311688311688312 0.19365079365079366
1 0.6103896103896104 0.49523809523809526 0.06233766233766234 0.10634920634920635
1 0.5103896103896104 0.43174603174603177 0.048051948051948054 0.09365079365079365
1 0.5727272727272728 0.38571428571428573 0.05194805194805195 0.08888888888888889
1 0.538961038961039 0.3142857142857143 0.03636363636363636 0.06190476190476191
1 0.574025974025974 0.2777777777777778 0.03896103896103896 0.06984126984126984
1 0.4792207792207792 0.26825396825396824 0.02987012987012987 0.05873015873015873
1 0.5142857142857142 0.24761904761904763 0.02987012987012987 0.04285714285714286
1 0.512987012987013 0.2111111111111111 0.023376623376623377 0.03333333333333333
1 0.4844155844155844 0.16984126984126985 0.01818181818181818 0.03333333333333333
1 0.487012987012987 0.1492063492063492 0.015584415584415584 0.012698412698412698
1 0.4831168831168831 0.1349206349206349 0.012987012987012988 0.011111111111111112
3 0.5441558441558442 0.20634920634920634 0.033766233766233764 0.05555555555555555
1 0.9 0.9476190476190476 0.14675324675324675 0.10476190476190476
2 0.4792207792207792 0.12698412698412698 0.006493506493506494 0.006349206349206349