1 0.5584415584415584 0.6142857142857143 0.046753246753246755 0.1349206349206349
1 0.6662337662337663 0.7825396825396825 0.08181818181818182 0.19365079365079366
3 0.509090909090909 0.3253968253968254 0.046753246753246755 0.15873015873015872
3 0.5961038961038961 0.8666666666666667 0.12727272727272726 0.26666666666666666
1 0.5532467532467532 0.7174603174603175 0.05714285714285714 0.10476190476190476
1 0.7727272727272727 0.9238095238095239 0.09610389610389611 0.1523809523809524
1 0.6376623376623377 0.6126984126984127 0.05064935064935065 0.12063492063492064
1 0.6844155844155844 0.5365079365079365 0.06103896103896104 0.14126984126984127
1 0.612987012987013 0.5238095238095238 0.05064935064935065 0.10317460317460317
1 0.6064935064935065 0.4396825396825397 0.045454545454545456 0.08412698412698413
1 0.525974025974026 0.46984126984126984 0.05584415584415584 0.12857142857142856
1 0.577922077922078 0.39365079365079364 0.02727272727272727 0.07301587301587302
3 0.561038961038961 0.3126984126984127 0.03766233766233766 0.10634920634920635
1 0.6077922077922078 0.3492063492063492 0.033766233766233764 0.06666666666666667
3 0.4792207792207792 0.2571428571428571 0.02727272727272727 0.1
3 0.5298701298701298 0.2396825396825397 0.01818181818181818 0.04126984126984127
1 0.5532467532467532 0.23492063492063492 0.016883116883116882 0.03968253968253968
1 0.4662337662337662 0.24126984126984127 0.00909090909090909 0.044444444444444446
2 0.4623376623376623 0.21746031746031746 0.007792207792207792 0.03333333333333333
1 0.4766233766233766 0.19523809523809524 0.015584415584415584 0.012698412698412698
1 0.4727272727272727 0.17936507936507937 0.011688311688311689 0.01904761904761905
3 0.4623376623376623 0.13015873015873017 0.02077922077922078 0.06507936507936508
1 0.4987012987012987 0.1873015873015873 0.015584415584415584 0.03492063492063492
2 0.4831168831168831 0.14761904761904762 0.006493506493506494 0.022222222222222223
2 0.4883116883116883 0.14444444444444443 0.005194805194805195 0.020634920634920634
2 0.4948051948051948 0.15079365079365079 0.006493506493506494 0.022222222222222223
1 0.5077922077922078 0.15079365079365079 0.011688311688311689 0.025396825396825397
1 0.5142857142857142 0.1619047619047619 0.012987012987012988 0.03650793650793651
2 0.9337662337662338 0.9507936507936507 0.033766233766233764 0.09682539682539683
2 0.861038961038961 0.973015873015873 0.023376623376623377 0.05396825396825397
2 0.887012987012987 0.9555555555555556 0.02987012987012987 0.08888888888888889
2 0.9285714285714286 0.9809523809523809 0.02727272727272727 0.0380952380952381
2 0.8896103896103896 0.8920634920634921 0.03766233766233766 0.13174603174603175
2 0.8675324675324675 0.8015873015873016 0.032467532467532464 0.1365079365079365
2 0.8441558441558441 0.873015873015873 0.032467532467532464 0.12380952380952381
2 0.8207792207792208 0.9 0.02207792207792208 0.09365079365079365
2 0.7571428571428571 0.8317460317460318 0.02857142857142857 0.0761904761904762
2 0.787012987012987 0.8253968253968254 0.03116883116883117 0.10317460317460317
2 0.8103896103896104 0.7984126984126985 0.023376623376623377 0.09523809523809523
2 0.8168831168831169 0.7619047619047619 0.024675324675324677 0.10476190476190476
2 0.7662337662337663 0.7412698412698413 0.024675324675324677 0.09682539682539683
2 0.7688311688311689 0.6904761904761905 0.025974025974025976 0.07777777777777778
2 0.7285714285714285 0.7698412698412699 0.024675324675324677 0.12380952380952381
2 0.7246753246753247 0.6666666666666666 0.016883116883116882 0.08253968253968254
2 0.7051948051948052 0.7 0.01818181818181818 0.12380952380952381
2 0.6675324675324675 0.6666666666666666 0.02207792207792208 0.07777777777777778
2 0.6922077922077922 0.6206349206349207 0.02077922077922078 0.09523809523809523
2 0.7090909090909091 0.473015873015873 0.025974025974025976 0.0746031746031746
2 0.6532467532467533 0.48412698412698413 0.014285714285714285 0.07936507936507936
2 0.6506493506493507 0.4158730158730159 0.015584415584415584 0.05873015873015873
2 0.6454545454545455 0.45555555555555555 0.012987012987012988 0.06507936507936508
2 0.6337662337662338 0.43174603174603177 0.015584415584415584 0.05714285714285714
2 0.6220779220779221 0.3984126984126984 0.01038961038961039 0.046031746031746035
2 0.6090909090909091 0.38095238095238093 0.00909090909090909 0.050793650793650794
2 0.5831168831168831 0.3238095238095238 0.00909090909090909 0.050793650793650794
2 0.5844155844155844 0.29523809523809524 0.007792207792207792 0.03333333333333333
2 0.5948051948051948 0.2984126984126984 0.01038961038961039 0.0380952380952381
2 0.6025974025974026 0.30634920634920637 0.00909090909090909 0.02857142857142857
2 0.5688311688311688 0.2650793650793651 0.006493506493506494 0.03015873015873016
2 0.5766233766233766 0.2698412698412698 0.007792207792207792 0.03333333333333333
2 0.5857142857142857 0.27936507936507937 0.007792207792207792 0.02857142857142857
2 0.5961038961038961 0.28095238095238095 0.007792207792207792 0.02857142857142857
2 0.5597402597402598 0.2571428571428571 0.005194805194805195 0.026984126984126985
2 0.4675324675324675 0.15873015873015872 0.006493506493506494 0.03650793650793651
2 0.4818181818181818 0.11428571428571428 0.003896103896103896 0.01904761904761905
1 0.487012987012987 0.13174603174603175 0.00909090909090909 0.020634920634920634
2 0.4896103896103896 0.11904761904761904 0.005194805194805195 0.015873015873015872
2 0.4987012987012987 0.12698412698412698 0.005194805194805195 0.01746031746031746
2 0.4961038961038961 0.11904761904761904 0.003896103896103896 0.014285714285714285
2 0.4909090909090909 0.1126984126984127 0.003896103896103896 0.014285714285714285
2 0.5012987012987012 0.1126984126984127 0.003896103896103896 0.012698412698412698
2 0.5064935064935064 0.10476190476190476 0.005194805194805195 0.015873015873015872
1 0.4883116883116883 0.16825396825396827 0.01038961038961039 0.025396825396825397
2 0.4987012987012987 0.14126984126984127 0.005194805194805195 0.020634920634920634
2 0.5038961038961038 0.12698412698412698 0.005194805194805195 0.01904761904761905
2 0.5012987012987012 0.20634920634920634 0.006493506493506494 0.02857142857142857
2 0.5142857142857142 0.18412698412698414 0.006493506493506494 0.03015873015873016
2 0.5441558441558442 0.20476190476190476 0.007792207792207792 0.03492063492063492
2 0.5298701298701298 0.1873015873015873 0.006493506493506494 0.03333333333333333
2 0.5376623376623376 0.18571428571428572 0.005194805194805195 0.031746031746031744
2 0.5714285714285714 0.5063492063492063 0.015584415584415584 0.050793650793650794
2 0.577922077922078 0.5444444444444444 0.015584415584415584 0.0746031746031746
2 0.7051948051948052 0.9587301587301588 0.025974025974025976 0.08095238095238096
2 0.509090909090909 0.2126984126984127 0.00909090909090909 0.02857142857142857
2 0.5246753246753246 0.16825396825396827 0.006493506493506494 0.03015873015873016