1 0.5233766233766234 0.5126984126984127 0.05584415584415584 0.11904761904761904
1 0.5441558441558442 0.6492063492063492 0.06753246753246753 0.16666666666666666
1 0.6168831168831169 0.5365079365079365 0.04415584415584416 0.1365079365079365
1 0.6727272727272727 0.5126984126984127 0.05194805194805195 0.12063492063492064
1 0.6779220779220779 0.7428571428571429 0.07792207792207792 0.20476190476190476
1 0.5974025974025974 0.9047619047619048 0.07792207792207792 0.18888888888888888
1 0.7532467532467533 0.946031746031746 0.08051948051948052 0.10793650793650794
1 0.5142857142857142 0.4380952380952381 0.03636363636363636 0.06984126984126984
1 0.5883116883116883 0.41904761904761906 0.03766233766233766 0.10952380952380952
1 0.5558441558441558 0.3492063492063492 0.025974025974025976 0.050793650793650794
1 0.509090909090909 0.3888888888888889 0.03766233766233766 0.06190476190476191
1 0.5038961038961038 0.3476190476190476 0.02987012987012987 0.044444444444444446
1 0.5454545454545454 0.30634920634920637 0.01948051948051948 0.044444444444444446
1 0.4922077922077922 0.32222222222222224 0.03116883116883117 0.050793650793650794
1 0.4857142857142857 0.28095238095238095 0.025974025974025976 0.044444444444444446
3 0.4753246753246753 0.23809523809523808 0.03116883116883117 0.08571428571428572
2 0.45194805194805193 0.1873015873015873 0.006493506493506494 0.02857142857142857
1 0.4636363636363636 0.18095238095238095 0.01818181818181818 0.031746031746031744
1 0.4662337662337662 0.19682539682539682 0.011688311688311689 0.022222222222222223
1 0.4584415584415584 0.15714285714285714 0.01038961038961039 0.01904761904761905
1 0.4649350649350649 0.1619047619047619 0.01038961038961039 0.011111111111111112
1 0.45584415584415583 0.14444444444444443 0.006493506493506494 0.015873015873015872
1 0.461038961038961 0.1380952380952381 0.01038961038961039 0.012698412698412698
1 0.461038961038961 0.12857142857142856 0.01038961038961039 0.014285714285714285
2 0.4727272727272727 0.15714285714285714 0.005194805194805195 0.020634920634920634
1 0.4792207792207792 0.1492063492063492 0.01038961038961039 0.014285714285714285
2 0.4714285714285714 0.13015873015873017 0.005194805194805195 0.01904761904761905
1 0.4805194805194805 0.13015873015873017 0.01038961038961039 0.01904761904761905
1 0.4857142857142857 0.14603174603174604 0.007792207792207792 0.015873015873015872
1 0.4948051948051948 0.17936507936507937 0.012987012987012988 0.015873015873015872
1 0.4974025974025974 0.19523809523809524 0.015584415584415584 0.025396825396825397
1 0.5025974025974026 0.21904761904761905 0.014285714285714285 0.031746031746031744
1 0.5116883116883116 0.23809523809523808 0.01818181818181818 0.03015873015873016
1 0.525974025974026 0.28253968253968254 0.023376623376623377 0.05714285714285714
1 0.525974025974026 0.2523809523809524 0.02207792207792208 0.03650793650793651
1 0.5584415584415584 0.2634920634920635 0.016883116883116882 0.026984126984126985
1 0.5532467532467532 0.24444444444444444 0.02207792207792208 0.02857142857142857
2 0.5233766233766234 0.22380952380952382 0.007792207792207792 0.02857142857142857
2 0.5324675324675324 0.2253968253968254 0.00909090909090909 0.02857142857142857
1 0.5402597402597402 0.2111111111111111 0.016883116883116882 0.03333333333333333
1 0.5207792207792208 0.17142857142857143 0.012987012987012988 0.020634920634920634
2 0.4961038961038961 0.1619047619047619 0.003896103896103896 0.014285714285714285
2 0.4987012987012987 0.15714285714285714 0.005194805194805195 0.015873015873015872
1 0.5025974025974026 0.15396825396825398 0.012987012987012988 0.01904761904761905
2 0.4922077922077922 0.14126984126984127 0.003896103896103896 0.022222222222222223
1 0.4935064935064935 0.13333333333333333 0.005194805194805195 0.014285714285714285
1 0.4987012987012987 0.1365079365079365 0.007792207792207792 0.015873015873015872
2 0.4883116883116883 0.12063492063492064 0.005194805194805195 0.01904761904761905
2 0.4922077922077922 0.1126984126984127 0.003896103896103896 0.022222222222222223
1 0.4974025974025974 0.11904761904761904 0.007792207792207792 0.01904761904761905
1 0.5 0.10476190476190476 0.006493506493506494 0.007936507936507936
1 0.4675324675324675 0.11746031746031746 0.007792207792207792 0.014285714285714285
1 0.4714285714285714 0.10634920634920635 0.00909090909090909 0.01746031746031746
1 0.4779220779220779 0.1 0.007792207792207792 0.01746031746031746
2 0.4844155844155844 0.10634920634920635 0.0025974025974025974 0.014285714285714285
2 0.487012987012987 0.1111111111111111 0.003896103896103896 0.012698412698412698
1 0.487012987012987 0.09682539682539683 0.005194805194805195 0.015873015873015872
1 0.4948051948051948 0.09841269841269841 0.005194805194805195 0.012698412698412698
1 0.5051948051948052 0.1 0.005194805194805195 0.012698412698412698
2 0.5 0.09047619047619047 0.003896103896103896 0.012698412698412698
1 0.5051948051948052 0.09047619047619047 0.005194805194805195 0.011111111111111112
2 0.5103896103896104 0.10317460317460317 0.003896103896103896 0.014285714285714285
1 0.512987012987013 0.09206349206349207 0.007792207792207792 0.011111111111111112
2 0.974025974025974 0.7761904761904762 0.02987012987012987 0.14126984126984127
2 0.9454545454545454 0.8492063492063492 0.023376623376623377 0.11746031746031746
2 0.9441558441558442 0.9523809523809523 0.03636363636363636 0.09523809523809523
2 0.8844155844155844 0.9523809523809523 0.03116883116883117 0.08571428571428572
2 0.8532467532467533 0.9603174603174603 0.03506493506493506 0.07777777777777778
2 0.8181818181818182 0.9682539682539683 0.02987012987012987 0.06190476190476191
2 0.8272727272727273 0.8904761904761904 0.025974025974025976 0.10952380952380952
2 0.7948051948051948 0.8984126984126984 0.025974025974025976 0.12698412698412698
2 0.8597402597402597 0.8746031746031746 0.02727272727272727 0.10317460317460317
2 0.8935064935064935 0.8761904761904762 0.02987012987012987 0.1349206349206349
2 0.8649350649350649 0.7746031746031746 0.02727272727272727 0.1111111111111111
2 0.8285714285714286 0.780952380952381 0.02987012987012987 0.12063492063492064
2 0.7948051948051948 0.8126984126984127 0.032467532467532464 0.11428571428571428
2 0.7480519480519481 0.8603174603174604 0.03506493506493506 0.0761904761904762
2 0.7610389610389611 0.8222222222222222 0.02987012987012987 0.10317460317460317
2 0.7467532467532467 0.7634920634920634 0.025974025974025976 0.09682539682539683
2 0.7467532467532467 0.7063492063492064 0.02727272727272727 0.07777777777777778
2 0.7857142857142857 0.6523809523809524 0.03116883116883117 0.09047619047619047
2 0.7454545454545455 0.6682539682539682 0.025974025974025976 0.06984126984126984
2 0.7298701298701299 0.6317460317460317 0.02077922077922078 0.06666666666666667
2 0.7103896103896103 0.6634920634920635 0.02857142857142857 0.09047619047619047
2 0.6766233766233766 0.6158730158730159 0.014285714285714285 0.044444444444444446
2 0.6974025974025974 0.6079365079365079 0.01818181818181818 0.050793650793650794
2 0.7194805194805195 0.5936507936507937 0.02077922077922078 0.05238095238095238
2 0.7168831168831169 0.5507936507936508 0.01948051948051948 0.06031746031746032
2 0.7272727272727273 0.526984126984127 0.02207792207792208 0.07936507936507936
2 0.7220779220779221 0.48253968253968255 0.023376623376623377 0.05555555555555555
2 0.6922077922077922 0.45714285714285713 0.025974025974025976 0.06825396825396825
2 0.6597402597402597 0.44603174603174606 0.014285714285714285 0.046031746031746035
2 0.6324675324675325 0.46190476190476193 0.016883116883116882 0.05555555555555555
2 0.6233766233766234 0.43174603174603177 0.014285714285714285 0.050793650793650794
2 0.6402597402597403 0.4365079365079365 0.016883116883116882 0.06031746031746032
2 0.6558441558441559 0.4126984126984127 0.014285714285714285 0.03968253968253968
2 0.6311688311688312 0.3968253968253968 0.012987012987012988 0.049206349206349205
2 0.6428571428571429 0.38571428571428573 0.012987012987012988 0.044444444444444446
2 0.6116883116883117 0.4126984126984127 0.01038961038961039 0.05714285714285714
2 0.6207792207792208 0.38412698412698415 0.011688311688311689 0.044444444444444446
2 0.6012987012987013 0.373015873015873 0.011688311688311689 0.03650793650793651
2 0.6064935064935065 0.35873015873015873 0.014285714285714285 0.046031746031746035
2 0.6311688311688312 0.3619047619047619 0.012987012987012988 0.0380952380952381
2 0.6181818181818182 0.35079365079365077 0.012987012987012988 0.03968253968253968
2 0.6168831168831169 0.32857142857142857 0.011688311688311689 0.031746031746031744
2 0.5844155844155844 0.32222222222222224 0.007792207792207792 0.03015873015873016
2 0.5987012987012987 0.3126984126984127 0.01038961038961039 0.04126984126984127
2 0.6090909090909091 0.30952380952380953 0.011688311688311689 0.04285714285714286
2 0.5922077922077922 0.35079365079365077 0.011688311688311689 0.04126984126984127
2 0.577922077922078 0.3396825396825397 0.01038961038961039 0.04285714285714286
2 0.5636363636363636 0.30634920634920637 0.00909090909090909 0.03492063492063492
2 0.5753246753246753 0.31587301587301586 0.007792207792207792 0.03015873015873016
2 0.5818181818181818 0.3 0.00909090909090909 0.03492063492063492
2 0.5883116883116883 0.2984126984126984 0.01038961038961039 0.04285714285714286
2 0.5753246753246753 0.28095238095238095 0.01038961038961039 0.031746031746031744
2 0.5857142857142857 0.273015873015873 0.01038961038961039 0.02857142857142857
2 0.5597402597402598 0.28888888888888886 0.007792207792207792 0.023809523809523808
2 0.5675324675324676 0.2873015873015873 0.006493506493506494 0.031746031746031744
2 0.5506493506493506 0.2126984126984127 0.005194805194805195 0.023809523809523808
2 0.5571428571428572 0.21587301587301588 0.01038961038961039 0.03015873015873016
2 0.525974025974026 0.34444444444444444 0.01038961038961039 0.05714285714285714
2 0.5454545454545454 0.38095238095238093 0.02207792207792208 0.06349206349206349
2 0.548051948051948 0.42857142857142855 0.012987012987012988 0.06666666666666667
2 0.5558441558441558 0.46984126984126984 0.02077922077922078 0.0746031746031746
2 0.5675324675324676 0.5142857142857142 0.016883116883116882 0.07936507936507936
2 0.5792207792207792 0.5666666666666667 0.016883116883116882 0.1
2 0.6025974025974026 0.6349206349206349 0.02207792207792208 0.08095238095238096
2 0.6064935064935065 0.6873015873015873 0.02077922077922078 0.10793650793650794
2 0.6220779220779221 0.7555555555555555 0.02727272727272727 0.1126984126984127
2 0.6415584415584416 0.8444444444444444 0.02207792207792208 0.13333333333333333
2 0.6753246753246753 0.8841269841269841 0.032467532467532464 0.12063492063492064
2 0.6753246753246753 0.9523809523809523 0.03896103896103896 0.09365079365079365
2 0.5142857142857142 0.9603174603174603 0.05844155844155844 0.07936507936507936
2 0.5064935064935064 0.5952380952380952 0.03896103896103896 0.1126984126984127
2 0.5064935064935064 0.27936507936507937 0.011688311688311689 0.046031746031746035
2 0.4987012987012987 0.25396825396825395 0.011688311688311689 0.03650793650793651
2 0.5012987012987012 0.2619047619047619 0.00909090909090909 0.04126984126984127
2 0.4792207792207792 0.18571428571428572 0.007792207792207792 0.023809523809523808
2 0.4818181818181818 0.19206349206349208 0.006493506493506494 0.020634920634920634
2 0.4792207792207792 0.1746031746031746 0.007792207792207792 0.020634920634920634
2 0.4675324675324675 0.14761904761904762 0.003896103896103896 0.01746031746031746
1 0.4818181818181818 0.11904761904761904 0.007792207792207792 0.011111111111111112
2 0.5077922077922078 0.1365079365079365 0.005194805194805195 0.01746031746031746
2 0.5077922077922078 0.13015873015873017 0.005194805194805195 0.01746031746031746
2 0.5064935064935064 0.12222222222222222 0.003896103896103896 0.012698412698412698
2 0.5051948051948052 0.11587301587301588 0.003896103896103896 0.014285714285714285
2 0.4883116883116883 0.16031746031746033 0.003896103896103896 0.015873015873015872
2 0.5038961038961038 0.173015873015873 0.006493506493506494 0.020634920634920634
2 0.5077922077922078 0.19047619047619047 0.005194805194805195 0.022222222222222223
2 0.512987012987013 0.20317460317460317 0.005194805194805195 0.01904761904761905
2 0.512987012987013 0.18888888888888888 0.005194805194805195 0.014285714285714285
2 0.5103896103896104 0.18095238095238095 0.003896103896103896 0.01746031746031746
2 0.5181818181818182 0.21587301587301588 0.005194805194805195 0.025396825396825397
2 0.5207792207792208 0.19682539682539682 0.006493506493506494 0.020634920634920634
2 0.5181818181818182 0.18412698412698414 0.003896103896103896 0.014285714285714285
2 0.5272727272727272 0.20634920634920634 0.005194805194805195 0.03015873015873016
2 0.5376623376623376 0.19206349206349208 0.003896103896103896 0.011111111111111112
2 0.5441558441558442 0.19365079365079366 0.005194805194805195 0.01746031746031746
2 0.5246753246753246 0.18253968253968253 0.006493506493506494 0.01904761904761905
2 0.5298701298701298 0.17777777777777778 0.003896103896103896 0.022222222222222223
2 0.5103896103896104 0.1619047619047619 0.003896103896103896 0.025396825396825397
2 0.512987012987013 0.14444444444444443 0.003896103896103896 0.015873015873015872
2 0.5168831168831168 0.1523809523809524 0.003896103896103896 0.020634920634920634
2 0.522077922077922 0.16031746031746033 0.005194805194805195 0.015873015873015872