1 0.5636363636363636 0.8761904761904762 0.11298701298701298 0.24761904761904763
2 0.5974025974025974 0.773015873015873 0.045454545454545456 0.1349206349206349
2 0.5363636363636364 0.7238095238095238 0.02987012987012987 0.05873015873015873
2 0.5844155844155844 0.6619047619047619 0.03506493506493506 0.08888888888888889
2 0.5272727272727272 0.6746031746031746 0.03116883116883117 0.0873015873015873
2 0.5 0.653968253968254 0.023376623376623377 0.09523809523809523
2 0.812987012987013 0.973015873015873 0.025974025974025976 0.05396825396825397
2 0.8441558441558441 0.9396825396825397 0.03766233766233766 0.11904761904761904
2 0.9025974025974026 0.9158730158730158 0.04155844155844156 0.1349206349206349
2 0.8935064935064935 0.9523809523809523 0.03506493506493506 0.08253968253968254
2 0.9545454545454546 0.9761904761904762 0.032467532467532464 0.047619047619047616
2 0.9506493506493506 0.8428571428571429 0.05194805194805195 0.14444444444444443
2 0.8545454545454545 0.8031746031746032 0.033766233766233764 0.1523809523809524
2 0.8337662337662337 0.8222222222222222 0.02987012987012987 0.10317460317460317
2 0.8116883116883117 0.8476190476190476 0.032467532467532464 0.11904761904761904
2 0.8233766233766234 0.7317460317460317 0.02987012987012987 0.09682539682539683
3 0.7233766233766233 0.8650793650793651 0.16883116883116883 0.2698412698412698
2 0.7961038961038961 0.7444444444444445 0.03636363636363636 0.1111111111111111
2 0.7714285714285715 0.773015873015873 0.045454545454545456 0.11428571428571428
2 0.7584415584415585 0.6857142857142857 0.024675324675324677 0.08412698412698413
2 0.7350649350649351 0.7031746031746032 0.025974025974025976 0.07777777777777778
2 0.7 0.7095238095238096 0.02727272727272727 0.06031746031746032
2 0.6805194805194805 0.6476190476190476 0.023376623376623377 0.12063492063492064
2 0.7103896103896103 0.6444444444444445 0.023376623376623377 0.08253968253968254
2 0.7168831168831169 0.6031746031746031 0.02207792207792208 0.06666666666666667
2 0.7025974025974026 0.5634920634920635 0.023376623376623377 0.06825396825396825
2 0.7194805194805195 0.5301587301587302 0.023376623376623377 0.06984126984126984
2 0.6883116883116883 0.5301587301587302 0.025974025974025976 0.06984126984126984
2 0.6571428571428571 0.5476190476190477 0.024675324675324677 0.08571428571428572
2 0.6675324675324675 0.5015873015873016 0.016883116883116882 0.07301587301587302
2 0.6376623376623377 0.49047619047619045 0.023376623376623377 0.09047619047619047
2 0.6324675324675325 0.43492063492063493 0.016883116883116882 0.04285714285714286
2 0.6311688311688312 0.4 0.02727272727272727 0.047619047619047616
2 0.5961038961038961 0.3873015873015873 0.016883116883116882 0.06666666666666667
2 0.538961038961039 0.44761904761904764 0.02857142857142857 0.0746031746031746
1 0.5363636363636364 0.5793650793650794 0.06753246753246753 0.16666666666666666
2 0.5623376623376624 0.5253968253968254 0.02857142857142857 0.08412698412698413
1 0.509090909090909 0.46190476190476193 0.04285714285714286 0.11746031746031746
2 0.4896103896103896 0.4222222222222222 0.012987012987012988 0.06190476190476191
2 0.4818181818181818 0.3142857142857143 0.012987012987012988 0.047619047619047616
2 0.4961038961038961 0.2714285714285714 0.016883116883116882 0.049206349206349205
2 0.4753246753246753 0.24761904761904763 0.015584415584415584 0.047619047619047616
2 0.4961038961038961 0.24444444444444444 0.01818181818181818 0.046031746031746035
2 0.5207792207792208 0.2222222222222222 0.011688311688311689 0.04285714285714286
2 0.5428571428571428 0.21904761904761905 0.007792207792207792 0.03968253968253968
2 0.4701298701298701 0.15396825396825398 0.01038961038961039 0.026984126984126985
2 0.4818181818181818 0.1523809523809524 0.007792207792207792 0.031746031746031744
2 0.4675324675324675 0.13015873015873017 0.007792207792207792 0.022222222222222223
2 0.4883116883116883 0.12698412698412698 0.007792207792207792 0.01746031746031746
2 0.4922077922077922 0.13174603174603175 0.005194805194805195 0.015873015873015872
2 0.5025974025974026 0.12857142857142856 0.007792207792207792 0.023809523809523808
2 0.5012987012987012 0.1126984126984127 0.007792207792207792 0.015873015873015872
1 0.4714285714285714 0.11587301587301588 0.014285714285714285 0.01746031746031746
2 0.4844155844155844 0.10634920634920635 0.00909090909090909 0.01746031746031746
2 0.4896103896103896 0.10634920634920635 0.003896103896103896 0.015873015873015872
2 0.4948051948051948 0.10476190476190476 0.005194805194805195 0.015873015873015872
1 0.6441558441558441 0.6793650793650794 0.06883116883116883 0.16031746031746033
1 0.6103896103896104 0.5523809523809524 0.06103896103896104 0.14444444444444443
1 0.5792207792207792 0.4507936507936508 0.05064935064935065 0.08253968253968254
1 0.5597402597402598 0.3873015873015873 0.04415584415584416 0.09365079365079365