1 0.5662337662337662 0.8412698412698413 0.0987012987012987 0.2650793650793651
1 0.6402597402597403 0.6015873015873016 0.07012987012987013 0.16031746031746033
3 0.509090909090909 0.4365079365079365 0.06103896103896104 0.1492063492063492
1 0.5571428571428572 0.4095238095238095 0.04415584415584416 0.09206349206349207
1 0.6 0.32222222222222224 0.04285714285714286 0.09523809523809523
1 0.5272727272727272 0.33174603174603173 0.02857142857142857 0.07142857142857142
1 0.5402597402597402 0.273015873015873 0.01948051948051948 0.06507936507936508
1 0.5584415584415584 0.24285714285714285 0.03896103896103896 0.05555555555555555
1 0.5155844155844156 0.2396825396825397 0.02727272727272727 0.05873015873015873
1 0.4662337662337662 0.2111111111111111 0.01948051948051948 0.0380952380952381
1 0.4623376623376623 0.18253968253968253 0.02207792207792208 0.03650793650793651
1 0.4675324675324675 0.16031746031746033 0.014285714285714285 0.026984126984126985
1 0.4883116883116883 0.16031746031746033 0.016883116883116882 0.025396825396825397
1 0.4636363636363636 0.13968253968253969 0.014285714285714285 0.01746031746031746
1 0.487012987012987 0.14285714285714285 0.015584415584415584 0.020634920634920634
1 0.4805194805194805 0.10476190476190476 0.01038961038961039 0.01904761904761905
1 0.5051948051948052 0.09523809523809523 0.01038961038961039 0.012698412698412698
3 0.4857142857142857 0.24285714285714285 0.04285714285714286 0.09365079365079365
3 0.5012987012987012 0.1761904761904762 0.023376623376623377 0.050793650793650794
2 0.9662337662337662 0.9698412698412698 0.03636363636363636 0.05873015873015873
2 0.8896103896103896 0.9682539682539683 0.04025974025974026 0.06349206349206349
2 0.7961038961038961 0.9428571428571428 0.04935064935064935 0.11428571428571428
2 0.7064935064935065 0.9761904761904762 0.04285714285714286 0.047619047619047616
2 0.8311688311688312 0.9206349206349206 0.06493506493506493 0.13968253968253969
2 0.8402597402597403 0.8031746031746032 0.05584415584415584 0.13015873015873017
2 0.7753246753246753 0.7761904761904762 0.04935064935064935 0.12222222222222222
2 0.7064935064935065 0.7603174603174603 0.048051948051948054 0.11904761904761904
2 0.6116883116883117 0.7507936507936508 0.02987012987012987 0.10952380952380952
2 0.7883116883116883 0.7174603174603175 0.03766233766233766 0.10952380952380952
2 0.7181818181818181 0.6507936507936508 0.033766233766233764 0.10476190476190476
2 0.7467532467532467 0.6206349206349207 0.03896103896103896 0.11904761904761904
2 0.6766233766233766 0.5952380952380952 0.02857142857142857 0.1
2 0.7038961038961039 0.5698412698412698 0.016883116883116882 0.10793650793650794
2 0.6649350649350649 0.5126984126984127 0.024675324675324677 0.07142857142857142
2 0.6324675324675325 0.373015873015873 0.01818181818181818 0.06666666666666667
2 0.6155844155844156 0.3873015873015873 0.02207792207792208 0.06666666666666667
2 0.5857142857142857 0.37142857142857144 0.02727272727272727 0.0746031746031746
2 0.5 0.30634920634920637 0.012987012987012988 0.050793650793650794
2 0.487012987012987 0.3492063492063492 0.01818181818181818 0.05238095238095238
2 0.564935064935065 0.31746031746031744 0.014285714285714285 0.047619047619047616
2 0.5675324675324676 0.2841269841269841 0.016883116883116882 0.03650793650793651
2 0.5623376623376624 0.2634920634920635 0.015584415584415584 0.031746031746031744
2 0.509090909090909 0.10634920634920635 0.011688311688311689 0.014285714285714285
2 0.4935064935064935 0.1111111111111111 0.01038961038961039 0.012698412698412698
2 0.4779220779220779 0.12063492063492064 0.006493506493506494 0.015873015873015872
2 0.4701298701298701 0.12222222222222222 0.007792207792207792 0.014285714285714285
2 0.4961038961038961 0.12063492063492064 0.006493506493506494 0.015873015873015872
2 0.4948051948051948 0.13015873015873017 0.006493506493506494 0.007936507936507936
2 0.4961038961038961 0.14285714285714285 0.00909090909090909 0.015873015873015872
2 0.4714285714285714 0.17142857142857143 0.01038961038961039 0.014285714285714285
2 0.4831168831168831 0.1761904761904762 0.011688311688311689 0.020634920634920634
2 0.509090909090909 0.1349206349206349 0.012987012987012988 0.012698412698412698
2 0.512987012987013 0.14444444444444443 0.01038961038961039 0.009523809523809525
2 0.5051948051948052 0.15079365079365079 0.006493506493506494 0.011111111111111112
2 0.525974025974026 0.1619047619047619 0.00909090909090909 0.012698412698412698
2 0.535064935064935 0.2365079365079365 0.012987012987012988 0.015873015873015872
2 0.535064935064935 0.22380952380952382 0.012987012987012988 0.012698412698412698
2 0.5233766233766234 0.21904761904761905 0.00909090909090909 0.01746031746031746
2 0.5532467532467532 0.20952380952380953 0.01038961038961039 0.011111111111111112
2 0.5493506493506494 0.21904761904761905 0.00909090909090909 0.011111111111111112
2 0.5324675324675324 0.20793650793650795 0.01038961038961039 0.01746031746031746
2 0.5441558441558442 0.20793650793650795 0.014285714285714285 0.022222222222222223
2 0.5246753246753246 0.2015873015873016 0.007792207792207792 0.01904761904761905
2 0.5116883116883116 0.20634920634920634 0.00909090909090909 0.022222222222222223
2 0.5298701298701298 0.18095238095238095 0.00909090909090909 0.020634920634920634
2 0.5181818181818182 0.17777777777777778 0.00909090909090909 0.023809523809523808
2 0.5181818181818182 0.16031746031746033 0.01038961038961039 0.01904761904761905