2 0.5571428571428572 0.9365079365079365 0.048051948051948054 0.1253968253968254
2 0.6012987012987013 0.8936507936507937 0.032467532467532464 0.14761904761904762
2 0.6363636363636364 0.9476190476190476 0.04025974025974026 0.10476190476190476
2 0.9090909090909091 0.9746031746031746 0.03116883116883117 0.050793650793650794
2 0.9545454545454546 0.9714285714285714 0.046753246753246755 0.05714285714285714
2 0.9324675324675324 0.9095238095238095 0.06103896103896104 0.09206349206349207
2 0.8714285714285714 0.9206349206349206 0.04935064935064935 0.15396825396825398
2 0.8714285714285714 0.8301587301587302 0.033766233766233764 0.11587301587301588
2 0.8285714285714286 0.8174603174603174 0.03506493506493506 0.14761904761904762
2 0.6038961038961039 0.7238095238095238 0.033766233766233764 0.1349206349206349
2 0.6272727272727273 0.6666666666666666 0.02857142857142857 0.09841269841269841
2 0.638961038961039 0.7365079365079366 0.02727272727272727 0.11587301587301588
2 0.674025974025974 0.7 0.02857142857142857 0.07301587301587302
2 0.712987012987013 0.7174603174603175 0.02987012987012987 0.11746031746031746
2 0.6987012987012987 0.6460317460317461 0.02727272727272727 0.09206349206349207
2 0.8467532467532467 0.7587301587301587 0.03636363636363636 0.1126984126984127
2 0.812987012987013 0.7015873015873015 0.03766233766233766 0.1111111111111111
2 0.7597402597402597 0.6952380952380952 0.024675324675324677 0.07142857142857142
2 0.7376623376623377 0.6666666666666666 0.02727272727272727 0.09523809523809523
2 0.7844155844155845 0.6952380952380952 0.02857142857142857 0.09365079365079365
2 0.7610389610389611 0.6253968253968254 0.024675324675324677 0.07301587301587302
2 0.7896103896103897 0.6349206349206349 0.02077922077922078 0.05873015873015873
2 0.7727272727272727 0.6015873015873016 0.032467532467532464 0.07301587301587302
2 0.7259740259740259 0.6111111111111112 0.025974025974025976 0.07936507936507936
2 0.7090909090909091 0.5682539682539682 0.02207792207792208 0.07301587301587302
2 0.7259740259740259 0.5396825396825397 0.02857142857142857 0.07301587301587302
2 0.7025974025974026 0.5095238095238095 0.024675324675324677 0.08095238095238096
2 0.7259740259740259 0.4746031746031746 0.02987012987012987 0.08888888888888889
2 0.6857142857142857 0.4793650793650794 0.01948051948051948 0.07777777777777778
2 0.6701298701298701 0.43492063492063493 0.01948051948051948 0.050793650793650794
2 0.6558441558441559 0.4031746031746032 0.02207792207792208 0.044444444444444446
2 0.6441558441558441 0.37142857142857144 0.012987012987012988 0.03333333333333333
2 0.6298701298701299 0.34444444444444444 0.012987012987012988 0.03968253968253968
2 0.6220779220779221 0.3333333333333333 0.015584415584415584 0.03650793650793651
2 0.577922077922078 0.3396825396825397 0.01948051948051948 0.031746031746031744
2 0.5311688311688312 0.36984126984126986 0.016883116883116882 0.044444444444444446
2 0.5298701298701298 0.3349206349206349 0.015584415584415584 0.044444444444444446
2 0.5181818181818182 0.32857142857142857 0.014285714285714285 0.05238095238095238
2 0.5974025974025974 0.3396825396825397 0.012987012987012988 0.04285714285714286
2 0.6077922077922078 0.3238095238095238 0.012987012987012988 0.03333333333333333
2 0.5311688311688312 0.28095238095238095 0.014285714285714285 0.046031746031746035
2 0.5181818181818182 0.3 0.01038961038961039 0.020634920634920634
2 0.6 0.30634920634920637 0.00909090909090909 0.025396825396825397
2 0.5935064935064935 0.28253968253968254 0.011688311688311689 0.046031746031746035
2 0.4584415584415584 0.20634920634920634 0.012987012987012988 0.0380952380952381
2 0.4727272727272727 0.12380952380952381 0.011688311688311689 0.022222222222222223
2 0.5 0.1619047619047619 0.01038961038961039 0.03492063492063492
2 0.5077922077922078 0.18571428571428572 0.012987012987012988 0.031746031746031744
2 0.5116883116883116 0.15396825396825398 0.011688311688311689 0.03015873015873016
2 0.5155844155844156 0.16984126984126985 0.011688311688311689 0.022222222222222223
2 0.5207792207792208 0.18571428571428572 0.012987012987012988 0.02857142857142857
2 0.5038961038961038 0.13015873015873017 0.006493506493506494 0.01904761904761905
2 0.4909090909090909 0.10317460317460317 0.005194805194805195 0.012698412698412698
2 0.5441558441558442 0.2746031746031746 0.012987012987012988 0.04126984126984127
2 0.5402597402597402 0.2507936507936508 0.006493506493506494 0.023809523809523808
2 0.5857142857142857 0.2746031746031746 0.007792207792207792 0.0380952380952381
2 0.5792207792207792 0.25555555555555554 0.01038961038961039 0.031746031746031744
2 0.5506493506493506 0.24126984126984127 0.01038961038961039 0.03015873015873016
2 0.5597402597402598 0.24603174603174602 0.00909090909090909 0.020634920634920634
2 0.5688311688311688 0.24285714285714285 0.006493506493506494 0.026984126984126985
2 0.5545454545454546 0.2111111111111111 0.00909090909090909 0.03333333333333333
2 0.5597402597402598 0.22063492063492063 0.007792207792207792 0.023809523809523808
2 0.5402597402597402 0.19206349206349208 0.01038961038961039 0.03492063492063492
2 0.4961038961038961 0.10793650793650794 0.003896103896103896 0.01746031746031746
2 0.5025974025974026 0.1126984126984127 0.006493506493506494 0.01904761904761905
2 0.5 0.10317460317460317 0.006493506493506494 0.01746031746031746
2 0.5077922077922078 0.10317460317460317 0.005194805194805195 0.01904761904761905
2 0.512987012987013 0.1 0.005194805194805195 0.020634920634920634
2 0.5155844155844156 0.09682539682539683 0.003896103896103896 0.01746031746031746
1 0.4883116883116883 0.11587301587301588 0.012987012987012988 0.025396825396825397
1 0.548051948051948 0.7698412698412699 0.08701298701298701 0.2222222222222222
1 0.6857142857142857 0.861904761904762 0.10519480519480519 0.2714285714285714
1 0.7805194805194805 0.8301587301587302 0.12987012987012986 0.23174603174603176
1 0.6610389610389611 0.5666666666666667 0.07272727272727272 0.14444444444444443
1 0.5948051948051948 0.48412698412698413 0.05064935064935065 0.11746031746031746
1 0.6545454545454545 0.48412698412698413 0.06363636363636363 0.12380952380952381
1 0.6298701298701299 0.4095238095238095 0.04935064935064935 0.09047619047619047
1 0.5805194805194805 0.39365079365079364 0.046753246753246755 0.09047619047619047
1 0.5207792207792208 0.3825396825396825 0.04155844155844156 0.05714285714285714
1 0.5 0.3523809523809524 0.03636363636363636 0.07777777777777778
1 0.5584415584415584 0.3746031746031746 0.033766233766233764 0.0761904761904762
1 0.612987012987013 0.36666666666666664 0.03766233766233766 0.05396825396825397
1 0.577922077922078 0.3126984126984127 0.03896103896103896 0.05714285714285714
1 0.5467532467532468 0.319047619047619 0.02987012987012987 0.05238095238095238
1 0.4909090909090909 0.32063492063492066 0.03636363636363636 0.05555555555555555
1 0.4922077922077922 0.29523809523809524 0.033766233766233764 0.044444444444444446
1 0.4896103896103896 0.2714285714285714 0.03506493506493506 0.050793650793650794
1 0.5688311688311688 0.27936507936507937 0.02727272727272727 0.046031746031746035
1 0.5441558441558442 0.2253968253968254 0.01818181818181818 0.03333333333333333
1 0.4805194805194805 0.16825396825396827 0.02077922077922078 0.047619047619047616
1 0.4727272727272727 0.1111111111111111 0.014285714285714285 0.022222222222222223
3 0.5337662337662338 0.5698412698412698 0.08441558441558442 0.23809523809523808
3 0.5181818181818182 0.44761904761904764 0.07012987012987013 0.1111111111111111
3 0.522077922077922 0.2492063492063492 0.04155844155844156 0.09841269841269841
3 0.4831168831168831 0.22857142857142856 0.04155844155844156 0.08412698412698413
1 0.4974025974025974 0.09047619047619047 0.011688311688311689 0.01904761904761905