2 0.5337662337662338 0.9396825396825397 0.06233766233766234 0.12063492063492064
2 0.8792207792207792 0.9174603174603174 0.06103896103896104 0.16507936507936508
2 0.5818181818181818 0.5746031746031746 0.04415584415584416 0.11746031746031746
2 0.512987012987013 0.6111111111111112 0.03506493506493506 0.12063492063492064
2 0.474025974025974 0.273015873015873 0.023376623376623377 0.04126984126984127
2 0.5558441558441558 0.2857142857142857 0.01818181818181818 0.049206349206349205
2 0.5311688311688312 0.2634920634920635 0.016883116883116882 0.046031746031746035
2 0.5935064935064935 0.3 0.014285714285714285 0.03333333333333333
2 0.4831168831168831 0.2492063492063492 0.011688311688311689 0.04126984126984127
2 0.5038961038961038 0.2396825396825397 0.00909090909090909 0.03650793650793651
2 0.474025974025974 0.20952380952380953 0.01038961038961039 0.02857142857142857
2 0.4727272727272727 0.18571428571428572 0.011688311688311689 0.025396825396825397
2 0.4831168831168831 0.1746031746031746 0.01038961038961039 0.031746031746031744
2 0.4896103896103896 0.1984126984126984 0.01038961038961039 0.02857142857142857
2 0.5077922077922078 0.20476190476190476 0.00909090909090909 0.03015873015873016
2 0.5 0.11428571428571428 0.007792207792207792 0.015873015873015872
2 0.5064935064935064 0.14285714285714285 0.006493506493506494 0.01746031746031746
2 0.4987012987012987 0.1523809523809524 0.00909090909090909 0.020634920634920634
2 0.4909090909090909 0.16507936507936508 0.01038961038961039 0.020634920634920634
2 0.4961038961038961 0.18095238095238095 0.00909090909090909 0.022222222222222223
2 0.5142857142857142 0.18412698412698414 0.006493506493506494 0.011111111111111112
2 0.5155844155844156 0.2 0.006493506493506494 0.03015873015873016
2 0.5246753246753246 0.19523809523809524 0.007792207792207792 0.022222222222222223
2 0.5207792207792208 0.21587301587301588 0.01038961038961039 0.031746031746031744
2 0.5207792207792208 0.17936507936507937 0.007792207792207792 0.012698412698412698
2 0.5103896103896104 0.10317460317460317 0.0025974025974025974 0.012698412698412698
1 0.4701298701298701 0.1492063492063492 0.01818181818181818 0.031746031746031744
1 0.5974025974025974 0.3523809523809524 0.045454545454545456 0.06507936507936508
1 0.5792207792207792 0.44603174603174606 0.05844155844155844 0.09523809523809523