2 0.7831168831168831 0.9619047619047619 0.02987012987012987 0.0746031746031746
2 0.7974025974025974 0.7507936507936508 0.02727272727272727 0.14761904761904762
2 0.7532467532467533 0.7063492063492064 0.03896103896103896 0.14126984126984127
2 0.7181818181818181 0.792063492063492 0.046753246753246755 0.1523809523809524
2 0.6987012987012987 0.5952380952380952 0.02727272727272727 0.09047619047619047
2 0.6753246753246753 0.5095238095238095 0.023376623376623377 0.08571428571428572
2 0.7025974025974026 0.5444444444444444 0.024675324675324677 0.05238095238095238
2 0.7168831168831169 0.5142857142857142 0.025974025974025976 0.07777777777777778
3 0.5831168831168831 0.7698412698412699 0.14805194805194805 0.4603174603174603
2 0.6311688311688312 0.6412698412698413 0.02987012987012987 0.10317460317460317
2 0.6454545454545455 0.6063492063492063 0.03116883116883117 0.09206349206349207
2 0.6636363636363637 0.5777777777777777 0.033766233766233764 0.10634920634920635
2 0.612987012987013 0.553968253968254 0.024675324675324677 0.07301587301587302
2 0.6181818181818182 0.3603174603174603 0.016883116883116882 0.06666666666666667
1 0.5701298701298702 0.3825396825396825 0.045454545454545456 0.09682539682539683
2 0.5935064935064935 0.3682539682539683 0.01948051948051948 0.0746031746031746
2 0.5064935064935064 0.2253968253968254 0.015584415584415584 0.03968253968253968
2 0.5168831168831168 0.15714285714285714 0.00909090909090909 0.023809523809523808
2 0.4857142857142857 0.17142857142857143 0.00909090909090909 0.02857142857142857
2 0.461038961038961 0.1761904761904762 0.01038961038961039 0.02857142857142857
2 0.4883116883116883 0.14603174603174604 0.00909090909090909 0.022222222222222223
2 0.4675324675324675 0.15079365079365079 0.007792207792207792 0.023809523809523808
2 0.4701298701298701 0.1380952380952381 0.006493506493506494 0.022222222222222223
2 0.474025974025974 0.13333333333333333 0.006493506493506494 0.01904761904761905
2 0.4649350649350649 0.12857142857142856 0.007792207792207792 0.01746031746031746
2 0.4688311688311688 0.11587301587301588 0.003896103896103896 0.012698412698412698
1 0.4766233766233766 0.12380952380952381 0.011688311688311689 0.025396825396825397
2 0.4753246753246753 0.10476190476190476 0.003896103896103896 0.009523809523809525
2 0.4753246753246753 0.10634920634920635 0.005194805194805195 0.007936507936507936
1 0.5012987012987012 0.15873015873015872 0.014285714285714285 0.03015873015873016
2 0.5103896103896104 0.14285714285714285 0.006493506493506494 0.023809523809523808
2 0.4974025974025974 0.1365079365079365 0.005194805194805195 0.023809523809523808
2 0.5025974025974026 0.13333333333333333 0.003896103896103896 0.01746031746031746
1 0.4922077922077922 0.12380952380952381 0.01038961038961039 0.023809523809523808
2 0.4987012987012987 0.11746031746031746 0.003896103896103896 0.022222222222222223
2 0.5051948051948052 0.12063492063492064 0.006493506493506494 0.01904761904761905
2 0.4883116883116883 0.10317460317460317 0.003896103896103896 0.012698412698412698
2 0.4922077922077922 0.10634920634920635 0.0025974025974025974 0.007936507936507936
1 0.4961038961038961 0.10158730158730159 0.006493506493506494 0.014285714285714285
2 0.5012987012987012 0.10476190476190476 0.003896103896103896 0.011111111111111112
2 0.5038961038961038 0.10158730158730159 0.0025974025974025974 0.009523809523809525
2 0.509090909090909 0.10158730158730159 0.005194805194805195 0.011111111111111112
1 0.4766233766233766 0.2222222222222222 0.025974025974025976 0.050793650793650794
1 0.5155844155844156 0.3952380952380952 0.045454545454545456 0.1
1 0.522077922077922 0.5253968253968254 0.053246753246753244 0.10476190476190476
1 0.9207792207792208 0.9412698412698413 0.14285714285714285 0.11746031746031746