2 0.7051948051948052 0.9222222222222223 0.048051948051948054 0.15396825396825398
2 0.7298701298701299 0.861904761904762 0.032467532467532464 0.1380952380952381
2 0.9402597402597402 0.9634920634920635 0.03636363636363636 0.07301587301587302
2 0.8506493506493507 0.8555555555555555 0.045454545454545456 0.12857142857142856
2 0.7805194805194805 0.7968253968253968 0.04415584415584416 0.1253968253968254
2 0.8012987012987013 0.734920634920635 0.03766233766233766 0.1111111111111111
2 0.6935064935064935 0.7476190476190476 0.02077922077922078 0.12380952380952381
2 0.7337662337662337 0.7126984126984127 0.03636363636363636 0.09841269841269841
2 0.7519480519480519 0.6619047619047619 0.03116883116883117 0.10158730158730159
2 0.8025974025974026 0.7 0.024675324675324677 0.07777777777777778
2 0.7766233766233767 0.6365079365079365 0.02857142857142857 0.07777777777777778
2 0.5909090909090909 0.665079365079365 0.02857142857142857 0.1349206349206349
2 0.6727272727272727 0.6492063492063492 0.01818181818181818 0.10476190476190476
2 0.6974025974025974 0.6 0.025974025974025976 0.08253968253968254
2 0.7077922077922078 0.5634920634920635 0.023376623376623377 0.08412698412698413
2 0.6675324675324675 0.573015873015873 0.02207792207792208 0.08095238095238096
2 0.5415584415584416 0.5365079365079365 0.01818181818181818 0.10158730158730159
2 0.6493506493506493 0.5190476190476191 0.01818181818181818 0.06666666666666667
2 0.6194805194805195 0.5 0.014285714285714285 0.06825396825396825
2 0.612987012987013 0.46984126984126984 0.01818181818181818 0.07301587301587302
2 0.6454545454545455 0.473015873015873 0.014285714285714285 0.050793650793650794
2 0.6792207792207792 0.49206349206349204 0.02077922077922078 0.08095238095238096
2 0.6649350649350649 0.4365079365079365 0.00909090909090909 0.05873015873015873
2 0.6363636363636364 0.44126984126984126 0.014285714285714285 0.06666666666666667
2 0.6142857142857143 0.44126984126984126 0.01948051948051948 0.05555555555555555
2 0.6246753246753247 0.40634920634920635 0.01038961038961039 0.05873015873015873
2 0.6428571428571429 0.3968253968253968 0.015584415584415584 0.06666666666666667
2 0.6038961038961039 0.3761904761904762 0.016883116883116882 0.06507936507936508
2 0.6181818181818182 0.36666666666666664 0.00909090909090909 0.049206349206349205
2 0.6324675324675325 0.36507936507936506 0.01818181818181818 0.05714285714285714
2 0.6116883116883117 0.33174603174603173 0.01038961038961039 0.03650793650793651
2 0.6012987012987013 0.3349206349206349 0.012987012987012988 0.026984126984126985
2 0.5701298701298702 0.35079365079365077 0.012987012987012988 0.047619047619047616
2 0.5844155844155844 0.36984126984126986 0.015584415584415584 0.044444444444444446
2 0.5857142857142857 0.326984126984127 0.014285714285714285 0.0380952380952381
2 0.5714285714285714 0.32063492063492066 0.012987012987012988 0.02857142857142857
2 0.5545454545454546 0.319047619047619 0.007792207792207792 0.025396825396825397
2 0.5623376623376624 0.30158730158730157 0.012987012987012988 0.047619047619047616
2 0.5701298701298702 0.30158730158730157 0.01038961038961039 0.01904761904761905
2 0.5818181818181818 0.3 0.00909090909090909 0.02857142857142857
2 0.5948051948051948 0.3047619047619048 0.00909090909090909 0.02857142857142857
2 0.6038961038961039 0.2920634920634921 0.01038961038961039 0.022222222222222223
2 0.5935064935064935 0.28253968253968254 0.01038961038961039 0.02857142857142857
2 0.5298701298701298 0.3888888888888889 0.01818181818181818 0.06507936507936508
2 0.5051948051948052 0.3761904761904762 0.014285714285714285 0.03492063492063492
2 0.4857142857142857 0.3904761904761905 0.015584415584415584 0.05238095238095238
2 0.4805194805194805 0.3603174603174603 0.01948051948051948 0.046031746031746035
2 0.4961038961038961 0.3476190476190476 0.01038961038961039 0.0380952380952381
2 0.5181818181818182 0.35555555555555557 0.01818181818181818 0.06031746031746032
2 0.5155844155844156 0.31587301587301586 0.01038961038961039 0.03650793650793651
2 0.4779220779220779 0.32063492063492066 0.014285714285714285 0.03492063492063492
2 0.4805194805194805 0.30952380952380953 0.012987012987012988 0.023809523809523808
2 0.4831168831168831 0.29365079365079366 0.007792207792207792 0.025396825396825397
2 0.5077922077922078 0.3253968253968254 0.011688311688311689 0.044444444444444446
2 0.5 0.30317460317460315 0.011688311688311689 0.047619047619047616
2 0.5038961038961038 0.28253968253968254 0.01038961038961039 0.03333333333333333
2 0.4584415584415584 0.2492063492063492 0.01038961038961039 0.0380952380952381
2 0.4961038961038961 0.25873015873015875 0.00909090909090909 0.0380952380952381
2 0.4896103896103896 0.24444444444444444 0.005194805194805195 0.03015873015873016
2 0.4961038961038961 0.23015873015873015 0.012987012987012988 0.025396825396825397
2 0.4818181818181818 0.22063492063492063 0.006493506493506494 0.023809523809523808
2 0.4896103896103896 0.21904761904761905 0.007792207792207792 0.023809523809523808
2 0.4818181818181818 0.2 0.005194805194805195 0.020634920634920634
2 0.45584415584415583 0.2015873015873016 0.007792207792207792 0.03015873015873016
2 0.45064935064935063 0.18412698412698414 0.006493506493506494 0.01746031746031746
2 0.45324675324675323 0.1761904761904762 0.006493506493506494 0.01904761904761905
2 0.45194805194805193 0.16507936507936508 0.0012987012987012987 0.022222222222222223
2 0.5194805194805194 0.23492063492063492 0.005194805194805195 0.01904761904761905
2 0.5311688311688312 0.25396825396825395 0.00909090909090909 0.023809523809523808
2 0.5493506493506494 0.2904761904761905 0.00909090909090909 0.025396825396825397
2 0.5844155844155844 0.2698412698412698 0.00909090909090909 0.026984126984126985
2 0.5662337662337662 0.2714285714285714 0.006493506493506494 0.020634920634920634
2 0.5766233766233766 0.2571428571428571 0.012987012987012988 0.046031746031746035
2 0.5558441558441558 0.2619047619047619 0.01038961038961039 0.03015873015873016
2 0.538961038961039 0.24761904761904763 0.00909090909090909 0.03333333333333333
2 0.535064935064935 0.23015873015873015 0.00909090909090909 0.026984126984126985
2 0.5584415584415584 0.23492063492063492 0.01038961038961039 0.02857142857142857
2 0.551948051948052 0.2253968253968254 0.011688311688311689 0.03015873015873016
2 0.5493506493506494 0.2015873015873016 0.007792207792207792 0.022222222222222223
2 0.4779220779220779 0.18253968253968253 0.006493506493506494 0.01904761904761905
2 0.4909090909090909 0.17936507936507937 0.006493506493506494 0.022222222222222223
2 0.4844155844155844 0.16666666666666666 0.00909090909090909 0.015873015873015872
2 0.4805194805194805 0.16507936507936508 0.00909090909090909 0.026984126984126985
2 0.4961038961038961 0.14603174603174604 0.003896103896103896 0.011111111111111112
2 0.4935064935064935 0.12857142857142856 0.006493506493506494 0.01904761904761905
2 0.45584415584415583 0.1380952380952381 0.007792207792207792 0.020634920634920634
2 0.4675324675324675 0.11428571428571428 0.005194805194805195 0.01904761904761905
2 0.5025974025974026 0.10158730158730159 0.003896103896103896 0.012698412698412698
2 0.5038961038961038 0.1111111111111111 0.005194805194805195 0.012698412698412698
2 0.509090909090909 0.10476190476190476 0.003896103896103896 0.014285714285714285
2 0.4987012987012987 0.11428571428571428 0.003896103896103896 0.020634920634920634
2 0.5038961038961038 0.12222222222222222 0.006493506493506494 0.009523809523809525
2 0.5012987012987012 0.13174603174603175 0.005194805194805195 0.01746031746031746
2 0.5077922077922078 0.13333333333333333 0.006493506493506494 0.012698412698412698
2 0.5142857142857142 0.1365079365079365 0.006493506493506494 0.01746031746031746
2 0.4792207792207792 0.09841269841269841 0.005194805194805195 0.014285714285714285
2 0.474025974025974 0.13333333333333333 0.006493506493506494 0.01904761904761905
1 0.8298701298701299 0.9238095238095239 0.12207792207792208 0.15079365079365079
1 0.5454545454545454 0.7571428571428571 0.09220779220779221 0.25396825396825395
1 0.6025974025974026 0.5603174603174603 0.05584415584415584 0.1492063492063492
1 0.574025974025974 0.4111111111111111 0.04155844155844156 0.10158730158730159
1 0.5038961038961038 0.43492063492063493 0.05064935064935065 0.1365079365079365
1 0.5376623376623376 0.326984126984127 0.02857142857142857 0.06190476190476191
1 0.5324675324675324 0.27936507936507937 0.02987012987012987 0.044444444444444446
1 0.5168831168831168 0.25555555555555554 0.02077922077922078 0.03492063492063492
1 0.4818181818181818 0.2714285714285714 0.01948051948051948 0.044444444444444446
1 0.4753246753246753 0.2492063492063492 0.02207792207792208 0.04285714285714286
1 0.4714285714285714 0.22063492063492063 0.02207792207792208 0.02857142857142857
1 0.4675324675324675 0.20317460317460317 0.016883116883116882 0.020634920634920634
1 0.4623376623376623 0.19206349206349208 0.016883116883116882 0.01904761904761905
1 0.4636363636363636 0.17777777777777778 0.02207792207792208 0.02857142857142857
1 0.4662337662337662 0.15396825396825398 0.016883116883116882 0.015873015873015872
1 0.4662337662337662 0.13968253968253969 0.015584415584415584 0.014285714285714285
1 0.4922077922077922 0.10634920634920635 0.01038961038961039 0.020634920634920634
1 0.474025974025974 0.10952380952380952 0.012987012987012988 0.015873015873015872
1 0.4805194805194805 0.12063492063492064 0.012987012987012988 0.022222222222222223
1 0.4831168831168831 0.1365079365079365 0.01038961038961039 0.01904761904761905
1 0.4857142857142857 0.15396825396825398 0.011688311688311689 0.015873015873015872
1 0.4948051948051948 0.15873015873015872 0.015584415584415584 0.01746031746031746
1 0.5 0.20317460317460317 0.012987012987012988 0.03650793650793651
1 0.5103896103896104 0.2222222222222222 0.01948051948051948 0.03015873015873016
0 0.5285714285714286 0.1761904761904762 0.03766233766233766 0.07142857142857142