1 0.7233766233766233 0.9015873015873016 0.13116883116883116 0.19682539682539682
1 0.5766233766233766 0.8714285714285714 0.09480519480519481 0.25555555555555554
2 0.5233766233766234 0.7174603174603175 0.03116883116883117 0.11904761904761904
2 0.5727272727272728 0.6682539682539682 0.02857142857142857 0.14126984126984127
1 0.6649350649350649 0.6428571428571429 0.08311688311688312 0.1984126984126984
1 0.522077922077922 0.4984126984126984 0.06233766233766234 0.1523809523809524
1 0.5883116883116883 0.4603174603174603 0.06363636363636363 0.1349206349206349
1 0.6480519480519481 0.4492063492063492 0.06363636363636363 0.10476190476190476
2 0.7 0.5523809523809524 0.03116883116883117 0.10793650793650794
1 0.5051948051948052 0.39206349206349206 0.045454545454545456 0.0746031746031746
1 0.5558441558441558 0.3761904761904762 0.03896103896103896 0.08571428571428572
2 0.5987012987012987 0.3746031746031746 0.01948051948051948 0.06190476190476191
1 0.5805194805194805 0.33174603174603173 0.046753246753246755 0.0873015873015873
1 0.5012987012987012 0.30793650793650795 0.03636363636363636 0.0746031746031746
1 0.5272727272727272 0.2634920634920635 0.032467532467532464 0.06349206349206349
3 0.4818181818181818 0.24285714285714285 0.033766233766233764 0.12063492063492064
2 0.5038961038961038 0.25396825396825395 0.01038961038961039 0.03650793650793651
2 0.5116883116883116 0.22063492063492063 0.016883116883116882 0.046031746031746035
3 0.5376623376623376 0.21746031746031746 0.032467532467532464 0.07936507936507936
1 0.5051948051948052 0.17142857142857143 0.03116883116883117 0.06666666666666667
1 0.4662337662337662 0.173015873015873 0.024675324675324677 0.06031746031746032
0 0.4805194805194805 0.20317460317460317 0.003896103896103896 0.0015873015873015873
1 0.4649350649350649 0.12698412698412698 0.01948051948051948 0.01904761904761905
1 0.4896103896103896 0.14126984126984127 0.01038961038961039 0.03333333333333333
2 0.4922077922077922 0.1111111111111111 0.007792207792207792 0.020634920634920634