3 0.5571428571428572 0.8126984126984127 0.13766233766233765 0.31587301587301586
3 0.4883116883116883 0.15873015873015872 0.025974025974025976 0.05396825396825397
3 0.7220779220779221 0.8984126984126984 0.13636363636363635 0.2015873015873016
1 0.6467532467532467 0.7031746031746032 0.09220779220779221 0.173015873015873
1 0.6207792207792208 0.573015873015873 0.07012987012987013 0.12380952380952381
1 0.522077922077922 0.5396825396825397 0.05714285714285714 0.13015873015873017
1 0.5831168831168831 0.4888888888888889 0.06103896103896104 0.08253968253968254
1 0.5077922077922078 0.35079365079365077 0.04285714285714286 0.08253968253968254
1 0.4922077922077922 0.27936507936507937 0.04285714285714286 0.07301587301587302
1 0.4779220779220779 0.22857142857142856 0.02987012987012987 0.05238095238095238
1 0.4844155844155844 0.1349206349206349 0.015584415584415584 0.025396825396825397
2 0.5012987012987012 0.14285714285714285 0.00909090909090909 0.03333333333333333
2 0.5 0.11904761904761904 0.006493506493506494 0.011111111111111112
2 0.5103896103896104 0.1365079365079365 0.00909090909090909 0.022222222222222223
2 0.5168831168831168 0.22380952380952382 0.023376623376623377 0.03492063492063492
2 0.538961038961039 0.20476190476190476 0.014285714285714285 0.04126984126984127
2 0.5675324675324676 0.3746031746031746 0.03116883116883117 0.05238095238095238
2 0.5987012987012987 0.3603174603174603 0.023376623376623377 0.046031746031746035
2 0.5987012987012987 0.4253968253968254 0.02987012987012987 0.05873015873015873
2 0.6428571428571429 0.49206349206349204 0.02857142857142857 0.07936507936507936
2 0.8 0.7 0.04285714285714286 0.09841269841269841
2 0.7701298701298701 0.7317460317460317 0.04415584415584416 0.0873015873015873
2 0.7922077922077922 0.8936507936507937 0.04025974025974026 0.14444444444444443
2 0.8649350649350649 0.9571428571428572 0.06363636363636363 0.08412698412698413