2 0.8688311688311688 0.8904761904761904 0.06493506493506493 0.15079365079365079
2 0.7181818181818181 0.7158730158730159 0.03766233766233766 0.11746031746031746
2 0.5545454545454546 0.4587301587301587 0.03116883116883117 0.06349206349206349
2 0.6233766233766234 0.3333333333333333 0.01038961038961039 0.026984126984126985
2 0.6064935064935065 0.35555555555555557 0.012987012987012988 0.03650793650793651
2 0.5922077922077922 0.35873015873015873 0.01948051948051948 0.0380952380952381
2 0.5766233766233766 0.3333333333333333 0.01038961038961039 0.025396825396825397
2 0.6012987012987013 0.31746031746031744 0.012987012987012988 0.01746031746031746
2 0.6116883116883117 0.30793650793650795 0.011688311688311689 0.01904761904761905
2 0.5805194805194805 0.319047619047619 0.011688311688311689 0.023809523809523808
2 0.5207792207792208 0.3238095238095238 0.01818181818181818 0.044444444444444446
2 0.5064935064935064 0.30158730158730157 0.01038961038961039 0.025396825396825397
2 0.4753246753246753 0.28888888888888886 0.014285714285714285 0.05238095238095238
2 0.5805194805194805 0.2904761904761905 0.014285714285714285 0.03333333333333333
2 0.5714285714285714 0.26825396825396824 0.016883116883116882 0.047619047619047616
2 0.4961038961038961 0.15555555555555556 0.00909090909090909 0.015873015873015872
2 0.4766233766233766 0.13174603174603175 0.006493506493506494 0.023809523809523808
2 0.4987012987012987 0.1111111111111111 0.007792207792207792 0.022222222222222223
1 0.4649350649350649 0.13015873015873017 0.011688311688311689 0.023809523809523808
1 0.4896103896103896 0.14444444444444443 0.012987012987012988 0.023809523809523808
1 0.5142857142857142 0.24603174603174602 0.01818181818181818 0.03968253968253968
1 0.525974025974026 0.2746031746031746 0.024675324675324677 0.03650793650793651
1 0.5441558441558442 0.29365079365079366 0.033766233766233764 0.04285714285714286
1 0.538961038961039 0.33650793650793653 0.024675324675324677 0.05555555555555555
1 0.4896103896103896 0.29365079365079366 0.02857142857142857 0.03333333333333333
1 0.4948051948051948 0.34444444444444444 0.03896103896103896 0.06825396825396825
1 0.509090909090909 0.3619047619047619 0.04155844155844156 0.03333333333333333
1 0.5623376623376624 0.373015873015873 0.02857142857142857 0.06984126984126984
1 0.6311688311688312 0.38571428571428573 0.045454545454545456 0.06349206349206349
1 0.5935064935064935 0.4126984126984127 0.048051948051948054 0.08571428571428572
1 0.6480519480519481 0.4365079365079365 0.05064935064935065 0.07777777777777778
1 0.587012987012987 0.5047619047619047 0.05064935064935065 0.10476190476190476
3 0.509090909090909 0.4492063492063492 0.05194805194805195 0.14444444444444443
1 0.6844155844155844 0.5777777777777777 0.08571428571428572 0.1380952380952381
1 0.6246753246753247 0.6301587301587301 0.07142857142857142 0.14285714285714285
3 0.5441558441558442 0.7031746031746032 0.07272727272727272 0.28095238095238095
1 0.5792207792207792 0.9444444444444444 0.08441558441558442 0.1111111111111111
1 0.7415584415584415 0.8809523809523809 0.12597402597402596 0.23809523809523808