2 0.5246753246753246 0.9412698412698413 0.046753246753246755 0.11746031746031746
2 0.674025974025974 0.9301587301587302 0.048051948051948054 0.1380952380952381
1 0.7883116883116883 0.9174603174603174 0.14025974025974025 0.1634920634920635
2 0.8584415584415584 0.9412698412698413 0.04415584415584416 0.11746031746031746
2 0.9051948051948052 0.9380952380952381 0.05064935064935065 0.11746031746031746
2 0.8298701298701299 0.8507936507936508 0.04285714285714286 0.14126984126984127
2 0.7753246753246753 0.8063492063492064 0.04285714285714286 0.09841269841269841
2 0.8207792207792208 0.765079365079365 0.03506493506493506 0.09841269841269841
2 0.7597402597402597 0.7333333333333333 0.03636363636363636 0.10952380952380952
2 0.7480519480519481 0.6619047619047619 0.04285714285714286 0.11587301587301588
2 0.7883116883116883 0.6888888888888889 0.04155844155844156 0.12698412698412698
2 0.6168831168831169 0.7174603174603175 0.032467532467532464 0.13968253968253969
2 0.7 0.6238095238095238 0.04025974025974026 0.11428571428571428
2 0.7142857142857143 0.5698412698412698 0.02857142857142857 0.11746031746031746
2 0.687012987012987 0.5365079365079365 0.024675324675324677 0.09365079365079365
2 0.6285714285714286 0.526984126984127 0.025974025974025976 0.06984126984126984
1 0.6610389610389611 0.6412698412698413 0.08961038961038961 0.1984126984126984
2 0.6571428571428571 0.5412698412698412 0.023376623376623377 0.03333333333333333
2 0.6519480519480519 0.5015873015873016 0.016883116883116882 0.05873015873015873
2 0.6909090909090909 0.5031746031746032 0.023376623376623377 0.06666666666666667
3 0.5428571428571428 0.6460317460317461 0.09350649350649351 0.2634920634920635
2 0.5844155844155844 0.5412698412698412 0.01948051948051948 0.11904761904761904
2 0.5103896103896104 0.4984126984126984 0.02077922077922078 0.0746031746031746
2 0.5402597402597402 0.4984126984126984 0.024675324675324677 0.06031746031746032
2 0.5571428571428572 0.4857142857142857 0.02727272727272727 0.0873015873015873
2 0.4987012987012987 0.45714285714285713 0.01948051948051948 0.08412698412698413
2 0.512987012987013 0.4365079365079365 0.016883116883116882 0.07142857142857142
2 0.5272727272727272 0.4492063492063492 0.01818181818181818 0.07777777777777778
2 0.5376623376623376 0.42698412698412697 0.014285714285714285 0.0746031746031746
2 0.4922077922077922 0.4174603174603175 0.01948051948051948 0.06984126984126984
2 0.5181818181818182 0.3904761904761905 0.016883116883116882 0.0746031746031746
2 0.5545454545454546 0.40793650793650793 0.015584415584415584 0.06984126984126984
2 0.5376623376623376 0.346031746031746 0.012987012987012988 0.06507936507936508
2 0.5506493506493506 0.36507936507936506 0.016883116883116882 0.05873015873015873
1 0.5909090909090909 0.4523809523809524 0.05584415584415584 0.11904761904761904
2 0.5805194805194805 0.38095238095238093 0.016883116883116882 0.047619047619047616
2 0.5987012987012987 0.4 0.016883116883116882 0.050793650793650794
2 0.6064935064935065 0.3746031746031746 0.015584415584415584 0.06984126984126984
2 0.6415584415584416 0.4666666666666667 0.016883116883116882 0.0746031746031746
2 0.6610389610389611 0.48095238095238096 0.014285714285714285 0.07777777777777778
2 0.6714285714285714 0.4523809523809524 0.01818181818181818 0.07777777777777778
2 0.6220779220779221 0.4396825396825397 0.01818181818181818 0.0746031746031746
2 0.6298701298701299 0.4238095238095238 0.014285714285714285 0.06349206349206349
2 0.6480519480519481 0.43492063492063493 0.011688311688311689 0.05238095238095238
2 0.6246753246753247 0.39206349206349206 0.014285714285714285 0.049206349206349205
2 0.5571428571428572 0.3238095238095238 0.015584415584415584 0.05873015873015873
2 0.6480519480519481 0.4095238095238095 0.015584415584415584 0.04285714285714286
2 0.6558441558441559 0.40793650793650793 0.012987012987012988 0.06825396825396825
2 0.6363636363636364 0.38095238095238093 0.011688311688311689 0.05873015873015873
2 0.6155844155844156 0.3412698412698413 0.012987012987012988 0.05714285714285714
2 0.6285714285714286 0.3523809523809524 0.014285714285714285 0.05555555555555555
1 0.5883116883116883 0.33015873015873015 0.04285714285714286 0.07142857142857142
2 0.6025974025974026 0.30634920634920637 0.011688311688311689 0.050793650793650794
2 0.5857142857142857 0.28095238095238095 0.012987012987012988 0.04285714285714286
2 0.5961038961038961 0.2904761904761905 0.00909090909090909 0.0380952380952381
1 0.5688311688311688 0.28888888888888886 0.02987012987012987 0.050793650793650794
2 0.577922077922078 0.26825396825396824 0.012987012987012988 0.03968253968253968
1 0.5324675324675324 0.30793650793650795 0.033766233766233764 0.08412698412698413
2 0.538961038961039 0.273015873015873 0.012987012987012988 0.03015873015873016
2 0.551948051948052 0.2746031746031746 0.011688311688311689 0.04285714285714286
2 0.5532467532467532 0.2492063492063492 0.011688311688311689 0.02857142857142857
2 0.5636363636363636 0.25555555555555554 0.011688311688311689 0.03333333333333333
2 0.5636363636363636 0.24126984126984127 0.011688311688311689 0.02857142857142857
2 0.574025974025974 0.2507936507936508 0.01038961038961039 0.025396825396825397
2 0.5116883116883116 0.25555555555555554 0.011688311688311689 0.04285714285714286
2 0.522077922077922 0.2571428571428571 0.011688311688311689 0.03015873015873016
2 0.5363636363636364 0.25396825396825395 0.01038961038961039 0.03015873015873016
2 0.4688311688311688 0.2396825396825397 0.00909090909090909 0.02857142857142857
2 0.4649350649350649 0.23333333333333334 0.00909090909090909 0.03650793650793651
1 0.4948051948051948 0.25396825396825395 0.02987012987012987 0.05238095238095238
2 0.4818181818181818 0.23174603174603176 0.01038961038961039 0.04126984126984127
2 0.4961038961038961 0.21587301587301588 0.006493506493506494 0.02857142857142857
2 0.5025974025974026 0.21904761904761905 0.007792207792207792 0.03492063492063492
2 0.5103896103896104 0.23015873015873015 0.011688311688311689 0.03333333333333333
2 0.522077922077922 0.23174603174603176 0.011688311688311689 0.03015873015873016
1 0.535064935064935 0.2126984126984127 0.025974025974025976 0.06190476190476191
2 0.5376623376623376 0.23809523809523808 0.01038961038961039 0.02857142857142857
2 0.5623376623376624 0.22857142857142856 0.00909090909090909 0.023809523809523808
1 0.487012987012987 0.3142857142857143 0.03636363636363636 0.06507936507936508
2 0.5 0.2920634920634921 0.011688311688311689 0.050793650793650794
2 0.5103896103896104 0.30317460317460315 0.012987012987012988 0.05714285714285714
2 0.4714285714285714 0.2920634920634921 0.011688311688311689 0.049206349206349205
2 0.4818181818181818 0.273015873015873 0.012987012987012988 0.03333333333333333
2 0.4675324675324675 0.26031746031746034 0.011688311688311689 0.02857142857142857
2 0.4688311688311688 0.21746031746031746 0.01038961038961039 0.02857142857142857
2 0.4779220779220779 0.2 0.007792207792207792 0.03333333333333333
2 0.4714285714285714 0.18888888888888888 0.007792207792207792 0.03015873015873016
2 0.4896103896103896 0.20317460317460317 0.00909090909090909 0.031746031746031744
1 0.4636363636363636 0.16984126984126985 0.01948051948051948 0.0380952380952381
2 0.4714285714285714 0.1619047619047619 0.006493506493506494 0.02857142857142857
2 0.4792207792207792 0.16984126984126985 0.007792207792207792 0.02857142857142857
1 0.4935064935064935 0.18412698412698414 0.024675324675324677 0.0380952380952381
2 0.5038961038961038 0.18412698412698414 0.007792207792207792 0.03650793650793651
1 0.5207792207792208 0.1761904761904762 0.024675324675324677 0.04126984126984127
1 0.4636363636363636 0.14761904761904762 0.01818181818181818 0.01746031746031746
1 0.4662337662337662 0.1380952380952381 0.015584415584415584 0.01746031746031746
1 0.4857142857142857 0.15396825396825398 0.014285714285714285 0.022222222222222223
1 0.4831168831168831 0.13968253968253969 0.012987012987012988 0.012698412698412698
1 0.4961038961038961 0.1492063492063492 0.006493506493506494 0.022222222222222223
2 0.5051948051948052 0.1492063492063492 0.012987012987012988 0.03015873015873016
1 0.4636363636363636 0.1253968253968254 0.015584415584415584 0.014285714285714285
1 0.4675324675324675 0.1111111111111111 0.016883116883116882 0.01904761904761905
2 0.4805194805194805 0.12698412698412698 0.00909090909090909 0.01746031746031746
1 0.4766233766233766 0.10158730158730159 0.00909090909090909 0.01746031746031746
1 0.4831168831168831 0.11428571428571428 0.011688311688311689 0.01746031746031746
1 0.4857142857142857 0.09682539682539683 0.011688311688311689 0.01904761904761905
0 0.4948051948051948 0.08095238095238096 0.015584415584415584 0.01904761904761905
1 0.4922077922077922 0.12698412698412698 0.012987012987012988 0.026984126984126985
2 0.5012987012987012 0.12857142857142856 0.005194805194805195 0.014285714285714285
2 0.509090909090909 0.11746031746031746 0.005194805194805195 0.01746031746031746
0 0.5012987012987012 0.09682539682539683 0.01818181818181818 0.03015873015873016
2 0.4961038961038961 0.10952380952380952 0.007792207792207792 0.01746031746031746