2 0.5753246753246753 0.919047619047619 0.03896103896103896 0.1619047619047619
2 0.525974025974026 0.8571428571428571 0.02727272727272727 0.1619047619047619
2 0.551948051948052 0.7793650793650794 0.02857142857142857 0.15079365079365079
2 0.7961038961038961 0.8412698412698413 0.03636363636363636 0.14761904761904762
2 0.825974025974026 0.8015873015873016 0.03636363636363636 0.13333333333333333
2 0.7350649350649351 0.8111111111111111 0.04415584415584416 0.15396825396825398
2 0.7428571428571429 0.7444444444444445 0.033766233766233764 0.12063492063492064
2 0.7415584415584415 0.6793650793650794 0.02727272727272727 0.0873015873015873
2 0.7324675324675325 0.6190476190476191 0.024675324675324677 0.08888888888888889
2 0.7090909090909091 0.6523809523809524 0.03506493506493506 0.12380952380952381
2 0.6753246753246753 0.6873015873015873 0.03116883116883117 0.13333333333333333
2 0.6350649350649351 0.6253968253968254 0.02857142857142857 0.12222222222222222
2 0.6974025974025974 0.5793650793650794 0.023376623376623377 0.10476190476190476
2 0.6675324675324675 0.5349206349206349 0.01948051948051948 0.08888888888888889
2 0.6779220779220779 0.5 0.015584415584415584 0.08095238095238096
2 0.638961038961039 0.5285714285714286 0.032467532467532464 0.09523809523809523
2 0.6467532467532467 0.47619047619047616 0.01948051948051948 0.0746031746031746
2 0.6155844155844156 0.48095238095238096 0.02207792207792208 0.10634920634920635
2 0.6363636363636364 0.43174603174603177 0.02077922077922078 0.07142857142857142
2 0.5896103896103896 0.45396825396825397 0.02207792207792208 0.09206349206349207
2 0.6 0.40793650793650793 0.01948051948051948 0.05714285714285714
2 0.6077922077922078 0.38571428571428573 0.02207792207792208 0.06507936507936508
2 0.5987012987012987 0.34444444444444444 0.015584415584415584 0.03968253968253968
2 0.5727272727272728 0.3952380952380952 0.016883116883116882 0.049206349206349205
2 0.5714285714285714 0.35555555555555557 0.012987012987012988 0.050793650793650794
2 0.5805194805194805 0.3476190476190476 0.012987012987012988 0.06190476190476191
2 0.4922077922077922 0.6158730158730159 0.03116883116883117 0.12380952380952381
2 0.5064935064935064 0.37777777777777777 0.015584415584415584 0.06190476190476191
2 0.4896103896103896 0.3396825396825397 0.015584415584415584 0.05555555555555555
2 0.5506493506493506 0.32857142857142857 0.016883116883116882 0.046031746031746035
2 0.5337662337662338 0.3396825396825397 0.01818181818181818 0.0380952380952381
2 0.561038961038961 0.30952380952380953 0.011688311688311689 0.03968253968253968
2 0.5688311688311688 0.30158730158730157 0.016883116883116882 0.04285714285714286
2 0.5662337662337662 0.27936507936507937 0.015584415584415584 0.031746031746031744
2 0.551948051948052 0.28253968253968254 0.023376623376623377 0.044444444444444446
2 0.538961038961039 0.2984126984126984 0.015584415584415584 0.049206349206349205
2 0.5311688311688312 0.2761904761904762 0.015584415584415584 0.050793650793650794
2 0.5441558441558442 0.24761904761904763 0.015584415584415584 0.03968253968253968
2 0.525974025974026 0.24126984126984127 0.014285714285714285 0.04126984126984127
2 0.5168831168831168 0.21746031746031746 0.01038961038961039 0.03650793650793651
2 0.5025974025974026 0.26666666666666666 0.012987012987012988 0.044444444444444446
2 0.5103896103896104 0.24603174603174602 0.012987012987012988 0.03650793650793651
2 0.5064935064935064 0.2111111111111111 0.011688311688311689 0.026984126984126985
2 0.4922077922077922 0.2111111111111111 0.016883116883116882 0.04285714285714286
2 0.4831168831168831 0.1873015873015873 0.011688311688311689 0.026984126984126985
2 0.45584415584415583 0.18571428571428572 0.011688311688311689 0.03015873015873016
2 0.43636363636363634 0.19523809523809524 0.007792207792207792 0.031746031746031744
2 0.4805194805194805 0.16666666666666666 0.015584415584415584 0.026984126984126985
0 0.912987012987013 0.8952380952380953 0.17402597402597403 0.20634920634920634
1 0.6597402597402597 0.8634920634920635 0.12337662337662338 0.273015873015873
1 0.5753246753246753 0.5333333333333333 0.06103896103896104 0.1349206349206349
1 0.4935064935064935 0.4634920634920635 0.05454545454545454 0.13015873015873017
1 0.5454545454545454 0.40793650793650793 0.045454545454545456 0.10317460317460317
1 0.4636363636363636 0.3476190476190476 0.03636363636363636 0.09523809523809523
1 0.5103896103896104 0.30952380952380953 0.03636363636363636 0.05714285714285714
1 0.474025974025974 0.21904761904761905 0.02987012987012987 0.05873015873015873
1 0.43766233766233764 0.16666666666666666 0.02207792207792208 0.0380952380952381
1 0.44935064935064933 0.14444444444444443 0.012987012987012988 0.03015873015873016
2 0.461038961038961 0.1619047619047619 0.014285714285714285 0.031746031746031744
2 0.461038961038961 0.1365079365079365 0.00909090909090909 0.020634920634920634
2 0.4675324675324675 0.13174603174603175 0.007792207792207792 0.020634920634920634
2 0.4805194805194805 0.1523809523809524 0.01038961038961039 0.025396825396825397
2 0.4818181818181818 0.13015873015873017 0.01038961038961039 0.01904761904761905
2 0.4584415584415584 0.12222222222222222 0.005194805194805195 0.020634920634920634
2 0.45584415584415583 0.1126984126984127 0.01038961038961039 0.023809523809523808
2 0.4649350649350649 0.09523809523809523 0.00909090909090909 0.014285714285714285
2 0.4701298701298701 0.09682539682539683 0.005194805194805195 0.01904761904761905
2 0.474025974025974 0.09523809523809523 0.007792207792207792 0.022222222222222223
2 0.4636363636363636 0.09365079365079365 0.00909090909090909 0.01904761904761905
2 0.4597402597402597 0.08095238095238096 0.005194805194805195 0.014285714285714285
2 0.44675324675324674 0.09523809523809523 0.003896103896103896 0.012698412698412698
2 0.43636363636363634 0.09841269841269841 0.006493506493506494 0.01746031746031746