2 0.6311688311688312 0.8984126984126984 0.04415584415584416 0.12063492063492064
2 0.6363636363636364 0.9619047619047619 0.04155844155844156 0.0761904761904762
2 0.8506493506493507 0.7825396825396825 0.033766233766233764 0.12857142857142856
2 0.7155844155844155 0.7761904761904762 0.06363636363636363 0.11746031746031746
2 0.6376623376623377 0.7603174603174603 0.03506493506493506 0.13333333333333333
2 0.5987012987012987 0.7111111111111111 0.02857142857142857 0.11746031746031746
2 0.5415584415584416 0.4873015873015873 0.02857142857142857 0.08888888888888889
2 0.6454545454545455 0.5650793650793651 0.02857142857142857 0.10476190476190476
2 0.6116883116883117 0.3523809523809524 0.015584415584415584 0.050793650793650794
2 0.5805194805194805 0.33650793650793653 0.01038961038961039 0.05555555555555555
2 0.5662337662337662 0.30952380952380953 0.01038961038961039 0.03968253968253968
2 0.5558441558441558 0.27936507936507937 0.015584415584415584 0.047619047619047616
2 0.5272727272727272 0.2714285714285714 0.02077922077922078 0.04285714285714286
2 0.5025974025974026 0.24285714285714285 0.01948051948051948 0.04285714285714286
2 0.5194805194805194 0.19682539682539682 0.00909090909090909 0.026984126984126985
2 0.4662337662337662 0.16031746031746033 0.011688311688311689 0.020634920634920634
2 0.4675324675324675 0.14126984126984127 0.0025974025974025974 0.01904761904761905
2 0.4831168831168831 0.12857142857142856 0.014285714285714285 0.03333333333333333
1 0.5532467532467532 0.8952380952380953 0.09090909090909091 0.20793650793650795
1 0.5376623376623376 0.7047619047619048 0.07532467532467532 0.20317460317460317
1 0.7493506493506493 0.8952380952380953 0.11168831168831168 0.20952380952380953
1 0.8376623376623377 0.8777777777777778 0.13246753246753246 0.24444444444444444
1 0.6779220779220779 0.5190476190476191 0.07402597402597402 0.14285714285714285
1 0.5727272727272728 0.42857142857142855 0.04025974025974026 0.09682539682539683
1 0.5064935064935064 0.30952380952380953 0.04285714285714286 0.08571428571428572
1 0.5207792207792208 0.2365079365079365 0.02727272727272727 0.05238095238095238
1 0.4974025974025974 0.18412698412698414 0.02077922077922078 0.026984126984126985
1 0.4714285714285714 0.1873015873015873 0.023376623376623377 0.03650793650793651
1 0.5012987012987012 0.1619047619047619 0.02727272727272727 0.049206349206349205
1 0.4948051948051948 0.11428571428571428 0.011688311688311689 0.02857142857142857