1 0.5883116883116883 0.8746031746031746 0.09610389610389611 0.2507936507936508
1 0.7103896103896103 0.8809523809523809 0.1012987012987013 0.2365079365079365
1 0.5532467532467532 0.5888888888888889 0.05194805194805195 0.1523809523809524
1 0.5818181818181818 0.4492063492063492 0.05714285714285714 0.12063492063492064
1 0.4896103896103896 0.1365079365079365 0.011688311688311689 0.023809523809523808
1 0.4922077922077922 0.12063492063492064 0.011688311688311689 0.020634920634920634
2 0.5207792207792208 0.3142857142857143 0.01818181818181818 0.05714285714285714
2 0.5636363636363636 0.2841269841269841 0.012987012987012988 0.050793650793650794
2 0.5597402597402598 0.2507936507936508 0.012987012987012988 0.03650793650793651
2 0.7441558441558441 0.5095238095238095 0.02727272727272727 0.09047619047619047
2 0.6558441558441559 0.5936507936507937 0.03506493506493506 0.11428571428571428
2 0.8545454545454545 0.8571428571428571 0.03766233766233766 0.16984126984126985
2 0.7818181818181819 0.8206349206349206 0.03506493506493506 0.1349206349206349
2 0.7831168831168831 0.746031746031746 0.03506493506493506 0.15396825396825398