0 0.8662337662337662 0.9333333333333333 0.18831168831168832 0.13174603174603175
1 0.5207792207792208 0.26031746031746034 0.03896103896103896 0.06984126984126984
1 0.4805194805194805 0.23174603174603176 0.02987012987012987 0.06984126984126984
2 0.4701298701298701 0.18888888888888888 0.00909090909090909 0.02857142857142857
2 0.4922077922077922 0.1746031746031746 0.015584415584415584 0.031746031746031744
1 0.4974025974025974 0.15079365079365079 0.023376623376623377 0.03968253968253968
1 0.4974025974025974 0.09206349206349207 0.02077922077922078 0.03333333333333333
2 0.5077922077922078 0.14285714285714285 0.016883116883116882 0.022222222222222223
2 0.4987012987012987 0.12857142857142856 0.006493506493506494 0.020634920634920634
2 0.5168831168831168 0.2111111111111111 0.02077922077922078 0.03015873015873016
2 0.522077922077922 0.1761904761904762 0.02207792207792208 0.026984126984126985
2 0.5103896103896104 0.15873015873015872 0.006493506493506494 0.022222222222222223
2 0.5402597402597402 0.25555555555555554 0.01818181818181818 0.06825396825396825
2 0.6025974025974026 0.346031746031746 0.04285714285714286 0.07142857142857142