2 0.6649350649350649 0.9444444444444444 0.04025974025974026 0.1111111111111111
2 0.9246753246753247 0.8873015873015873 0.06233766233766234 0.16666666666666666
2 0.9038961038961039 0.9428571428571428 0.05194805194805195 0.11428571428571428
2 0.8701298701298701 0.9841269841269841 0.032467532467532464 0.031746031746031744
2 0.8350649350649351 0.9428571428571428 0.05454545454545454 0.10793650793650794
1 0.7350649350649351 0.9047619047619048 0.12727272727272726 0.19047619047619047
2 0.7844155844155845 0.8857142857142857 0.03766233766233766 0.1365079365079365
2 0.8545454545454545 0.8507936507936508 0.03766233766233766 0.15714285714285714
2 0.8155844155844156 0.8587301587301587 0.06883116883116883 0.1253968253968254
2 0.7441558441558441 0.7698412698412699 0.046753246753246755 0.14285714285714285
2 0.8 0.7841269841269841 0.04025974025974026 0.1253968253968254
2 0.6324675324675325 0.7968253968253968 0.048051948051948054 0.1111111111111111
2 0.5 0.726984126984127 0.06493506493506493 0.15396825396825398
2 0.561038961038961 0.5666666666666667 0.02857142857142857 0.07301587301587302
1 0.6038961038961039 0.38095238095238093 0.04285714285714286 0.08412698412698413
0 0.5857142857142857 0.4492063492063492 0.05844155844155844 0.15555555555555556
2 0.6012987012987013 0.39365079365079364 0.016883116883116882 0.0380952380952381
2 0.6181818181818182 0.43174603174603177 0.01818181818181818 0.06190476190476191
1 0.6545454545454545 0.45555555555555555 0.05844155844155844 0.1
2 0.6610389610389611 0.40476190476190477 0.012987012987012988 0.04285714285714286
2 0.6285714285714286 0.3746031746031746 0.01038961038961039 0.050793650793650794
2 0.6441558441558441 0.38571428571428573 0.011688311688311689 0.049206349206349205
2 0.625974025974026 0.34285714285714286 0.014285714285714285 0.0380952380952381
2 0.5766233766233766 0.3396825396825397 0.01818181818181818 0.050793650793650794
2 0.5623376623376624 0.3238095238095238 0.01948051948051948 0.04285714285714286
2 0.5597402597402598 0.30634920634920637 0.02077922077922078 0.05238095238095238
2 0.5792207792207792 0.30634920634920637 0.011688311688311689 0.04285714285714286
2 0.5961038961038961 0.30317460317460315 0.012987012987012988 0.03492063492063492
2 0.6051948051948052 0.33015873015873015 0.01818181818181818 0.0380952380952381
1 0.4857142857142857 0.2968253968253968 0.032467532467532464 0.05714285714285714
2 0.4987012987012987 0.2761904761904762 0.016883116883116882 0.04285714285714286
1 0.5545454545454546 0.273015873015873 0.02857142857142857 0.046031746031746035
2 0.5376623376623376 0.2523809523809524 0.01038961038961039 0.03968253968253968
2 0.4909090909090909 0.25396825396825395 0.014285714285714285 0.025396825396825397
1 0.509090909090909 0.23174603174603176 0.02207792207792208 0.049206349206349205
2 0.522077922077922 0.22698412698412698 0.00909090909090909 0.0380952380952381
2 0.5337662337662338 0.2222222222222222 0.01038961038961039 0.015873015873015872
2 0.5454545454545454 0.2126984126984127 0.014285714285714285 0.0380952380952381
1 0.5571428571428572 0.26031746031746034 0.025974025974025976 0.05396825396825397
2 0.548051948051948 0.22380952380952382 0.007792207792207792 0.022222222222222223
1 0.4792207792207792 0.2365079365079365 0.02727272727272727 0.05238095238095238
2 0.487012987012987 0.22063492063492063 0.014285714285714285 0.03968253968253968
2 0.5025974025974026 0.19047619047619047 0.006493506493506494 0.023809523809523808
2 0.5064935064935064 0.19523809523809524 0.011688311688311689 0.03015873015873016
2 0.522077922077922 0.20317460317460317 0.007792207792207792 0.01904761904761905
2 0.5337662337662338 0.20793650793650795 0.01038961038961039 0.020634920634920634
2 0.5194805194805194 0.19206349206349208 0.005194805194805195 0.025396825396825397
2 0.5155844155844156 0.16507936507936508 0.00909090909090909 0.025396825396825397
2 0.5012987012987012 0.15396825396825398 0.007792207792207792 0.014285714285714285
2 0.509090909090909 0.14444444444444443 0.007792207792207792 0.022222222222222223
1 0.4649350649350649 0.14603174603174604 0.012987012987012988 0.03492063492063492
2 0.4688311688311688 0.1349206349206349 0.00909090909090909 0.022222222222222223
1 0.4909090909090909 0.12857142857142856 0.012987012987012988 0.02857142857142857
2 0.5038961038961038 0.12857142857142856 0.007792207792207792 0.01904761904761905
1 0.487012987012987 0.1126984126984127 0.01038961038961039 0.025396825396825397
2 0.4961038961038961 0.10634920634920635 0.005194805194805195 0.02857142857142857
2 0.5025974025974026 0.11428571428571428 0.00909090909090909 0.014285714285714285
2 0.4909090909090909 0.10952380952380952 0.003896103896103896 0.012698412698412698
1 0.4688311688311688 0.11746031746031746 0.01038961038961039 0.025396825396825397
2 0.4857142857142857 0.1 0.006493506493506494 0.004761904761904762
2 0.5051948051948052 0.09841269841269841 0.01038961038961039 0.022222222222222223
1 0.4987012987012987 0.14444444444444443 0.015584415584415584 0.02857142857142857
1 0.4857142857142857 0.15873015873015872 0.01948051948051948 0.03968253968253968
1 0.5246753246753246 0.273015873015873 0.02077922077922078 0.049206349206349205
1 0.5363636363636364 0.3333333333333333 0.04025974025974026 0.08095238095238096
1 0.4987012987012987 0.3634920634920635 0.03896103896103896 0.08888888888888889
1 0.5168831168831168 0.4777777777777778 0.04935064935064935 0.12222222222222222
1 0.6220779220779221 0.6047619047619047 0.06753246753246753 0.15079365079365079
1 0.5532467532467532 0.7126984126984127 0.08961038961038961 0.1984126984126984
1 0.6805194805194805 0.7492063492063492 0.07662337662337662 0.16031746031746033
1 0.7077922077922078 0.6238095238095238 0.08961038961038961 0.15873015873015872
2 0.6779220779220779 0.526984126984127 0.024675324675324677 0.06984126984126984
2 0.7155844155844155 0.5428571428571428 0.024675324675324677 0.05873015873015873