1 0.5415584415584416 0.553968253968254 0.06363636363636363 0.15714285714285714
1 0.5727272727272728 0.31746031746031744 0.045454545454545456 0.09682539682539683
1 0.4844155844155844 0.24761904761904763 0.03506493506493506 0.05396825396825397
1 0.522077922077922 0.21904761904761905 0.03116883116883117 0.06507936507936508
1 0.4805194805194805 0.10476190476190476 0.012987012987012988 0.023809523809523808
1 0.4974025974025974 0.10317460317460317 0.014285714285714285 0.022222222222222223
3 0.5012987012987012 0.0873015873015873 0.016883116883116882 0.03333333333333333
2 0.4896103896103896 0.10317460317460317 0.006493506493506494 0.020634920634920634
2 0.5 0.11428571428571428 0.00909090909090909 0.020634920634920634
2 0.4857142857142857 0.13333333333333333 0.00909090909090909 0.022222222222222223
2 0.4714285714285714 0.17777777777777778 0.01038961038961039 0.03333333333333333
2 0.4844155844155844 0.18571428571428572 0.006493506493506494 0.03333333333333333
2 0.4844155844155844 0.15555555555555556 0.006493506493506494 0.026984126984126985
2 0.4896103896103896 0.15079365079365079 0.005194805194805195 0.025396825396825397
2 0.4961038961038961 0.20317460317460317 0.01038961038961039 0.03650793650793651
2 0.6168831168831169 0.4015873015873016 0.01948051948051948 0.08095238095238096