2 0.6454545454545455 0.9444444444444444 0.04285714285714286 0.1111111111111111
2 0.6 0.8317460317460318 0.04285714285714286 0.15714285714285714
2 0.712987012987013 0.7238095238095238 0.02857142857142857 0.12698412698412698
2 0.6779220779220779 0.6603174603174603 0.02727272727272727 0.10476190476190476
2 0.7285714285714285 0.6761904761904762 0.03506493506493506 0.10793650793650794
2 0.7948051948051948 0.6825396825396826 0.03506493506493506 0.09047619047619047
1 0.8077922077922078 0.8444444444444444 0.16753246753246753 0.30952380952380953
2 0.8532467532467533 0.7857142857142857 0.03116883116883117 0.07777777777777778
2 0.9675324675324676 0.6079365079365079 0.03116883116883117 0.10158730158730159
2 0.8766233766233766 0.8952380952380953 0.046753246753246755 0.14285714285714285
2 0.9818181818181818 0.9952380952380953 0.02207792207792208 0.009523809523809525
2 0.6805194805194805 0.5936507936507937 0.02987012987012987 0.08571428571428572
2 0.5571428571428572 0.5079365079365079 0.02727272727272727 0.07936507936507936
1 0.5415584415584416 0.6587301587301587 0.07662337662337662 0.23015873015873015
2 0.5597402597402598 0.5428571428571428 0.02207792207792208 0.03015873015873016
2 0.5597402597402598 0.5158730158730159 0.02207792207792208 0.05238095238095238
2 0.5584415584415584 0.4507936507936508 0.01948051948051948 0.05238095238095238
1 0.6025974025974026 0.4888888888888889 0.06103896103896104 0.1111111111111111
1 0.5727272727272728 0.4111111111111111 0.048051948051948054 0.0873015873015873
2 0.5753246753246753 0.4396825396825397 0.01038961038961039 0.03333333333333333
2 0.6012987012987013 0.4222222222222222 0.016883116883116882 0.01904761904761905
2 0.625974025974026 0.45555555555555555 0.01818181818181818 0.06507936507936508
2 0.5441558441558442 0.3825396825396825 0.016883116883116882 0.06666666666666667
2 0.6155844155844156 0.4095238095238095 0.015584415584415584 0.05238095238095238
2 0.625974025974026 0.4222222222222222 0.01818181818181818 0.03650793650793651
2 0.474025974025974 0.2571428571428571 0.01818181818181818 0.046031746031746035
1 0.4688311688311688 0.20317460317460317 0.01948051948051948 0.03968253968253968
2 0.4766233766233766 0.17777777777777778 0.01038961038961039 0.025396825396825397
1 0.4766233766233766 0.2253968253968254 0.033766233766233764 0.05555555555555555
2 0.4883116883116883 0.18412698412698414 0.015584415584415584 0.02857142857142857
2 0.4857142857142857 0.1349206349206349 0.011688311688311689 0.023809523809523808
1 0.4688311688311688 0.12222222222222222 0.011688311688311689 0.025396825396825397
2 0.4844155844155844 0.1111111111111111 0.00909090909090909 0.014285714285714285
1 0.5 0.2015873015873016 0.02077922077922078 0.03333333333333333
1 0.4987012987012987 0.17936507936507937 0.016883116883116882 0.01746031746031746
1 0.4961038961038961 0.1619047619047619 0.01818181818181818 0.022222222222222223
2 0.4922077922077922 0.14126984126984127 0.007792207792207792 0.022222222222222223
2 0.4948051948051948 0.1253968253968254 0.01038961038961039 0.014285714285714285
2 0.4922077922077922 0.10793650793650794 0.007792207792207792 0.014285714285714285
2 0.509090909090909 0.15079365079365079 0.01038961038961039 0.025396825396825397
2 0.5051948051948052 0.12857142857142856 0.007792207792207792 0.023809523809523808
2 0.4987012987012987 0.10952380952380952 0.007792207792207792 0.01746031746031746
2 0.5038961038961038 0.1111111111111111 0.005194805194805195 0.014285714285714285
1 0.5155844155844156 0.2492063492063492 0.02727272727272727 0.03968253968253968
2 0.5142857142857142 0.21904761904761905 0.01038961038961039 0.022222222222222223
2 0.5142857142857142 0.1873015873015873 0.00909090909090909 0.014285714285714285
2 0.5155844155844156 0.16507936507936508 0.006493506493506494 0.025396825396825397
1 0.4922077922077922 0.2904761904761905 0.03116883116883117 0.047619047619047616
2 0.5116883116883116 0.2746031746031746 0.011688311688311689 0.03492063492063492
2 0.5285714285714286 0.23809523809523808 0.01038961038961039 0.031746031746031744
2 0.535064935064935 0.24126984126984127 0.00909090909090909 0.025396825396825397
2 0.5376623376623376 0.20317460317460317 0.012987012987012988 0.031746031746031744
2 0.5311688311688312 0.18571428571428572 0.01038961038961039 0.023809523809523808
1 0.5441558441558442 0.3047619047619048 0.03116883116883117 0.03492063492063492
2 0.5506493506493506 0.2746031746031746 0.014285714285714285 0.020634920634920634
1 0.5298701298701298 0.2920634920634921 0.03116883116883117 0.047619047619047616
2 0.5467532467532468 0.2571428571428571 0.011688311688311689 0.022222222222222223
2 0.5506493506493506 0.23333333333333334 0.015584415584415584 0.02857142857142857
1 0.548051948051948 0.346031746031746 0.04415584415584416 0.0746031746031746
2 0.564935064935065 0.30952380952380953 0.016883116883116882 0.049206349206349205
2 0.5857142857142857 0.326984126984127 0.02207792207792208 0.0761904761904762
1 0.6207792207792208 0.35079365079365077 0.048051948051948054 0.1
2 0.6 0.3126984126984127 0.00909090909090909 0.031746031746031744
2 0.5662337662337662 0.28095238095238095 0.01948051948051948 0.020634920634920634
2 0.5987012987012987 0.28888888888888886 0.012987012987012988 0.01904761904761905
2 0.5584415584415584 0.25873015873015875 0.01038961038961039 0.022222222222222223
2 0.5688311688311688 0.26031746031746034 0.011688311688311689 0.025396825396825397
2 0.5805194805194805 0.2571428571428571 0.01038961038961039 0.020634920634920634
2 0.5935064935064935 0.2714285714285714 0.011688311688311689 0.025396825396825397
1 0.487012987012987 0.2650793650793651 0.02727272727272727 0.023809523809523808
1 0.4974025974025974 0.32857142857142857 0.03506493506493506 0.06666666666666667
1 0.5051948051948052 0.35873015873015873 0.033766233766233764 0.06825396825396825
1 0.5155844155844156 0.40793650793650793 0.045454545454545456 0.08095238095238096
1 0.512987012987013 0.46984126984126984 0.05194805194805195 0.11746031746031746
1 0.5662337662337662 0.9142857142857143 0.11428571428571428 0.17142857142857143
1 0.6649350649350649 0.7777777777777778 0.1025974025974026 0.2253968253968254
1 0.6623376623376623 0.4857142857142857 0.06883116883116883 0.15396825396825398
1 0.6155844155844156 0.5825396825396826 0.07142857142857142 0.1523809523809524