2 0.6350649350649351 0.9428571428571428 0.04415584415584416 0.11428571428571428
2 0.8 0.9317460317460318 0.045454545454545456 0.1365079365079365
2 0.9116883116883117 0.926984126984127 0.05584415584415584 0.14444444444444443
2 0.8220779220779221 0.7412698412698413 0.033766233766233764 0.11428571428571428
2 0.7090909090909091 0.7174603174603175 0.033766233766233764 0.07777777777777778
2 0.7662337662337663 0.6476190476190476 0.04025974025974026 0.06984126984126984
2 0.6987012987012987 0.6317460317460317 0.03766233766233766 0.09841269841269841
2 0.7259740259740259 0.5777777777777777 0.03116883116883117 0.09206349206349207
2 0.7 0.5777777777777777 0.02857142857142857 0.08571428571428572
2 0.6558441558441559 0.5825396825396826 0.03766233766233766 0.09841269841269841
2 0.5714285714285714 0.6079365079365079 0.02987012987012987 0.0873015873015873
2 0.5766233766233766 0.5587301587301587 0.033766233766233764 0.09206349206349207
2 0.6584415584415585 0.5190476190476191 0.02987012987012987 0.10158730158730159
2 0.6883116883116883 0.5095238095238095 0.024675324675324677 0.09206349206349207
2 0.6714285714285714 0.4666666666666667 0.023376623376623377 0.08095238095238096
2 0.6454545454545455 0.4380952380952381 0.023376623376623377 0.08412698412698413
2 0.6194805194805195 0.42857142857142855 0.02207792207792208 0.06825396825396825
2 0.6246753246753247 0.3952380952380952 0.02077922077922078 0.0761904761904762
2 0.5961038961038961 0.35714285714285715 0.023376623376623377 0.05238095238095238
2 0.5402597402597402 0.37777777777777777 0.023376623376623377 0.06825396825396825
2 0.4974025974025974 0.48412698412698413 0.02207792207792208 0.07301587301587302
2 0.5 0.1761904761904762 0.00909090909090909 0.03968253968253968
2 0.5233766233766234 0.17936507936507937 0.012987012987012988 0.0380952380952381
2 0.4935064935064935 0.12698412698412698 0.01038961038961039 0.023809523809523808
1 0.4831168831168831 0.24603174603174602 0.02987012987012987 0.05714285714285714
1 0.5493506493506494 0.25555555555555554 0.032467532467532464 0.06666666666666667
1 0.5077922077922078 0.42063492063492064 0.048051948051948054 0.1111111111111111
1 0.577922077922078 0.3952380952380952 0.03896103896103896 0.08888888888888889
1 0.6 0.47619047619047616 0.04415584415584416 0.11904761904761904
1 0.6272727272727273 0.6396825396825396 0.04935064935064935 0.16031746031746033
1 0.5363636363636364 0.6682539682539682 0.05974025974025974 0.19523809523809524
1 0.522077922077922 0.5412698412698412 0.04025974025974026 0.10158730158730159
1 0.5545454545454546 0.8873015873015873 0.08961038961038961 0.21904761904761905
1 0.6974025974025974 0.8587301587301587 0.07402597402597402 0.23809523809523808
1 0.7883116883116883 0.773015873015873 0.06493506493506493 0.19682539682539682
1 0.8636363636363636 0.9761904761904762 0.05454545454545454 0.047619047619047616
1 0.4714285714285714 0.1523809523809524 0.014285714285714285 0.03015873015873016
1 0.4896103896103896 0.15555555555555556 0.012987012987012988 0.03492063492063492
1 0.4792207792207792 0.12380952380952381 0.01038961038961039 0.023809523809523808
1 0.4987012987012987 0.10634920634920635 0.012987012987012988 0.020634920634920634