1 0.7480519480519481 0.707936507936508 0.07142857142857142 0.1619047619047619
1 0.6831168831168831 0.7777777777777778 0.08571428571428572 0.2015873015873016
1 0.5662337662337662 0.7698412698412699 0.07272727272727272 0.20952380952380953
1 0.7623376623376623 0.9714285714285714 0.08051948051948052 0.05714285714285714
1 0.6480519480519481 0.6476190476190476 0.048051948051948054 0.10476190476190476
1 0.6974025974025974 0.5920634920634921 0.05454545454545454 0.12380952380952381
1 0.538961038961039 0.5793650793650794 0.06103896103896104 0.12222222222222222
1 0.5194805194805194 0.4888888888888889 0.046753246753246755 0.1126984126984127
1 0.5 0.41904761904761906 0.03506493506493506 0.08571428571428572
1 0.5012987012987012 0.3603174603174603 0.025974025974025976 0.050793650793650794
1 0.4961038961038961 0.3253968253968254 0.024675324675324677 0.0380952380952381
1 0.4857142857142857 0.2904761904761905 0.02207792207792208 0.04126984126984127
1 0.4779220779220779 0.2634920634920635 0.01948051948051948 0.026984126984126985
1 0.4714285714285714 0.23174603174603176 0.01948051948051948 0.03650793650793651
1 0.4831168831168831 0.24444444444444444 0.015584415584415584 0.026984126984126985
1 0.4779220779220779 0.20952380952380953 0.012987012987012988 0.026984126984126985
1 0.4675324675324675 0.19523809523809524 0.011688311688311689 0.020634920634920634
3 0.4675324675324675 0.1619047619047619 0.025974025974025976 0.06984126984126984
3 0.6116883116883117 0.46825396825396826 0.06883116883116883 0.22063492063492063
3 0.5428571428571428 0.30793650793650795 0.01948051948051948 0.07777777777777778
1 0.5558441558441558 0.35873015873015873 0.02077922077922078 0.06984126984126984
1 0.561038961038961 0.4015873015873016 0.016883116883116882 0.07777777777777778
1 0.6064935064935065 0.33650793650793653 0.02727272727272727 0.05555555555555555
1 0.6558441558441559 0.4444444444444444 0.02207792207792208 0.08095238095238096
1 0.5766233766233766 0.2984126984126984 0.02987012987012987 0.05873015873015873
1 0.522077922077922 0.2698412698412698 0.01948051948051948 0.044444444444444446
1 0.5558441558441558 0.25873015873015875 0.016883116883116882 0.04126984126984127
2 0.5246753246753246 0.2253968253968254 0.00909090909090909 0.03492063492063492
2 0.535064935064935 0.23015873015873015 0.007792207792207792 0.031746031746031744
2 0.5402597402597402 0.2507936507936508 0.00909090909090909 0.023809523809523808
1 0.5467532467532468 0.2365079365079365 0.015584415584415584 0.025396825396825397
1 0.5376623376623376 0.2126984126984127 0.014285714285714285 0.01746031746031746
1 0.5324675324675324 0.1984126984126984 0.015584415584415584 0.020634920634920634
1 0.5038961038961038 0.2253968253968254 0.016883116883116882 0.03015873015873016
1 0.5103896103896104 0.25396825396825395 0.014285714285714285 0.0380952380952381
1 0.5012987012987012 0.19365079365079366 0.01038961038961039 0.02857142857142857
1 0.5116883116883116 0.2015873015873016 0.012987012987012988 0.026984126984126985
2 0.4844155844155844 0.19206349206349208 0.00909090909090909 0.03015873015873016
1 0.4961038961038961 0.1761904761904762 0.007792207792207792 0.014285714285714285
1 0.4922077922077922 0.16984126984126985 0.01038961038961039 0.01904761904761905
1 0.4857142857142857 0.15873015873015872 0.01038961038961039 0.022222222222222223
3 0.4896103896103896 0.1349206349206349 0.012987012987012988 0.03968253968253968
1 0.4675324675324675 0.1126984126984127 0.00909090909090909 0.014285714285714285
1 0.4766233766233766 0.10793650793650794 0.007792207792207792 0.01746031746031746
2 0.5025974025974026 0.16825396825396827 0.005194805194805195 0.023809523809523808
2 0.5064935064935064 0.16507936507936508 0.005194805194805195 0.020634920634920634
1 0.5077922077922078 0.15396825396825398 0.011688311688311689 0.014285714285714285
2 0.5103896103896104 0.1746031746031746 0.005194805194805195 0.01904761904761905
1 0.5168831168831168 0.1746031746031746 0.014285714285714285 0.014285714285714285
2 0.9363636363636364 0.9761904761904762 0.02857142857142857 0.046031746031746035
2 0.8779220779220779 0.953968253968254 0.033766233766233764 0.09206349206349207
2 0.8974025974025974 0.9285714285714286 0.02727272727272727 0.11587301587301588
2 0.8311688311688312 0.953968253968254 0.02987012987012987 0.09206349206349207
2 0.8493506493506493 0.873015873015873 0.02857142857142857 0.14126984126984127
2 0.7974025974025974 0.8857142857142857 0.032467532467532464 0.1365079365079365
2 0.8298701298701299 0.7555555555555555 0.02857142857142857 0.1111111111111111
2 0.7558441558441559 0.8142857142857143 0.03766233766233766 0.13174603174603175
2 0.9883116883116884 0.4777777777777778 0.023376623376623377 0.07301587301587302
2 0.8506493506493507 0.45555555555555555 0.025974025974025976 0.09047619047619047
2 0.7935064935064935 0.5523809523809524 0.023376623376623377 0.09841269841269841
2 0.7571428571428571 0.6079365079365079 0.025974025974025976 0.09365079365079365
2 0.6961038961038961 0.4936507936507937 0.015584415584415584 0.07777777777777778
2 0.7142857142857143 0.473015873015873 0.025974025974025976 0.08095238095238096
2 0.7051948051948052 0.5158730158730159 0.01948051948051948 0.07142857142857142
2 0.6597402597402597 0.5158730158730159 0.02077922077922078 0.09523809523809523
2 0.5948051948051948 0.6126984126984127 0.023376623376623377 0.0761904761904762
2 0.6 0.6682539682539682 0.01818181818181818 0.10793650793650794
2 0.6168831168831169 0.734920634920635 0.02077922077922078 0.13968253968253969
2 0.5675324675324676 0.5285714285714286 0.015584415584415584 0.0746031746031746
2 0.561038961038961 0.48253968253968255 0.01818181818181818 0.07936507936507936
2 0.4753246753246753 0.3238095238095238 0.012987012987012988 0.05396825396825397
2 0.4597402597402597 0.2253968253968254 0.00909090909090909 0.0380952380952381
2 0.5168831168831168 0.22380952380952382 0.005194805194805195 0.023809523809523808
2 0.5805194805194805 0.26031746031746034 0.00909090909090909 0.031746031746031744
2 0.574025974025974 0.24603174603174602 0.006493506493506494 0.03015873015873016
2 0.564935064935065 0.2365079365079365 0.006493506493506494 0.03650793650793651
2 0.5545454545454546 0.2222222222222222 0.005194805194805195 0.03015873015873016
2 0.5597402597402598 0.22857142857142856 0.006493506493506494 0.026984126984126985
2 0.5441558441558442 0.21904761904761905 0.006493506493506494 0.012698412698412698
2 0.5493506493506494 0.2126984126984127 0.006493506493506494 0.023809523809523808
2 0.5454545454545454 0.19682539682539682 0.005194805194805195 0.023809523809523808
2 0.522077922077922 0.18888888888888888 0.005194805194805195 0.026984126984126985
2 0.522077922077922 0.16507936507936508 0.006493506493506494 0.020634920634920634
2 0.5064935064935064 0.13968253968253969 0.006493506493506494 0.022222222222222223
2 0.509090909090909 0.13968253968253969 0.005194805194805195 0.01904761904761905
2 0.5038961038961038 0.12698412698412698 0.003896103896103896 0.01904761904761905
2 0.4974025974025974 0.10793650793650794 0.005194805194805195 0.01746031746031746
2 0.5038961038961038 0.10476190476190476 0.003896103896103896 0.01904761904761905
2 0.5181818181818182 0.15873015873015872 0.005194805194805195 0.020634920634920634
2 0.6493506493506493 0.9031746031746032 0.04155844155844156 0.18095238095238095
2 0.6779220779220779 0.9587301587301588 0.04155844155844156 0.08253968253968254
2 0.5285714285714286 0.9222222222222223 0.046753246753246755 0.15555555555555556