1 0.5324675324675324 0.638095238095238 0.05844155844155844 0.17142857142857143
1 0.509090909090909 0.43333333333333335 0.03636363636363636 0.1126984126984127
1 0.5909090909090909 0.47619047619047616 0.046753246753246755 0.10317460317460317
1 0.564935064935065 0.3761904761904762 0.03506493506493506 0.0873015873015873
1 0.4974025974025974 0.23809523809523808 0.033766233766233764 0.044444444444444446
1 0.4883116883116883 0.2 0.015584415584415584 0.023809523809523808
3 0.4883116883116883 0.09365079365079365 0.01038961038961039 0.026984126984126985
1 0.638961038961039 0.5920634920634921 0.05844155844155844 0.15873015873015872
1 0.6922077922077922 0.7904761904761904 0.07532467532467532 0.22698412698412698
1 0.5662337662337662 0.8809523809523809 0.07532467532467532 0.2365079365079365
2 0.6337662337662338 0.9206349206349206 0.03636363636363636 0.1492063492063492
2 0.6233766233766234 0.8126984126984127 0.02987012987012987 0.11587301587301588
2 0.6233766233766234 0.7158730158730159 0.03116883116883117 0.10793650793650794
2 0.5974025974025974 0.6873015873015873 0.02857142857142857 0.11746031746031746
2 0.5805194805194805 0.7333333333333333 0.02857142857142857 0.0873015873015873
2 0.9116883116883117 0.9015873015873016 0.03506493506493506 0.13015873015873017
2 0.8779220779220779 0.953968253968254 0.046753246753246755 0.09206349206349207
2 0.8805194805194805 0.919047619047619 0.03636363636363636 0.11428571428571428
2 0.9298701298701298 0.973015873015873 0.03636363636363636 0.05396825396825397
2 0.8480519480519481 0.9682539682539683 0.02857142857142857 0.06349206349206349
2 0.7779220779220779 0.9523809523809523 0.03636363636363636 0.09523809523809523
2 0.8155844155844156 0.9396825396825397 0.02857142857142857 0.11904761904761904
2 0.8311688311688312 0.8682539682539683 0.03116883116883117 0.12222222222222222
2 0.7753246753246753 0.8539682539682539 0.025974025974025976 0.11746031746031746
2 0.7961038961038961 0.8047619047619048 0.03116883116883117 0.12380952380952381
2 0.7519480519480519 0.7428571428571429 0.023376623376623377 0.11746031746031746
2 0.7831168831168831 0.6952380952380952 0.02727272727272727 0.10634920634920635
2 0.7168831168831169 0.7111111111111111 0.01948051948051948 0.11587301587301588
2 0.7532467532467533 0.6253968253968254 0.02207792207792208 0.10793650793650794
2 0.7389610389610389 0.6761904761904762 0.025974025974025976 0.10317460317460317
2 0.7116883116883117 0.6396825396825396 0.02077922077922078 0.08412698412698413
2 0.6909090909090909 0.6047619047619047 0.016883116883116882 0.10317460317460317
2 0.7116883116883117 0.5666666666666667 0.02207792207792208 0.1
2 0.6727272727272727 0.5317460317460317 0.02077922077922078 0.09047619047619047
2 0.6532467532467533 0.48253968253968255 0.01948051948051948 0.07142857142857142
2 0.6363636363636364 0.4301587301587302 0.015584415584415584 0.07301587301587302
2 0.6415584415584416 0.4 0.015584415584415584 0.05873015873015873
2 0.6272727272727273 0.35714285714285715 0.01818181818181818 0.06349206349206349
2 0.6012987012987013 0.35555555555555557 0.016883116883116882 0.06825396825396825
2 0.6025974025974026 0.3111111111111111 0.012987012987012988 0.050793650793650794
2 0.5805194805194805 0.3111111111111111 0.012987012987012988 0.050793650793650794
2 0.522077922077922 0.3349206349206349 0.015584415584415584 0.06349206349206349
2 0.5428571428571428 0.31587301587301586 0.012987012987012988 0.05238095238095238
2 0.5142857142857142 0.2904761904761905 0.011688311688311689 0.047619047619047616
2 0.5168831168831168 0.26031746031746034 0.00909090909090909 0.03015873015873016
2 0.5532467532467532 0.2777777777777778 0.01038961038961039 0.049206349206349205
2 0.5766233766233766 0.2714285714285714 0.011688311688311689 0.04126984126984127
2 0.5194805194805194 0.19682539682539682 0.00909090909090909 0.03015873015873016
2 0.5051948051948052 0.1873015873015873 0.00909090909090909 0.02857142857142857
2 0.4987012987012987 0.17936507936507937 0.00909090909090909 0.031746031746031744
2 0.5025974025974026 0.15873015873015872 0.007792207792207792 0.025396825396825397
2 0.4792207792207792 0.15396825396825398 0.007792207792207792 0.026984126984126985
2 0.487012987012987 0.15873015873015872 0.007792207792207792 0.02857142857142857
2 0.5064935064935064 0.14126984126984127 0.006493506493506494 0.026984126984126985
2 0.4623376623376623 0.11746031746031746 0.006493506493506494 0.026984126984126985
2 0.4818181818181818 0.12222222222222222 0.005194805194805195 0.023809523809523808
2 0.4909090909090909 0.12380952380952381 0.005194805194805195 0.01904761904761905
2 0.4935064935064935 0.11587301587301588 0.005194805194805195 0.01746031746031746
2 0.5038961038961038 0.11904761904761904 0.005194805194805195 0.01904761904761905
2 0.4987012987012987 0.1111111111111111 0.003896103896103896 0.01746031746031746
2 0.5012987012987012 0.10634920634920635 0.003896103896103896 0.015873015873015872
2 0.5051948051948052 0.10158730158730159 0.003896103896103896 0.015873015873015872
2 0.5441558441558442 0.4380952380952381 0.01948051948051948 0.07777777777777778
2 0.5012987012987012 0.5523809523809524 0.02077922077922078 0.1
2 0.5701298701298702 0.5777777777777777 0.02207792207792208 0.10317460317460317