1 0.6025974025974026 0.9317460317460318 0.08831168831168831 0.1365079365079365
1 0.5662337662337662 0.7777777777777778 0.07402597402597402 0.18253968253968253
1 0.687012987012987 0.7301587301587301 0.07792207792207792 0.18888888888888888
1 0.6298701298701299 0.5365079365079365 0.0987012987012987 0.17936507936507937
1 0.512987012987013 0.5190476190476191 0.05194805194805195 0.1365079365079365
1 0.5532467532467532 0.43174603174603177 0.05844155844155844 0.10634920634920635
1 0.5142857142857142 0.353968253968254 0.03636363636363636 0.09206349206349207
1 0.5467532467532468 0.28888888888888886 0.02727272727272727 0.06349206349206349
1 0.535064935064935 0.25555555555555554 0.033766233766233764 0.044444444444444446
1 0.4649350649350649 0.12857142857142856 0.014285714285714285 0.023809523809523808
1 0.4688311688311688 0.11746031746031746 0.014285714285714285 0.01904761904761905
2 0.4701298701298701 0.2507936507936508 0.01948051948051948 0.03968253968253968
2 0.4753246753246753 0.22857142857142856 0.01818181818181818 0.03333333333333333
2 0.4688311688311688 0.19682539682539682 0.016883116883116882 0.03650793650793651
2 0.4701298701298701 0.173015873015873 0.011688311688311689 0.025396825396825397
2 0.4818181818181818 0.15714285714285714 0.011688311688311689 0.025396825396825397
2 0.4844155844155844 0.11746031746031746 0.007792207792207792 0.01746031746031746
2 0.4961038961038961 0.13174603174603175 0.01038961038961039 0.01746031746031746
2 0.4922077922077922 0.1126984126984127 0.01038961038961039 0.01904761904761905
1 0.5012987012987012 0.09682539682539683 0.014285714285714285 0.025396825396825397
2 0.5051948051948052 0.17142857142857143 0.012987012987012988 0.02857142857142857
2 0.5025974025974026 0.1365079365079365 0.007792207792207792 0.01746031746031746
2 0.4961038961038961 0.2396825396825397 0.012987012987012988 0.0380952380952381
2 0.4987012987012987 0.21428571428571427 0.012987012987012988 0.025396825396825397
2 0.5077922077922078 0.19682539682539682 0.01038961038961039 0.03015873015873016
2 0.5 0.18253968253968253 0.01038961038961039 0.026984126984126985
2 0.5142857142857142 0.18412698412698414 0.01038961038961039 0.01904761904761905
2 0.5181818181818182 0.1761904761904762 0.007792207792207792 0.01746031746031746
2 0.5155844155844156 0.16031746031746033 0.00909090909090909 0.022222222222222223
2 0.5233766233766234 0.17777777777777778 0.006493506493506494 0.022222222222222223
2 0.5311688311688312 0.19047619047619047 0.011688311688311689 0.022222222222222223
2 0.5298701298701298 0.18571428571428572 0.007792207792207792 0.015873015873015872
2 0.5311688311688312 0.21904761904761905 0.00909090909090909 0.014285714285714285
2 0.538961038961039 0.2111111111111111 0.016883116883116882 0.01746031746031746
2 0.5506493506493506 0.24126984126984127 0.012987012987012988 0.026984126984126985
2 0.5493506493506494 0.21428571428571427 0.012987012987012988 0.025396825396825397
2 0.5662337662337662 0.25555555555555554 0.012987012987012988 0.03968253968253968
2 0.5805194805194805 0.273015873015873 0.012987012987012988 0.0380952380952381
2 0.5961038961038961 0.3238095238095238 0.016883116883116882 0.05238095238095238
2 0.6038961038961039 0.42857142857142855 0.012987012987012988 0.03492063492063492
2 0.6181818181818182 0.40793650793650793 0.015584415584415584 0.05714285714285714
2 0.6142857142857143 0.3746031746031746 0.01948051948051948 0.044444444444444446
2 0.6220779220779221 0.36507936507936506 0.02077922077922078 0.05396825396825397
2 0.625974025974026 0.42857142857142855 0.016883116883116882 0.03333333333333333
2 0.6285714285714286 0.4126984126984127 0.016883116883116882 0.03492063492063492
2 0.6376623376623377 0.45714285714285713 0.02077922077922078 0.0380952380952381
2 0.6532467532467533 0.42857142857142855 0.011688311688311689 0.047619047619047616
2 0.6636363636363637 0.4253968253968254 0.016883116883116882 0.050793650793650794
2 0.6623376623376623 0.5142857142857142 0.02207792207792208 0.06190476190476191
2 0.6610389610389611 0.48095238095238096 0.023376623376623377 0.05714285714285714
2 0.6714285714285714 0.4888888888888889 0.016883116883116882 0.05873015873015873
2 0.6753246753246753 0.4746031746031746 0.01818181818181818 0.06666666666666667
2 0.674025974025974 0.5555555555555556 0.02727272727272727 0.08571428571428572
2 0.6974025974025974 0.5142857142857142 0.023376623376623377 0.08888888888888889
2 0.6909090909090909 0.5904761904761905 0.025974025974025976 0.08412698412698413
2 0.7181818181818181 0.580952380952381 0.033766233766233764 0.07777777777777778
2 0.7207792207792207 0.638095238095238 0.025974025974025976 0.09206349206349207
2 0.7337662337662337 0.7 0.02857142857142857 0.12857142857142856
2 0.7896103896103897 0.7682539682539683 0.06493506493506493 0.17777777777777778
2 0.7701298701298701 0.6825396825396826 0.01948051948051948 0.08888888888888889
2 0.8428571428571429 0.7412698412698413 0.045454545454545456 0.1365079365079365
2 0.7740259740259741 0.8253968253968254 0.033766233766233764 0.09365079365079365
2 0.8376623376623377 0.7825396825396825 0.033766233766233764 0.10476190476190476
2 0.8454545454545455 0.8523809523809524 0.023376623376623377 0.1349206349206349
2 0.8246753246753247 0.919047619047619 0.04025974025974026 0.15873015873015872
2 0.7298701298701299 0.9079365079365079 0.02987012987012987 0.15555555555555556
2 0.7 0.9650793650793651 0.023376623376623377 0.06984126984126984
2 0.7610389610389611 0.9761904761904762 0.032467532467532464 0.047619047619047616
2 0.6727272727272727 0.9063492063492063 0.032467532467532464 0.14126984126984127
2 0.6506493506493507 0.8317460317460318 0.024675324675324677 0.1365079365079365
2 0.6376623376623377 0.7603174603174603 0.02987012987012987 0.12698412698412698
2 0.6064935064935065 0.7142857142857143 0.03896103896103896 0.1126984126984127
2 0.5623376623376624 0.6492063492063492 0.03896103896103896 0.05873015873015873
2 0.5363636363636364 0.5952380952380952 0.02077922077922078 0.06666666666666667
2 0.561038961038961 0.5253968253968254 0.033766233766233764 0.09841269841269841
2 0.6090909090909091 0.5904761904761905 0.00909090909090909 0.022222222222222223
2 0.6285714285714286 0.6317460317460317 0.03766233766233766 0.1
2 0.5064935064935064 0.6158730158730159 0.03506493506493506 0.1
2 0.5038961038961038 0.7222222222222222 0.03116883116883117 0.12380952380952381
2 0.5038961038961038 0.7158730158730159 0.03636363636363636 0.10793650793650794
2 0.9051948051948052 0.8634920634920635 0.02987012987012987 0.10634920634920635
2 0.9584415584415584 0.9666666666666667 0.046753246753246755 0.06666666666666667
2 0.8896103896103896 0.9571428571428572 0.03896103896103896 0.08571428571428572