1 0.574025974025974 0.8492063492063492 0.12337662337662338 0.29523809523809524
1 0.5844155844155844 0.45714285714285713 0.05844155844155844 0.09365079365079365
1 0.5038961038961038 0.4174603174603175 0.04155844155844156 0.10476190476190476
1 0.5506493506493506 0.3380952380952381 0.025974025974025976 0.07142857142857142
1 0.5792207792207792 0.2857142857142857 0.03636363636363636 0.06666666666666667
1 0.5272727272727272 0.273015873015873 0.032467532467532464 0.06031746031746032
1 0.5155844155844156 0.23492063492063492 0.024675324675324677 0.050793650793650794
1 0.4753246753246753 0.23015873015873015 0.023376623376623377 0.05396825396825397
0 0.487012987012987 0.2761904761904762 0.03506493506493506 0.06984126984126984
3 0.5025974025974026 0.1619047619047619 0.012987012987012988 0.044444444444444446
1 0.5142857142857142 0.1984126984126984 0.012987012987012988 0.03333333333333333
1 0.4688311688311688 0.19682539682539682 0.014285714285714285 0.031746031746031744
1 0.4675324675324675 0.16507936507936508 0.015584415584415584 0.04285714285714286
1 0.487012987012987 0.1523809523809524 0.015584415584415584 0.031746031746031744
1 0.4883116883116883 0.13333333333333333 0.012987012987012988 0.012698412698412698
1 0.4844155844155844 0.12857142857142856 0.006493506493506494 0.01904761904761905
1 0.487012987012987 0.1111111111111111 0.012987012987012988 0.014285714285714285
1 0.4662337662337662 0.1365079365079365 0.007792207792207792 0.020634920634920634
1 0.4662337662337662 0.11904761904761904 0.007792207792207792 0.01904761904761905
1 0.4636363636363636 0.13333333333333333 0.014285714285714285 0.023809523809523808
1 0.4987012987012987 0.11428571428571428 0.007792207792207792 0.01746031746031746
1 0.5038961038961038 0.10793650793650794 0.00909090909090909 0.01746031746031746
1 0.5077922077922078 0.1 0.01038961038961039 0.01904761904761905
2 0.7285714285714285 0.9412698412698413 0.03116883116883117 0.11587301587301588
2 0.8597402597402597 0.9349206349206349 0.046753246753246755 0.12063492063492064
2 0.935064935064935 0.9492063492063492 0.04415584415584416 0.08095238095238096
2 0.7454545454545455 0.8571428571428571 0.03636363636363636 0.1111111111111111
2 0.6571428571428571 0.8317460317460318 0.02727272727272727 0.12063492063492064
2 0.6948051948051948 0.8 0.025974025974025976 0.1126984126984127
2 0.7441558441558441 0.753968253968254 0.02727272727272727 0.1126984126984127
2 0.7909090909090909 0.7888888888888889 0.03896103896103896 0.1634920634920635
2 0.8402597402597403 0.7904761904761904 0.04025974025974026 0.12222222222222222
2 0.7636363636363637 0.6492063492063492 0.02857142857142857 0.09047619047619047
2 0.7376623376623377 0.6698412698412698 0.02077922077922078 0.09047619047619047
2 0.6896103896103896 0.6634920634920635 0.02727272727272727 0.09682539682539683
2 0.6428571428571429 0.7 0.02857142857142857 0.10158730158730159
2 0.6077922077922078 0.7031746031746032 0.045454545454545456 0.12222222222222222
2 0.6025974025974026 0.626984126984127 0.01948051948051948 0.10317460317460317
2 0.6363636363636364 0.6253968253968254 0.02207792207792208 0.06666666666666667
2 0.6532467532467533 0.6047619047619047 0.025974025974025976 0.07142857142857142
2 0.6766233766233766 0.5682539682539682 0.02987012987012987 0.05396825396825397
2 0.7116883116883117 0.5952380952380952 0.025974025974025976 0.06349206349206349
2 0.7194805194805195 0.5603174603174603 0.033766233766233764 0.08095238095238096
2 0.6415584415584416 0.5285714285714286 0.024675324675324677 0.07936507936507936
2 0.5116883116883116 0.5904761904761905 0.024675324675324677 0.09206349206349207
2 0.5441558441558442 0.5174603174603175 0.02857142857142857 0.08571428571428572
2 0.5051948051948052 0.5142857142857142 0.025974025974025976 0.06666666666666667
2 0.687012987012987 0.4873015873015873 0.023376623376623377 0.06984126984126984
2 0.6532467532467533 0.49047619047619045 0.01948051948051948 0.06666666666666667
2 0.6337662337662338 0.4650793650793651 0.023376623376623377 0.07936507936507936
2 0.6558441558441559 0.4492063492063492 0.01948051948051948 0.0746031746031746
2 0.6584415584415585 0.4095238095238095 0.02207792207792208 0.04126984126984127
2 0.6324675324675325 0.41904761904761906 0.01948051948051948 0.050793650793650794
2 0.6103896103896104 0.3873015873015873 0.014285714285714285 0.07142857142857142
2 0.6350649350649351 0.3873015873015873 0.02077922077922078 0.05873015873015873
2 0.5935064935064935 0.3873015873015873 0.02207792207792208 0.046031746031746035
2 0.5467532467532468 0.4031746031746032 0.016883116883116882 0.05714285714285714
2 0.561038961038961 0.3825396825396825 0.011688311688311689 0.06349206349206349
2 0.6077922077922078 0.3492063492063492 0.01948051948051948 0.047619047619047616
2 0.5935064935064935 0.35873015873015873 0.012987012987012988 0.05396825396825397
2 0.577922077922078 0.34444444444444444 0.01948051948051948 0.06190476190476191
2 0.5116883116883116 0.353968253968254 0.016883116883116882 0.02857142857142857
2 0.4818181818181818 0.36666666666666664 0.011688311688311689 0.047619047619047616
2 0.5064935064935064 0.33650793650793653 0.024675324675324677 0.05714285714285714
2 0.5506493506493506 0.2841269841269841 0.015584415584415584 0.05396825396825397
2 0.5571428571428572 0.2523809523809524 0.014285714285714285 0.044444444444444446
2 0.548051948051948 0.23492063492063492 0.016883116883116882 0.03015873015873016
2 0.5363636363636364 0.2222222222222222 0.012987012987012988 0.025396825396825397
2 0.5012987012987012 0.23809523809523808 0.01948051948051948 0.031746031746031744
2 0.4948051948051948 0.21428571428571427 0.012987012987012988 0.03333333333333333
2 0.4961038961038961 0.19365079365079366 0.015584415584415584 0.025396825396825397
2 0.4844155844155844 0.18412698412698414 0.007792207792207792 0.044444444444444446
2 0.5 0.13174603174603175 0.005194805194805195 0.009523809523809525
2 0.5051948051948052 0.12698412698412698 0.003896103896103896 0.004761904761904762
2 0.509090909090909 0.1349206349206349 0.003896103896103896 0.0015873015873015873
2 0.525974025974026 0.18253968253968253 0.007792207792207792 0.03333333333333333
2 0.512987012987013 0.173015873015873 0.007792207792207792 0.020634920634920634
2 0.5207792207792208 0.15714285714285714 0.011688311688311689 0.022222222222222223