1 0.5792207792207792 0.9079365079365079 0.11948051948051948 0.18412698412698414
1 0.7103896103896103 0.8317460317460318 0.11168831168831168 0.21587301587301588
2 0.6350649350649351 0.7253968253968254 0.04285714285714286 0.15079365079365079
2 0.8506493506493507 0.9444444444444444 0.06233766233766234 0.1111111111111111
2 0.8519480519480519 0.8825396825396825 0.05064935064935065 0.16507936507936508
2 0.8324675324675325 0.7968253968253968 0.05974025974025974 0.13333333333333333
2 0.7805194805194805 0.8015873015873016 0.04415584415584416 0.14126984126984127
2 0.7727272727272727 0.7126984126984127 0.048051948051948054 0.10793650793650794
2 0.7142857142857143 0.6365079365079365 0.033766233766233764 0.14126984126984127
2 0.7441558441558441 0.6031746031746031 0.02987012987012987 0.10793650793650794
2 0.7077922077922078 0.5238095238095238 0.02987012987012987 0.08888888888888889
2 0.6805194805194805 0.45714285714285713 0.025974025974025976 0.0761904761904762
2 0.4948051948051948 0.48253968253968255 0.01948051948051948 0.09365079365079365
2 0.5662337662337662 0.5126984126984127 0.024675324675324677 0.09047619047619047
2 0.5168831168831168 0.46190476190476193 0.02207792207792208 0.0761904761904762
2 0.5402597402597402 0.4793650793650794 0.01948051948051948 0.0746031746031746
2 0.5792207792207792 0.48095238095238096 0.02727272727272727 0.08888888888888889
2 0.612987012987013 0.4857142857142857 0.01818181818181818 0.05396825396825397
2 0.5467532467532468 0.44285714285714284 0.024675324675324677 0.06031746031746032
2 0.6493506493506493 0.4142857142857143 0.02207792207792208 0.047619047619047616
2 0.6246753246753247 0.3968253968253968 0.016883116883116882 0.07301587301587302
2 0.6415584415584416 0.38412698412698415 0.016883116883116882 0.05555555555555555
2 0.6285714285714286 0.35079365079365077 0.016883116883116882 0.05555555555555555
2 0.6090909090909091 0.35714285714285715 0.01948051948051948 0.050793650793650794
2 0.5272727272727272 0.3412698412698413 0.02077922077922078 0.050793650793650794
2 0.5896103896103896 0.33174603174603173 0.01818181818181818 0.046031746031746035
2 0.6077922077922078 0.32063492063492066 0.016883116883116882 0.03968253968253968
2 0.5272727272727272 0.30952380952380953 0.016883116883116882 0.03492063492063492
2 0.5805194805194805 0.3126984126984127 0.012987012987012988 0.044444444444444446
2 0.5896103896103896 0.29365079365079366 0.014285714285714285 0.04126984126984127
2 0.5857142857142857 0.2714285714285714 0.014285714285714285 0.02857142857142857
2 0.5402597402597402 0.28095238095238095 0.011688311688311689 0.049206349206349205
2 0.564935064935065 0.2904761904761905 0.012987012987012988 0.03492063492063492
2 0.525974025974026 0.2761904761904762 0.011688311688311689 0.0380952380952381
2 0.5636363636363636 0.2698412698412698 0.00909090909090909 0.03492063492063492
2 0.5727272727272728 0.26031746031746034 0.014285714285714285 0.046031746031746035
2 0.5155844155844156 0.26825396825396824 0.012987012987012988 0.046031746031746035
2 0.551948051948052 0.26031746031746034 0.014285714285714285 0.049206349206349205
2 0.5558441558441558 0.23809523809523808 0.011688311688311689 0.031746031746031744
2 0.522077922077922 0.25396825396825395 0.00909090909090909 0.03650793650793651
2 0.5246753246753246 0.23809523809523808 0.00909090909090909 0.031746031746031744
2 0.535064935064935 0.23333333333333334 0.00909090909090909 0.03650793650793651
2 0.5428571428571428 0.2222222222222222 0.00909090909090909 0.03968253968253968
2 0.4974025974025974 0.18412698412698414 0.011688311688311689 0.03333333333333333
2 0.5246753246753246 0.21904761904761905 0.00909090909090909 0.026984126984126985
2 0.5194805194805194 0.20317460317460317 0.00909090909090909 0.03492063492063492
2 0.5155844155844156 0.1873015873015873 0.00909090909090909 0.02857142857142857
2 0.525974025974026 0.1873015873015873 0.01038961038961039 0.03015873015873016
2 0.5324675324675324 0.2015873015873016 0.00909090909090909 0.03333333333333333
2 0.5116883116883116 0.15555555555555556 0.007792207792207792 0.026984126984126985
2 0.4831168831168831 0.14761904761904762 0.007792207792207792 0.026984126984126985
2 0.4727272727272727 0.14603174603174604 0.00909090909090909 0.02857142857142857
2 0.5051948051948052 0.1380952380952381 0.007792207792207792 0.022222222222222223
2 0.5025974025974026 0.12380952380952381 0.005194805194805195 0.01904761904761905
2 0.4974025974025974 0.11428571428571428 0.006493506493506494 0.020634920634920634
2 0.5038961038961038 0.10952380952380952 0.005194805194805195 0.01746031746031746
2 0.4987012987012987 0.09206349206349207 0.005194805194805195 0.015873015873015872
3 0.5103896103896104 0.09047619047619047 0.016883116883116882 0.026984126984126985
1 0.4909090909090909 0.09682539682539683 0.012987012987012988 0.022222222222222223
1 0.4766233766233766 0.10476190476190476 0.015584415584415584 0.020634920634920634
1 0.4961038961038961 0.15079365079365079 0.016883116883116882 0.031746031746031744
1 0.4896103896103896 0.2761904761904762 0.033766233766233764 0.06984126984126984
1 0.512987012987013 0.373015873015873 0.048051948051948054 0.09841269841269841
1 0.5597402597402598 0.33650793650793653 0.03636363636363636 0.08253968253968254
1 0.5935064935064935 0.3952380952380952 0.04935064935064935 0.09523809523809523
1 0.6571428571428571 0.49206349206349204 0.06493506493506493 0.1253968253968254
1 0.6311688311688312 0.580952380952381 0.08571428571428572 0.1619047619047619
1 0.5207792207792208 0.5492063492063493 0.05714285714285714 0.12698412698412698
1 0.5753246753246753 0.707936507936508 0.08701298701298701 0.2015873015873016