1 0.6220779220779221 0.6095238095238096 0.08441558441558442 0.20476190476190476
1 0.4909090909090909 0.2492063492063492 0.03506493506493506 0.05873015873015873
2 0.7948051948051948 0.7476190476190476 0.05194805194805195 0.14444444444444443
2 0.7233766233766233 0.5936507936507937 0.05844155844155844 0.11904761904761904
2 0.561038961038961 0.5587301587301587 0.046753246753246755 0.14285714285714285
2 0.5181818181818182 0.49682539682539684 0.03636363636363636 0.08888888888888889
2 0.5805194805194805 0.4666666666666667 0.01948051948051948 0.06984126984126984
2 0.5246753246753246 0.3984126984126984 0.03766233766233766 0.07777777777777778
2 0.561038961038961 0.39206349206349206 0.04415584415584416 0.10476190476190476
2 0.6025974025974026 0.3746031746031746 0.025974025974025976 0.09206349206349207
2 0.5103896103896104 0.21904761904761905 0.03506493506493506 0.06825396825396825
2 0.5207792207792208 0.2365079365079365 0.006493506493506494 0.07142857142857142
2 0.4779220779220779 0.16984126984126985 0.06363636363636363 0.04126984126984127
2 0.4714285714285714 0.13333333333333333 0.025974025974025976 0.03015873015873016
2 0.5025974025974026 0.12698412698412698 0.015584415584415584 0.0746031746031746
2 0.4948051948051948 0.1365079365079365 0.023376623376623377 0.047619047619047616