2 0.45324675324675323 0.26031746031746034 0.012987012987012988 0.04126984126984127
2 0.45584415584415583 0.2222222222222222 0.006493506493506494 0.023809523809523808
2 0.4636363636363636 0.2253968253968254 0.006493506493506494 0.026984126984126985
1 0.4675324675324675 0.20634920634920634 0.02857142857142857 0.05396825396825397
2 0.4805194805194805 0.3952380952380952 0.014285714285714285 0.06507936507936508
1 0.4987012987012987 0.3904761904761905 0.04935064935064935 0.07301587301587302
2 0.4805194805194805 0.35873015873015873 0.02077922077922078 0.06666666666666667
1 0.4922077922077922 0.3333333333333333 0.04415584415584416 0.07777777777777778
1 0.4909090909090909 0.3 0.046753246753246755 0.049206349206349205
1 0.4844155844155844 0.2746031746031746 0.032467532467532464 0.04285714285714286
1 0.4766233766233766 0.25396825396825395 0.02207792207792208 0.03968253968253968
2 0.474025974025974 0.23333333333333334 0.00909090909090909 0.020634920634920634
1 0.4922077922077922 0.23492063492063492 0.02727272727272727 0.03492063492063492
2 0.5025974025974026 0.25555555555555554 0.01818181818181818 0.022222222222222223
2 0.4987012987012987 0.23015873015873015 0.014285714285714285 0.0380952380952381
1 0.509090909090909 0.21428571428571427 0.032467532467532464 0.06507936507936508
2 0.5324675324675324 0.39365079365079364 0.023376623376623377 0.04126984126984127
2 0.522077922077922 0.35714285714285715 0.011688311688311689 0.04126984126984127
2 0.5376623376623376 0.36666666666666664 0.016883116883116882 0.05555555555555555
1 0.5454545454545454 0.33174603174603173 0.045454545454545456 0.05873015873015873
1 0.535064935064935 0.29523809523809524 0.03116883116883117 0.08888888888888889
2 0.5103896103896104 0.29523809523809524 0.016883116883116882 0.025396825396825397
2 0.512987012987013 0.2714285714285714 0.011688311688311689 0.03650793650793651
1 0.5272727272727272 0.24603174603174602 0.025974025974025976 0.03650793650793651
0 0.5441558441558442 0.20317460317460317 0.048051948051948054 0.10793650793650794
1 0.461038961038961 0.1619047619047619 0.02077922077922078 0.031746031746031744
1 0.4623376623376623 0.1380952380952381 0.00909090909090909 0.023809523809523808
3 0.4649350649350649 0.10158730158730159 0.02077922077922078 0.050793650793650794
1 0.4935064935064935 0.1761904761904762 0.025974025974025976 0.023809523809523808
1 0.487012987012987 0.14603174603174604 0.023376623376623377 0.03333333333333333
1 0.4844155844155844 0.12222222222222222 0.012987012987012988 0.031746031746031744
1 0.4831168831168831 0.10634920634920635 0.014285714285714285 0.02857142857142857
2 0.5103896103896104 0.15873015873015872 0.01038961038961039 0.03333333333333333
2 0.5051948051948052 0.16031746031746033 0.00909090909090909 0.020634920634920634
1 0.5051948051948052 0.1523809523809524 0.01948051948051948 0.04285714285714286
1 0.4987012987012987 0.14126984126984127 0.012987012987012988 0.015873015873015872
1 0.4961038961038961 0.11904761904761904 0.01038961038961039 0.02857142857142857
1 0.5 0.09523809523809523 0.015584415584415584 0.025396825396825397
1 0.5818181818181818 0.4650793650793651 0.06623376623376623 0.08095238095238096
1 0.5753246753246753 0.39365079365079364 0.06883116883116883 0.0761904761904762
1 0.5194805194805194 0.44603174603174606 0.05064935064935065 0.09365079365079365
1 0.5285714285714286 0.5555555555555556 0.06883116883116883 0.13968253968253969
1 0.6064935064935065 0.36666666666666664 0.04285714285714286 0.10158730158730159
1 0.5818181818181818 0.33650793650793653 0.02727272727272727 0.046031746031746035
1 0.574025974025974 0.30634920634920637 0.025974025974025976 0.03650793650793651
2 0.5675324675324676 0.2873015873015873 0.014285714285714285 0.03492063492063492
1 0.5636363636363636 0.2777777777777778 0.02077922077922078 0.04285714285714286
1 0.6441558441558441 0.45396825396825397 0.04155844155844156 0.10317460317460317
1 0.6636363636363637 0.5301587301587302 0.06233766233766234 0.10952380952380952
1 0.6181818181818182 0.6174603174603175 0.06623376623376623 0.14761904761904762
1 0.7051948051948052 0.6238095238095238 0.08311688311688312 0.19206349206349208
1 0.5662337662337662 0.7285714285714285 0.07922077922077922 0.20476190476190476
1 0.6857142857142857 0.7984126984126985 0.1038961038961039 0.2126984126984127
1 0.5818181818181818 0.9222222222222223 0.1012987012987013 0.15555555555555556
1 0.7311688311688311 0.9444444444444444 0.0987012987012987 0.1111111111111111
1 0.8961038961038961 0.9523809523809523 0.11948051948051948 0.09523809523809523
2 0.512987012987013 0.1349206349206349 0.016883116883116882 0.012698412698412698
2 0.509090909090909 0.11587301587301588 0.005194805194805195 0.011111111111111112
2 0.5168831168831168 0.11587301587301588 0.0025974025974025974 0.012698412698412698
2 0.5116883116883116 0.23809523809523808 0.00909090909090909 0.025396825396825397
2 0.5428571428571428 0.42857142857142855 0.01818181818181818 0.05238095238095238
2 0.5337662337662338 0.22857142857142856 0.01818181818181818 0.03015873015873016
2 0.5532467532467532 0.23809523809523808 0.01038961038961039 0.026984126984126985
2 0.5831168831168831 0.26666666666666666 0.006493506493506494 0.03333333333333333
2 0.5935064935064935 0.2841269841269841 0.012987012987012988 0.046031746031746035
2 0.6038961038961039 0.29523809523809524 0.00909090909090909 0.026984126984126985
2 0.6038961038961039 0.3904761904761905 0.014285714285714285 0.044444444444444446
2 0.6116883116883117 0.4523809523809524 0.02207792207792208 0.050793650793650794
2 0.6168831168831169 0.42063492063492064 0.016883116883116882 0.06825396825396825
2 0.6324675324675325 0.4111111111111111 0.01948051948051948 0.050793650793650794
2 0.6324675324675325 0.35873015873015873 0.01038961038961039 0.04126984126984127
2 0.6493506493506493 0.4126984126984127 0.02077922077922078 0.03968253968253968
2 0.6506493506493507 0.38412698412698415 0.01818181818181818 0.06190476190476191
2 0.6649350649350649 0.42063492063492064 0.016883116883116882 0.046031746031746035
2 0.6753246753246753 0.4634920634920635 0.014285714285714285 0.03650793650793651
2 0.6857142857142857 0.4650793650793651 0.01818181818181818 0.0380952380952381
2 0.6805194805194805 0.44285714285714284 0.02077922077922078 0.03333333333333333
2 0.7012987012987013 0.5079365079365079 0.02077922077922078 0.06666666666666667
2 0.7220779220779221 0.5380952380952381 0.01948051948051948 0.07142857142857142
2 0.7272727272727273 0.5793650793650794 0.01948051948051948 0.04126984126984127
2 0.7389610389610389 0.6206349206349207 0.023376623376623377 0.049206349206349205
2 0.7558441558441559 0.8015873015873016 0.03116883116883117 0.12380952380952381
2 0.7636363636363637 0.726984126984127 0.03636363636363636 0.07777777777777778
2 0.7740259740259741 0.6857142857142857 0.01948051948051948 0.0761904761904762
2 0.7714285714285715 0.6428571428571429 0.02207792207792208 0.05238095238095238
2 0.7272727272727273 0.7587301587301587 0.03506493506493506 0.12063492063492064
2 0.7792207792207793 0.8634920634920635 0.04025974025974026 0.1253968253968254
2 0.8 0.8047619047619048 0.03766233766233766 0.10952380952380952
2 0.7896103896103897 0.7476190476190476 0.02857142857142857 0.08412698412698413
2 0.8077922077922078 0.7253968253968254 0.03116883116883117 0.13333333333333333
2 0.8376623376623377 0.7873015873015873 0.025974025974025976 0.11587301587301588
2 0.8597402597402597 0.7698412698412699 0.02857142857142857 0.14761904761904762
2 0.8090909090909091 0.9523809523809523 0.03116883116883117 0.09523809523809523
2 0.8350649350649351 0.873015873015873 0.02987012987012987 0.10952380952380952
2 0.8545454545454545 0.8555555555555555 0.03766233766233766 0.13015873015873017
2 0.9558441558441558 0.8952380952380953 0.02857142857142857 0.1349206349206349
2 0.9896103896103896 0.9015873015873016 0.02077922077922078 0.15079365079365079
2 0.9714285714285714 0.9761904761904762 0.02987012987012987 0.046031746031746035
2 0.9012987012987013 0.9 0.023376623376623377 0.0761904761904762
2 0.9285714285714286 0.9063492063492063 0.04285714285714286 0.1349206349206349
2 0.938961038961039 0.8174603174603174 0.03896103896103896 0.16031746031746033
2 0.5116883116883116 0.9079365079365079 0.02987012987012987 0.1380952380952381
2 0.5181818181818182 0.9714285714285714 0.032467532467532464 0.05555555555555555