2 0.977922077922078 0.9111111111111111 0.04415584415584416 0.1761904761904762
2 0.7649350649350649 0.8365079365079365 0.03506493506493506 0.14126984126984127
2 0.7324675324675325 0.7111111111111111 0.04025974025974026 0.1349206349206349
2 0.5103896103896104 0.7396825396825397 0.032467532467532464 0.14285714285714285
2 0.512987012987013 0.6428571428571429 0.033766233766233764 0.07936507936507936
3 0.6220779220779221 0.792063492063492 0.21558441558441557 0.4158730158730159
2 0.5532467532467532 0.5825396825396826 0.02207792207792208 0.04285714285714286
2 0.5597402597402598 0.5222222222222223 0.02207792207792208 0.08253968253968254
2 0.5337662337662338 0.44761904761904764 0.01948051948051948 0.0761904761904762
2 0.6545454545454545 0.40793650793650793 0.01948051948051948 0.05396825396825397
2 0.5974025974025974 0.37936507936507935 0.015584415584415584 0.06507936507936508
1 0.5597402597402598 0.373015873015873 0.045454545454545456 0.0746031746031746
2 0.5766233766233766 0.3523809523809524 0.014285714285714285 0.06031746031746032
1 0.6233766233766234 0.4158730158730159 0.045454545454545456 0.08412698412698413
2 0.6051948051948052 0.3603174603174603 0.01038961038961039 0.03968253968253968
2 0.6298701298701299 0.36507936507936506 0.012987012987012988 0.03333333333333333
2 0.6363636363636364 0.35873015873015873 0.012987012987012988 0.049206349206349205
2 0.6142857142857143 0.35079365079365077 0.015584415584415584 0.05555555555555555
1 0.5766233766233766 0.32222222222222224 0.02857142857142857 0.05555555555555555
2 0.5961038961038961 0.30793650793650795 0.011688311688311689 0.03968253968253968
2 0.6051948051948052 0.31746031746031744 0.011688311688311689 0.0380952380952381
2 0.6155844155844156 0.32857142857142857 0.00909090909090909 0.03492063492063492
2 0.5831168831168831 0.28095238095238095 0.012987012987012988 0.049206349206349205
2 0.5974025974025974 0.2841269841269841 0.007792207792207792 0.03333333333333333
1 0.5467532467532468 0.25396825396825395 0.024675324675324677 0.05714285714285714
2 0.5714285714285714 0.25396825396825395 0.00909090909090909 0.03968253968253968
2 0.5753246753246753 0.25555555555555554 0.003896103896103896 0.025396825396825397
1 0.5038961038961038 0.3682539682539683 0.04415584415584416 0.09365079365079365
2 0.522077922077922 0.346031746031746 0.012987012987012988 0.05555555555555555
2 0.5077922077922078 0.3111111111111111 0.012987012987012988 0.03968253968253968
2 0.4779220779220779 0.26825396825396824 0.012987012987012988 0.04285714285714286
1 0.4727272727272727 0.20476190476190476 0.01818181818181818 0.04285714285714286
1 0.4662337662337662 0.16507936507936508 0.024675324675324677 0.044444444444444446
2 0.4883116883116883 0.1746031746031746 0.006493506493506494 0.02857142857142857
2 0.5 0.15714285714285714 0.006493506493506494 0.02857142857142857
2 0.509090909090909 0.19206349206349208 0.00909090909090909 0.02857142857142857
1 0.5233766233766234 0.2222222222222222 0.025974025974025976 0.0380952380952381
2 0.512987012987013 0.1873015873015873 0.007792207792207792 0.020634920634920634
2 0.5103896103896104 0.16984126984126985 0.006493506493506494 0.01904761904761905
2 0.512987012987013 0.15396825396825398 0.007792207792207792 0.01904761904761905
1 0.4662337662337662 0.1365079365079365 0.016883116883116882 0.020634920634920634
2 0.474025974025974 0.14126984126984127 0.006493506493506494 0.01746031746031746
1 0.4844155844155844 0.1492063492063492 0.012987012987012988 0.02857142857142857
2 0.4935064935064935 0.1365079365079365 0.006493506493506494 0.020634920634920634
2 0.5051948051948052 0.14126984126984127 0.006493506493506494 0.020634920634920634
1 0.4922077922077922 0.1253968253968254 0.01038961038961039 0.01904761904761905
2 0.5025974025974026 0.12222222222222222 0.006493506493506494 0.01746031746031746
1 0.7051948051948052 0.8063492063492064 0.07922077922077922 0.21746031746031746
1 0.8480519480519481 0.8825396825396825 0.12207792207792208 0.23492063492063492
1 0.8194805194805195 0.765079365079365 0.12857142857142856 0.16666666666666666
1 0.6233766233766234 0.5650793650793651 0.08051948051948052 0.12698412698412698
1 0.6792207792207792 0.5063492063492063 0.07142857142857142 0.14761904761904762
1 0.587012987012987 0.4650793650793651 0.06103896103896104 0.09682539682539683
1 0.5194805194805194 0.5238095238095238 0.05584415584415584 0.12063492063492064
1 0.5311688311688312 0.27936507936507937 0.03116883116883117 0.05714285714285714
1 0.538961038961039 0.20476190476190476 0.024675324675324677 0.04285714285714286
1 0.4857142857142857 0.12063492063492064 0.01038961038961039 0.014285714285714285
1 0.4857142857142857 0.10634920634920635 0.01038961038961039 0.011111111111111112
1 0.4883116883116883 0.09682539682539683 0.006493506493506494 0.011111111111111112
1 0.5025974025974026 0.10158730158730159 0.01038961038961039 0.014285714285714285
3 0.4688311688311688 0.10952380952380952 0.02207792207792208 0.046031746031746035