2 0.4818181818181818 0.11904761904761904 0.003896103896103896 0.01904761904761905
1 0.4948051948051948 0.11904761904761904 0.011688311688311689 0.031746031746031744
3 0.4727272727272727 0.10793650793650794 0.012987012987012988 0.031746031746031744
1 0.5038961038961038 0.11428571428571428 0.007792207792207792 0.015873015873015872
3 0.4974025974025974 0.0873015873015873 0.00909090909090909 0.026984126984126985
2 0.4896103896103896 0.10634920634920635 0.003896103896103896 0.014285714285714285
2 0.4935064935064935 0.10317460317460317 0.003896103896103896 0.012698412698412698
1 0.5051948051948052 0.1 0.007792207792207792 0.011111111111111112
2 0.4857142857142857 0.10952380952380952 0.005194805194805195 0.014285714285714285
2 0.4818181818181818 0.10476190476190476 0.0012987012987012987 0.011111111111111112
2 0.4844155844155844 0.19047619047619047 0.006493506493506494 0.03015873015873016
1 0.4844155844155844 0.17142857142857143 0.00909090909090909 0.026984126984126985
2 0.4922077922077922 0.17936507936507937 0.006493506493506494 0.026984126984126985
1 0.4909090909090909 0.16031746031746033 0.00909090909090909 0.01746031746031746
2 0.4935064935064935 0.14126984126984127 0.005194805194805195 0.020634920634920634
2 0.4974025974025974 0.14603174603174604 0.006493506493506494 0.022222222222222223
2 0.45714285714285713 0.23492063492063492 0.007792207792207792 0.0380952380952381
2 0.4636363636363636 0.2396825396825397 0.006493506493506494 0.03492063492063492
3 0.587012987012987 0.4222222222222222 0.04285714285714286 0.16507936507936508
3 0.5428571428571428 0.26666666666666666 0.03766233766233766 0.08095238095238096
3 0.5272727272727272 0.2 0.032467532467532464 0.07301587301587302
1 0.5974025974025974 0.9571428571428572 0.06753246753246753 0.08412698412698413
1 0.7389610389610389 0.9396825396825397 0.07922077922077922 0.11904761904761904
1 0.7558441558441559 0.7587301587301587 0.06753246753246753 0.2111111111111111
1 0.6662337662337663 0.8206349206349206 0.08571428571428572 0.19523809523809524
1 0.5623376623376624 0.7507936507936508 0.07532467532467532 0.21746031746031746
1 0.551948051948052 0.5857142857142857 0.046753246753246755 0.14603174603174604
1 0.612987012987013 0.5333333333333333 0.04025974025974026 0.10476190476190476
2 0.6298701298701299 0.43333333333333335 0.012987012987012988 0.0761904761904762
1 0.638961038961039 0.39365079365079364 0.025974025974025976 0.07142857142857142
1 0.5948051948051948 0.3333333333333333 0.024675324675324677 0.03492063492063492
1 0.5532467532467532 0.3746031746031746 0.02857142857142857 0.08888888888888889
1 0.5025974025974026 0.3682539682539683 0.03506493506493506 0.0746031746031746
1 0.5441558441558442 0.3253968253968254 0.02727272727272727 0.049206349206349205
1 0.5181818181818182 0.5142857142857142 0.04285714285714286 0.11587301587301588
1 0.5116883116883116 0.43333333333333335 0.04025974025974026 0.08253968253968254
2 0.4831168831168831 0.30952380952380953 0.012987012987012988 0.03650793650793651
1 0.4896103896103896 0.28888888888888886 0.016883116883116882 0.031746031746031744
1 0.4805194805194805 0.2507936507936508 0.01948051948051948 0.03968253968253968
1 0.474025974025974 0.21746031746031746 0.014285714285714285 0.023809523809523808
1 0.4675324675324675 0.19682539682539682 0.015584415584415584 0.03015873015873016
1 0.4753246753246753 0.20317460317460317 0.00909090909090909 0.022222222222222223
1 0.4597402597402597 0.17142857142857143 0.01038961038961039 0.031746031746031744
1 0.4675324675324675 0.1746031746031746 0.00909090909090909 0.01904761904761905
2 0.974025974025974 0.653968253968254 0.033766233766233764 0.14603174603174604
2 0.990909090909091 0.8777777777777778 0.01818181818181818 0.14285714285714285
2 0.9545454545454546 0.9380952380952381 0.04415584415584416 0.12380952380952381
2 0.925974025974026 0.9634920634920635 0.023376623376623377 0.07301587301587302
2 0.8545454545454545 0.9587301587301588 0.03636363636363636 0.08253968253968254
2 0.8155844155844156 0.9079365079365079 0.03636363636363636 0.13174603174603175
2 0.8662337662337662 0.8920634920634921 0.03506493506493506 0.1349206349206349
2 0.8324675324675325 0.9761904761904762 0.046753246753246755 0.046031746031746035
2 0.8623376623376623 0.8111111111111111 0.032467532467532464 0.1349206349206349
2 0.8298701298701299 0.8158730158730159 0.03116883116883117 0.1126984126984127
2 0.8090909090909091 0.7507936507936508 0.02207792207792208 0.09682539682539683
2 0.8298701298701299 0.726984126984127 0.033766233766233764 0.12380952380952381
2 0.7857142857142857 0.692063492063492 0.03116883116883117 0.08571428571428572
2 0.7922077922077922 0.6571428571428571 0.02857142857142857 0.07777777777777778
2 0.7454545454545455 0.626984126984127 0.023376623376623377 0.06349206349206349
2 0.7662337662337663 0.6222222222222222 0.02857142857142857 0.0873015873015873
2 0.7051948051948052 0.653968253968254 0.02727272727272727 0.08253968253968254
2 0.6896103896103896 0.6047619047619047 0.01948051948051948 0.08571428571428572
2 0.7220779220779221 0.6 0.01948051948051948 0.07777777777777778
2 0.7285714285714285 0.5746031746031746 0.015584415584415584 0.08571428571428572
2 0.7 0.5507936507936508 0.015584415584415584 0.06031746031746032
2 0.7103896103896103 0.5301587301587302 0.015584415584415584 0.05238095238095238
2 0.6571428571428571 0.5365079365079365 0.01818181818181818 0.05555555555555555
2 0.6675324675324675 0.5444444444444444 0.01818181818181818 0.07142857142857142
2 0.6857142857142857 0.5047619047619047 0.014285714285714285 0.06984126984126984
2 0.6571428571428571 0.4746031746031746 0.015584415584415584 0.06349206349206349
2 0.6727272727272727 0.4666666666666667 0.012987012987012988 0.07142857142857142
2 0.6948051948051948 0.48095238095238096 0.015584415584415584 0.07142857142857142
1 0.6519480519480519 0.6365079365079365 0.06493506493506493 0.16984126984126985
2 0.6727272727272727 0.5793650793650794 0.015584415584415584 0.06349206349206349
2 0.6454545454545455 0.49206349206349204 0.01818181818181818 0.05873015873015873
2 0.6402597402597403 0.4523809523809524 0.01038961038961039 0.049206349206349205
2 0.6480519480519481 0.4396825396825397 0.014285714285714285 0.046031746031746035
2 0.4753246753246753 0.326984126984127 0.00909090909090909 0.04285714285714286
2 0.4818181818181818 0.346031746031746 0.007792207792207792 0.04285714285714286
2 0.4974025974025974 0.3111111111111111 0.01038961038961039 0.03333333333333333
2 0.5103896103896104 0.319047619047619 0.00909090909090909 0.031746031746031744
2 0.5194805194805194 0.31746031746031744 0.011688311688311689 0.046031746031746035
2 0.5051948051948052 0.2920634920634921 0.007792207792207792 0.0380952380952381
2 0.5064935064935064 0.2761904761904762 0.01038961038961039 0.044444444444444446
2 0.5675324675324676 0.32063492063492066 0.007792207792207792 0.04285714285714286
2 0.5753246753246753 0.30634920634920637 0.00909090909090909 0.046031746031746035
2 0.564935064935065 0.2873015873015873 0.00909090909090909 0.03015873015873016
2 0.5857142857142857 0.3 0.00909090909090909 0.03968253968253968
2 0.5935064935064935 0.2968253968253968 0.007792207792207792 0.031746031746031744
2 0.6025974025974026 0.2968253968253968 0.01038961038961039 0.03650793650793651
2 0.6142857142857143 0.3238095238095238 0.011688311688311689 0.044444444444444446
2 0.6116883116883117 0.31746031746031744 0.00909090909090909 0.04285714285714286
2 0.6207792207792208 0.33174603174603173 0.00909090909090909 0.046031746031746035
2 0.6233766233766234 0.35555555555555557 0.007792207792207792 0.023809523809523808
2 0.6350649350649351 0.3523809523809524 0.011688311688311689 0.031746031746031744
1 0.5727272727272728 0.26825396825396824 0.01818181818181818 0.03650793650793651
2 0.5636363636363636 0.23333333333333334 0.006493506493506494 0.031746031746031744
2 0.574025974025974 0.2396825396825397 0.00909090909090909 0.026984126984126985
2 0.577922077922078 0.24444444444444444 0.007792207792207792 0.01904761904761905
2 0.5545454545454546 0.22698412698412698 0.006493506493506494 0.020634920634920634
2 0.551948051948052 0.21428571428571427 0.006493506493506494 0.025396825396825397
2 0.5597402597402598 0.20952380952380953 0.007792207792207792 0.025396825396825397
2 0.5662337662337662 0.22698412698412698 0.005194805194805195 0.02857142857142857
2 0.4935064935064935 0.23015873015873015 0.007792207792207792 0.03650793650793651
2 0.487012987012987 0.21904761904761905 0.007792207792207792 0.03015873015873016
2 0.4883116883116883 0.2015873015873016 0.006493506493506494 0.026984126984126985
2 0.4675324675324675 0.26666666666666666 0.007792207792207792 0.050793650793650794
2 0.6012987012987013 0.6412698412698413 0.024675324675324677 0.10158730158730159
2 0.6155844155844156 0.7031746031746032 0.02987012987012987 0.11428571428571428
2 0.4974025974025974 0.6825396825396826 0.03116883116883117 0.0746031746031746
2 0.5 0.753968253968254 0.03636363636363636 0.08095238095238096
2 0.5038961038961038 0.8317460317460318 0.024675324675324677 0.12698412698412698
2 0.5181818181818182 0.9142857142857143 0.03116883116883117 0.14761904761904762
2 0.6064935064935065 0.8873015873015873 0.02857142857142857 0.09523809523809523
2 0.587012987012987 0.2746031746031746 0.006493506493506494 0.047619047619047616
1 0.5 0.20952380952380953 0.011688311688311689 0.03968253968253968
2 0.4987012987012987 0.1619047619047619 0.003896103896103896 0.012698412698412698
2 0.5064935064935064 0.15873015873015872 0.006493506493506494 0.012698412698412698