2 0.861038961038961 0.8492063492063492 0.05584415584415584 0.173015873015873
2 0.7233766233766233 0.8857142857142857 0.03116883116883117 0.1349206349206349
2 0.7415584415584415 0.6412698412698413 0.025974025974025976 0.10952380952380952
2 0.6077922077922078 0.4634920634920635 0.01818181818181818 0.0761904761904762
2 0.6064935064935065 0.4174603174603175 0.01948051948051948 0.06349206349206349
2 0.638961038961039 0.4095238095238095 0.02987012987012987 0.08095238095238096
2 0.5454545454545454 0.6460317460317461 0.05584415584415584 0.19206349206349208
1 0.587012987012987 0.3396825396825397 0.02987012987012987 0.07777777777777778
1 0.5506493506493506 0.3634920634920635 0.03636363636363636 0.06984126984126984
1 0.5038961038961038 0.3412698412698413 0.03766233766233766 0.07936507936507936
2 0.5545454545454546 0.29365079365079366 0.015584415584415584 0.047619047619047616
2 0.5818181818181818 0.2873015873015873 0.012987012987012988 0.03650793650793651
2 0.5766233766233766 0.26825396825396824 0.012987012987012988 0.03492063492063492
2 0.4805194805194805 0.24285714285714285 0.00909090909090909 0.03333333333333333
2 0.4857142857142857 0.20952380952380953 0.01038961038961039 0.03333333333333333
1 0.5272727272727272 0.23333333333333334 0.023376623376623377 0.050793650793650794
2 0.5025974025974026 0.20952380952380953 0.00909090909090909 0.031746031746031744
2 0.538961038961039 0.21428571428571427 0.006493506493506494 0.025396825396825397
2 0.5285714285714286 0.20317460317460317 0.007792207792207792 0.014285714285714285
2 0.522077922077922 0.1984126984126984 0.003896103896103896 0.012698412698412698
2 0.5194805194805194 0.1761904761904762 0.005194805194805195 0.01746031746031746
2 0.5 0.18253968253968253 0.007792207792207792 0.025396825396825397
2 0.4909090909090909 0.1619047619047619 0.003896103896103896 0.026984126984126985
2 0.5 0.1634920634920635 0.0025974025974025974 0.009523809523809525
2 0.5077922077922078 0.1619047619047619 0.005194805194805195 0.020634920634920634
2 0.5155844155844156 0.16666666666666666 0.006493506493506494 0.020634920634920634
2 0.5077922077922078 0.1523809523809524 0.005194805194805195 0.014285714285714285
2 0.4714285714285714 0.17936507936507937 0.005194805194805195 0.025396825396825397
2 0.4792207792207792 0.17142857142857143 0.003896103896103896 0.02857142857142857
2 0.4857142857142857 0.16825396825396827 0.003896103896103896 0.026984126984126985
2 0.4896103896103896 0.14285714285714285 0.003896103896103896 0.020634920634920634
2 0.4948051948051948 0.14444444444444443 0.005194805194805195 0.020634920634920634
2 0.4883116883116883 0.13333333333333333 0.003896103896103896 0.011111111111111112
2 0.5012987012987012 0.11904761904761904 0.0025974025974025974 0.020634920634920634
2 0.4922077922077922 0.1126984126984127 0.003896103896103896 0.015873015873015872
2 0.4987012987012987 0.10158730158730159 0.0025974025974025974 0.014285714285714285
2 0.5025974025974026 0.10952380952380952 0.0025974025974025974 0.014285714285714285
2 0.5064935064935064 0.1 0.003896103896103896 0.011111111111111112