2 0.4987012987012987 0.20317460317460317 0.011688311688311689 0.02857142857142857
1 0.4675324675324675 0.1761904761904762 0.01948051948051948 0.015873015873015872
2 0.6363636363636364 0.9825396825396825 0.046753246753246755 0.03492063492063492
2 0.7428571428571429 0.7777777777777778 0.05064935064935065 0.16031746031746033
2 0.6064935064935065 0.6777777777777778 0.03636363636363636 0.1349206349206349
2 0.5636363636363636 0.5746031746031746 0.025974025974025976 0.10634920634920635
2 0.7116883116883117 0.638095238095238 0.04155844155844156 0.1253968253968254
2 0.7610389610389611 0.6746031746031746 0.046753246753246755 0.1380952380952381
2 0.7415584415584415 0.6047619047619047 0.04025974025974026 0.12380952380952381
2 0.687012987012987 0.5857142857142857 0.04155844155844156 0.1126984126984127
2 0.6844155844155844 0.5111111111111111 0.024675324675324677 0.08253968253968254
2 0.6350649350649351 0.4634920634920635 0.02077922077922078 0.07936507936507936
2 0.6493506493506493 0.48095238095238096 0.02987012987012987 0.06190476190476191
2 0.6558441558441559 0.5190476190476191 0.02857142857142857 0.07936507936507936
2 0.5857142857142857 0.5349206349206349 0.02727272727272727 0.09365079365079365
2 0.5363636363636364 0.526984126984127 0.02077922077922078 0.09365079365079365
2 0.551948051948052 0.49047619047619045 0.024675324675324677 0.0873015873015873
2 0.6727272727272727 0.4523809523809524 0.023376623376623377 0.07142857142857142
2 0.612987012987013 0.4238095238095238 0.01818181818181818 0.07142857142857142
2 0.535064935064935 0.4238095238095238 0.01818181818181818 0.06349206349206349
2 0.5857142857142857 0.3761904761904762 0.012987012987012988 0.04285714285714286
2 0.5337662337662338 0.3746031746031746 0.02207792207792208 0.046031746031746035
2 0.5831168831168831 0.3412698412698413 0.012987012987012988 0.0380952380952381
2 0.5207792207792208 0.3603174603174603 0.011688311688311689 0.05714285714285714
2 0.5285714285714286 0.326984126984127 0.02077922077922078 0.044444444444444446
2 0.5285714285714286 0.30158730158730157 0.01818181818181818 0.014285714285714285
2 0.5558441558441558 0.3111111111111111 0.01948051948051948 0.025396825396825397
2 0.577922077922078 0.3142857142857143 0.014285714285714285 0.03492063492063492
2 0.6103896103896104 0.30793650793650795 0.012987012987012988 0.03492063492063492
2 0.5896103896103896 0.30793650793650795 0.006493506493506494 0.03492063492063492
2 0.5987012987012987 0.32063492063492066 0.00909090909090909 0.05555555555555555
2 0.4779220779220779 0.29365079365079366 0.011688311688311689 0.046031746031746035
2 0.4974025974025974 0.2507936507936508 0.01038961038961039 0.026984126984126985
2 0.5012987012987012 0.2714285714285714 0.012987012987012988 0.03015873015873016
2 0.5233766233766234 0.23174603174603176 0.01038961038961039 0.020634920634920634
2 0.5467532467532468 0.28095238095238095 0.015584415584415584 0.03968253968253968
2 0.5636363636363636 0.3 0.015584415584415584 0.044444444444444446
2 0.5597402597402598 0.2634920634920635 0.007792207792207792 0.026984126984126985
2 0.5675324675324676 0.26031746031746034 0.0025974025974025974 0.026984126984126985
2 0.5753246753246753 0.28095238095238095 0.011688311688311689 0.025396825396825397
2 0.5753246753246753 0.25396825396825395 0.011688311688311689 0.026984126984126985
2 0.587012987012987 0.2746031746031746 0.011688311688311689 0.025396825396825397
2 0.577922077922078 0.30158730158730157 0.011688311688311689 0.031746031746031744
2 0.5363636363636364 0.24761904761904763 0.011688311688311689 0.03492063492063492
2 0.522077922077922 0.24603174603174602 0.016883116883116882 0.025396825396825397
2 0.5454545454545454 0.24444444444444444 0.011688311688311689 0.026984126984126985
2 0.561038961038961 0.22698412698412698 0.014285714285714285 0.0380952380952381
2 0.5467532467532468 0.2253968253968254 0.011688311688311689 0.01746031746031746
2 0.5558441558441558 0.24444444444444444 0.007792207792207792 0.01746031746031746
2 0.4584415584415584 0.21904761904761905 0.00909090909090909 0.025396825396825397
2 0.4623376623376623 0.23809523809523808 0.01038961038961039 0.03333333333333333
2 0.4766233766233766 0.21904761904761905 0.012987012987012988 0.02857142857142857
2 0.4909090909090909 0.2 0.00909090909090909 0.020634920634920634
2 0.4857142857142857 0.21904761904761905 0.006493506493506494 0.025396825396825397
2 0.5207792207792208 0.20793650793650795 0.00909090909090909 0.025396825396825397
2 0.5467532467532468 0.19682539682539682 0.01038961038961039 0.020634920634920634
2 0.5324675324675324 0.19523809523809524 0.00909090909090909 0.012698412698412698
2 0.4883116883116883 0.24603174603174602 0.011688311688311689 0.026984126984126985
2 0.5116883116883116 0.1634920634920635 0.01038961038961039 0.011111111111111112
2 0.522077922077922 0.16507936507936508 0.006493506493506494 0.014285714285714285
2 0.5285714285714286 0.1634920634920635 0.0025974025974025974 0.014285714285714285
2 0.535064935064935 0.18095238095238095 0.01038961038961039 0.01746031746031746
2 0.5506493506493506 0.2111111111111111 0.007792207792207792 0.012698412698412698
1 0.5493506493506494 0.7031746031746032 0.09090909090909091 0.2222222222222222
1 0.674025974025974 0.8031746031746032 0.11298701298701298 0.22698412698412698
1 0.874025974025974 0.8634920634920635 0.16103896103896104 0.273015873015873
1 0.6350649350649351 0.5904761904761905 0.08961038961038961 0.15555555555555556
1 0.5883116883116883 0.4523809523809524 0.06233766233766234 0.1111111111111111
1 0.5038961038961038 0.43174603174603177 0.045454545454545456 0.1111111111111111
1 0.5532467532467532 0.35714285714285715 0.046753246753246755 0.0746031746031746
1 0.6220779220779221 0.3746031746031746 0.053246753246753244 0.10952380952380952
1 0.4961038961038961 0.3634920634920635 0.05194805194805195 0.0746031746031746
1 0.4961038961038961 0.3126984126984127 0.03896103896103896 0.06507936507936508
1 0.522077922077922 0.2873015873015873 0.03636363636363636 0.06507936507936508
1 0.4792207792207792 0.2650793650793651 0.02987012987012987 0.05396825396825397
1 0.5 0.23174603174603176 0.02077922077922078 0.04285714285714286
1 0.509090909090909 0.2126984126984127 0.01818181818181818 0.03333333333333333
1 0.5363636363636364 0.21746031746031746 0.01818181818181818 0.03650793650793651
1 0.5064935064935064 0.19047619047619047 0.012987012987012988 0.01746031746031746
1 0.4792207792207792 0.19523809523809524 0.012987012987012988 0.014285714285714285
1 0.512987012987013 0.17777777777777778 0.006493506493506494 0.009523809523809525
1 0.5233766233766234 0.18095238095238095 0.012987012987012988 0.026984126984126985
1 0.4909090909090909 0.17777777777777778 0.01818181818181818 0.03492063492063492
1 0.5077922077922078 0.1523809523809524 0.016883116883116882 0.01746031746031746
1 0.4922077922077922 0.1523809523809524 0.015584415584415584 0.020634920634920634
1 0.4896103896103896 0.13968253968253969 0.01038961038961039 0.012698412698412698
1 0.5012987012987012 0.1365079365079365 0.007792207792207792 0.014285714285714285
1 0.4883116883116883 0.12698412698412698 0.011688311688311689 0.012698412698412698
1 0.4636363636363636 0.13015873015873017 0.003896103896103896 0.009523809523809525
1 0.4779220779220779 0.11904761904761904 0.01038961038961039 0.009523809523809525
1 0.4844155844155844 0.1111111111111111 0.012987012987012988 0.009523809523809525
1 0.5 0.1126984126984127 0.012987012987012988 0.014285714285714285
1 0.4922077922077922 0.12063492063492064 0.007792207792207792 0.011111111111111112
1 0.4675324675324675 0.11587301587301588 0.007792207792207792 0.012698412698412698
1 0.4636363636363636 0.12380952380952381 0.012987012987012988 0.014285714285714285
3 0.461038961038961 0.19682539682539682 0.02857142857142857 0.03650793650793651
3 0.4662337662337662 0.15396825396825398 0.02207792207792208 0.031746031746031744
2 0.4753246753246753 0.13174603174603175 0.01038961038961039 0.014285714285714285
2 0.4792207792207792 0.14603174603174604 0.005194805194805195 0.014285714285714285
2 0.4805194805194805 0.16031746031746033 0.006493506493506494 0.025396825396825397
2 0.5038961038961038 0.16825396825396827 0.01038961038961039 0.01746031746031746
2 0.5103896103896104 0.13333333333333333 0.005194805194805195 0.01746031746031746
2 0.5207792207792208 0.14761904761904762 0.006493506493506494 0.01746031746031746
2 0.5 0.12380952380952381 0.007792207792207792 0.011111111111111112
2 0.5103896103896104 0.1111111111111111 0.007792207792207792 0.015873015873015872
3 0.4701298701298701 0.10317460317460317 0.016883116883116882 0.020634920634920634
3 0.4792207792207792 0.09365079365079365 0.015584415584415584 0.025396825396825397
1 0.4922077922077922 0.09682539682539683 0.01038961038961039 0.011111111111111112
1 0.4623376623376623 0.13174603174603175 0.014285714285714285 0.012698412698412698
2 0.5064935064935064 0.11904761904761904 0.01038961038961039 0.011111111111111112
2 0.474025974025974 0.23174603174603176 0.012987012987012988 0.01746031746031746
2 0.4649350649350649 0.21587301587301588 0.01038961038961039 0.006349206349206349
2 0.5155844155844156 0.18888888888888888 0.005194805194805195 0.014285714285714285
2 0.538961038961039 0.19682539682539682 0.005194805194805195 0.015873015873015872
1 0.5 0.10317460317460317 0.006493506493506494 0.009523809523809525
2 0.509090909090909 0.1 0.006493506493506494 0.0031746031746031746