2 0.5298701298701298 0.973015873015873 0.03766233766233766 0.05396825396825397
2 0.5233766233766234 0.926984126984127 0.033766233766233764 0.10634920634920635
2 0.5038961038961038 0.8539682539682539 0.03896103896103896 0.16666666666666666
2 0.564935064935065 0.8507936507936508 0.045454545454545456 0.14761904761904762
2 0.6935064935064935 0.9396825396825397 0.046753246753246755 0.12063492063492064
2 0.6493506493506493 0.8507936507936508 0.053246753246753244 0.13968253968253969
2 0.6207792207792208 0.792063492063492 0.04025974025974026 0.12698412698412698
2 0.6519480519480519 0.7238095238095238 0.03636363636363636 0.1253968253968254
2 0.6168831168831169 0.726984126984127 0.03506493506493506 0.12063492063492064
2 0.5987012987012987 0.6698412698412698 0.03766233766233766 0.11587301587301588
2 0.6012987012987013 0.6126984126984127 0.03506493506493506 0.10158730158730159
2 0.7051948051948052 0.6444444444444445 0.04155844155844156 0.1126984126984127
2 0.6974025974025974 0.6015873015873016 0.03636363636363636 0.1126984126984127
2 0.7272727272727273 0.6698412698412698 0.02987012987012987 0.08571428571428572
2 0.7376623376623377 0.6365079365079365 0.03116883116883117 0.10793650793650794
2 0.7571428571428571 0.6793650793650794 0.02727272727272727 0.11904761904761904
2 0.8311688311688312 0.7587301587301587 0.048051948051948054 0.15396825396825398
2 0.7909090909090909 0.7111111111111111 0.03506493506493506 0.1
2 0.7974025974025974 0.6666666666666666 0.04415584415584416 0.09841269841269841
2 0.8051948051948052 0.8809523809523809 0.03636363636363636 0.1619047619047619
2 0.8467532467532467 0.8809523809523809 0.04285714285714286 0.1761904761904762
2 0.8623376623376623 0.8412698412698413 0.04285714285714286 0.13968253968253969
2 0.8324675324675325 0.9619047619047619 0.045454545454545456 0.0761904761904762
2 0.874025974025974 0.9634920634920635 0.03506493506493506 0.07301587301587302
2 0.9532467532467532 0.9698412698412698 0.046753246753246755 0.06031746031746032
2 0.8987012987012987 0.9396825396825397 0.03766233766233766 0.12063492063492064
1 0.6181818181818182 0.5047619047619047 0.05714285714285714 0.12380952380952381
2 0.6376623376623377 0.46984126984126984 0.014285714285714285 0.0746031746031746
3 0.6896103896103896 0.4984126984126984 0.09740259740259741 0.18095238095238095
2 0.6636363636363637 0.4174603174603175 0.014285714285714285 0.01904761904761905
2 0.6532467532467533 0.40476190476190477 0.011688311688311689 0.03968253968253968
2 0.6428571428571429 0.3904761904761905 0.016883116883116882 0.050793650793650794
1 0.6168831168831169 0.3984126984126984 0.03636363636363636 0.08095238095238096
2 0.6285714285714286 0.35079365079365077 0.02077922077922078 0.06031746031746032
2 0.6103896103896104 0.3412698412698413 0.014285714285714285 0.04126984126984127
1 0.5714285714285714 0.4015873015873016 0.04025974025974026 0.0746031746031746
2 0.5857142857142857 0.35714285714285715 0.01948051948051948 0.06666666666666667
1 0.577922077922078 0.3142857142857143 0.03506493506493506 0.06190476190476191
2 0.5844155844155844 0.32857142857142857 0.024675324675324677 0.05555555555555555
2 0.5 0.49523809523809526 0.01818181818181818 0.08888888888888889
2 0.487012987012987 0.4714285714285714 0.02207792207792208 0.08253968253968254
2 0.4883116883116883 0.43333333333333335 0.016883116883116882 0.05714285714285714
2 0.4896103896103896 0.40634920634920635 0.01948051948051948 0.047619047619047616
2 0.4974025974025974 0.3682539682539683 0.015584415584415584 0.046031746031746035
1 0.5051948051948052 0.32857142857142857 0.02987012987012987 0.06031746031746032
1 0.525974025974026 0.4396825396825397 0.045454545454545456 0.1
1 0.5207792207792208 0.39206349206349206 0.033766233766233764 0.05396825396825397
2 0.5194805194805194 0.3523809523809524 0.011688311688311689 0.015873015873015872
2 0.487012987012987 0.3968253968253968 0.016883116883116882 0.05714285714285714
2 0.4805194805194805 0.37936507936507935 0.02207792207792208 0.05714285714285714
2 0.4753246753246753 0.3333333333333333 0.014285714285714285 0.03650793650793651
2 0.4727272727272727 0.319047619047619 0.012987012987012988 0.03492063492063492
2 0.5038961038961038 0.2968253968253968 0.012987012987012988 0.025396825396825397
2 0.4805194805194805 0.2920634920634921 0.015584415584415584 0.047619047619047616
2 0.5025974025974026 0.2523809523809524 0.012987012987012988 0.03968253968253968
2 0.5038961038961038 0.2634920634920635 0.00909090909090909 0.02857142857142857
1 0.474025974025974 0.24603174603174602 0.023376623376623377 0.04126984126984127
2 0.4766233766233766 0.2507936507936508 0.012987012987012988 0.03492063492063492
2 0.4909090909090909 0.25555555555555554 0.01038961038961039 0.03492063492063492
1 0.5246753246753246 0.2777777777777778 0.02987012987012987 0.05238095238095238
2 0.522077922077922 0.2365079365079365 0.01038961038961039 0.031746031746031744
2 0.5207792207792208 0.23809523809523808 0.011688311688311689 0.031746031746031744
1 0.5545454545454546 0.35079365079365077 0.03896103896103896 0.0746031746031746
1 0.5454545454545454 0.31746031746031744 0.03636363636363636 0.05396825396825397
2 0.5623376623376624 0.2873015873015873 0.011688311688311689 0.03492063492063492
2 0.5922077922077922 0.3 0.011688311688311689 0.0380952380952381
2 0.6051948051948052 0.29523809523809524 0.01038961038961039 0.02857142857142857
2 0.5428571428571428 0.273015873015873 0.011688311688311689 0.03015873015873016
2 0.5571428571428572 0.2746031746031746 0.011688311688311689 0.031746031746031744
2 0.5688311688311688 0.2714285714285714 0.01038961038961039 0.023809523809523808
2 0.5818181818181818 0.28095238095238095 0.011688311688311689 0.01746031746031746
1 0.5584415584415584 0.24444444444444444 0.025974025974025976 0.049206349206349205
2 0.577922077922078 0.26031746031746034 0.015584415584415584 0.03015873015873016
2 0.5337662337662338 0.24761904761904763 0.01038961038961039 0.025396825396825397
1 0.5376623376623376 0.2253968253968254 0.01818181818181818 0.03650793650793651
2 0.548051948051948 0.2126984126984127 0.005194805194805195 0.012698412698412698
2 0.5571428571428572 0.2126984126984127 0.00909090909090909 0.022222222222222223
2 0.5441558441558442 0.2015873015873016 0.011688311688311689 0.011111111111111112
2 0.5298701298701298 0.18412698412698414 0.00909090909090909 0.02857142857142857
1 0.4636363636363636 0.1492063492063492 0.015584415584415584 0.023809523809523808
2 0.4727272727272727 0.1380952380952381 0.00909090909090909 0.023809523809523808
2 0.4792207792207792 0.14603174603174604 0.006493506493506494 0.01904761904761905
2 0.4649350649350649 0.13015873015873017 0.007792207792207792 0.007936507936507936
1 0.4766233766233766 0.12222222222222222 0.00909090909090909 0.022222222222222223
1 0.4922077922077922 0.10952380952380952 0.00909090909090909 0.014285714285714285
2 0.5012987012987012 0.10317460317460317 0.006493506493506494 0.025396825396825397
2 0.4844155844155844 0.1253968253968254 0.005194805194805195 0.012698412698412698
2 0.4909090909090909 0.12222222222222222 0.006493506493506494 0.015873015873015872
1 0.4675324675324675 0.11428571428571428 0.00909090909090909 0.01904761904761905
1 0.4818181818181818 0.10317460317460317 0.011688311688311689 0.014285714285714285
1 0.4883116883116883 0.09841269841269841 0.00909090909090909 0.011111111111111112
1 0.5077922077922078 0.1492063492063492 0.00909090909090909 0.03015873015873016
0 0.4948051948051948 0.15873015873015872 0.02207792207792208 0.05714285714285714
1 0.4727272727272727 0.21746031746031746 0.02077922077922078 0.02857142857142857
1 0.4662337662337662 0.19682539682539682 0.015584415584415584 0.02857142857142857
1 0.4714285714285714 0.1746031746031746 0.01818181818181818 0.023809523809523808
1 0.4935064935064935 0.19523809523809524 0.016883116883116882 0.03492063492063492
1 0.509090909090909 0.2253968253968254 0.024675324675324677 0.031746031746031744
1 0.5116883116883116 0.20317460317460317 0.01818181818181818 0.023809523809523808
1 0.5974025974025974 0.4523809523809524 0.04285714285714286 0.09523809523809523
1 0.5376623376623376 0.5396825396825397 0.05844155844155844 0.1126984126984127
1 0.5441558441558442 0.6619047619047619 0.06233766233766234 0.18571428571428572
1 0.6493506493506493 0.6285714285714286 0.07272727272727272 0.16031746031746033
1 0.7350649350649351 0.834920634920635 0.11428571428571428 0.25396825396825395
2 0.7662337662337663 0.5253968253968254 0.03116883116883117 0.09047619047619047
1 0.6103896103896104 0.9174603174603174 0.11558441558441558 0.16507936507936508
1 0.7844155844155845 0.9904761904761905 0.032467532467532464 0.01746031746031746