1 0.7779220779220779 0.9523809523809523 0.10649350649350649 0.09523809523809523
1 0.5558441558441558 0.8174603174603174 0.08051948051948052 0.2523809523809524
1 0.6597402597402597 0.6603174603174603 0.10779220779220779 0.22380952380952382
1 0.5207792207792208 0.5047619047619047 0.06363636363636363 0.14603174603174604
1 0.5857142857142857 0.4111111111111111 0.05974025974025974 0.1126984126984127
1 0.5168831168831168 0.3968253968253968 0.05584415584415584 0.08571428571428572
1 0.4974025974025974 0.3476190476190476 0.033766233766233764 0.07777777777777778
1 0.5506493506493506 0.3238095238095238 0.05584415584415584 0.09682539682539683
1 0.5857142857142857 0.3111111111111111 0.03116883116883117 0.07777777777777778
1 0.4961038961038961 0.30158730158730157 0.03506493506493506 0.05873015873015873
1 0.5311688311688312 0.2857142857142857 0.033766233766233764 0.0746031746031746
1 0.4896103896103896 0.26666666666666666 0.024675324675324677 0.046031746031746035
1 0.4818181818181818 0.23174603174603176 0.02077922077922078 0.02857142857142857
1 0.4766233766233766 0.20476190476190476 0.02207792207792208 0.03650793650793651
2 0.4935064935064935 0.20634920634920634 0.007792207792207792 0.026984126984126985
2 0.4922077922077922 0.20793650793650795 0.007792207792207792 0.03333333333333333
1 0.4974025974025974 0.19206349206349208 0.01818181818181818 0.03492063492063492
0 0.4662337662337662 0.1634920634920635 0.02727272727272727 0.07142857142857142
1 0.4922077922077922 0.16825396825396827 0.014285714285714285 0.0380952380952381
1 0.4961038961038961 0.14761904761904762 0.01038961038961039 0.03333333333333333
1 0.4623376623376623 0.1253968253968254 0.012987012987012988 0.026984126984126985
1 0.4844155844155844 0.13968253968253969 0.011688311688311689 0.02857142857142857
1 0.4805194805194805 0.11587301587301588 0.011688311688311689 0.020634920634920634
1 0.4844155844155844 0.12380952380952381 0.01038961038961039 0.01746031746031746
1 0.4935064935064935 0.11587301587301588 0.014285714285714285 0.022222222222222223
1 0.4675324675324675 0.10793650793650794 0.011688311688311689 0.022222222222222223
1 0.4805194805194805 0.09841269841269841 0.011688311688311689 0.014285714285714285
1 0.4883116883116883 0.10317460317460317 0.007792207792207792 0.01746031746031746
1 0.4922077922077922 0.09682539682539683 0.00909090909090909 0.01904761904761905
3 0.5155844155844156 0.21587301587301588 0.03766233766233766 0.08571428571428572
2 0.5051948051948052 0.16031746031746033 0.007792207792207792 0.014285714285714285
2 0.5051948051948052 0.14761904761904762 0.005194805194805195 0.014285714285714285
2 0.5051948051948052 0.1349206349206349 0.007792207792207792 0.011111111111111112
2 0.5025974025974026 0.12222222222222222 0.006493506493506494 0.011111111111111112
2 0.5025974025974026 0.1111111111111111 0.005194805194805195 0.011111111111111112
2 0.5012987012987012 0.10158730158730159 0.005194805194805195 0.011111111111111112
1 0.5012987012987012 0.09047619047619047 0.00909090909090909 0.014285714285714285
2 0.5077922077922078 0.1111111111111111 0.005194805194805195 0.007936507936507936
2 0.5064935064935064 0.1 0.006493506493506494 0.007936507936507936
2 0.5103896103896104 0.1 0.003896103896103896 0.012698412698412698
2 0.5103896103896104 0.16666666666666666 0.005194805194805195 0.011111111111111112
2 0.5103896103896104 0.15714285714285714 0.005194805194805195 0.012698412698412698
2 0.5103896103896104 0.14761904761904762 0.006493506493506494 0.011111111111111112
2 0.5116883116883116 0.13968253968253969 0.006493506493506494 0.012698412698412698
2 0.5116883116883116 0.12222222222222222 0.005194805194805195 0.014285714285714285
2 0.5155844155844156 0.16984126984126985 0.006493506493506494 0.014285714285714285
2 0.512987012987013 0.15714285714285714 0.006493506493506494 0.011111111111111112
2 0.5181818181818182 0.15873015873015872 0.006493506493506494 0.011111111111111112
2 0.5272727272727272 0.1761904761904762 0.01038961038961039 0.014285714285714285
2 0.5233766233766234 0.1746031746031746 0.007792207792207792 0.011111111111111112
2 0.4974025974025974 0.19682539682539682 0.007792207792207792 0.025396825396825397
2 0.45714285714285713 0.21746031746031746 0.01038961038961039 0.02857142857142857
2 0.45714285714285713 0.2015873015873016 0.00909090909090909 0.023809523809523808
2 0.4662337662337662 0.25555555555555554 0.01038961038961039 0.03968253968253968
2 0.461038961038961 0.23492063492063492 0.003896103896103896 0.03492063492063492
2 0.5298701298701298 0.19047619047619047 0.006493506493506494 0.015873015873015872
2 0.535064935064935 0.21904761904761905 0.00909090909090909 0.0380952380952381
2 0.5402597402597402 0.2015873015873016 0.00909090909090909 0.020634920634920634
2 0.5415584415584416 0.20952380952380953 0.0025974025974025974 0.026984126984126985
2 0.5441558441558442 0.24285714285714285 0.01038961038961039 0.03650793650793651
2 0.5493506493506494 0.22380952380952382 0.00909090909090909 0.026984126984126985
2 0.5571428571428572 0.2634920634920635 0.012987012987012988 0.031746031746031744
2 0.564935064935065 0.24603174603174602 0.012987012987012988 0.03968253968253968
2 0.5766233766233766 0.2634920634920635 0.00909090909090909 0.02857142857142857
2 0.5961038961038961 0.28888888888888886 0.01038961038961039 0.0380952380952381
2 0.6051948051948052 0.3634920634920635 0.014285714285714285 0.06666666666666667
2 0.612987012987013 0.3333333333333333 0.011688311688311689 0.047619047619047616
2 0.6 0.3619047619047619 0.011688311688311689 0.03968253968253968
2 0.6194805194805195 0.35079365079365077 0.012987012987012988 0.05238095238095238
2 0.6376623376623377 0.37142857142857144 0.02207792207792208 0.05873015873015873
2 0.625974025974026 0.4015873015873016 0.016883116883116882 0.05238095238095238
2 0.638961038961039 0.4380952380952381 0.016883116883116882 0.05396825396825397
2 0.6415584415584416 0.47619047619047616 0.023376623376623377 0.06666666666666667
2 0.6363636363636364 0.5047619047619047 0.023376623376623377 0.08253968253968254
2 0.5636363636363636 0.5111111111111111 0.01948051948051948 0.10158730158730159
2 0.5844155844155844 0.5555555555555556 0.01948051948051948 0.07301587301587302
2 0.5935064935064935 0.6126984126984127 0.02207792207792208 0.1
2 0.574025974025974 0.6444444444444445 0.02077922077922078 0.1126984126984127
0 0.5844155844155844 0.7 0.0012987012987012987 0.004761904761904762
2 0.561038961038961 0.6634920634920635 0.01948051948051948 0.08412698412698413
2 0.5324675324675324 0.6746031746031746 0.02727272727272727 0.046031746031746035
2 0.4948051948051948 0.6968253968253968 0.02077922077922078 0.11587301587301588
2 0.6610389610389611 0.4301587301587302 0.011688311688311689 0.06666666666666667
2 0.6714285714285714 0.46825396825396826 0.023376623376623377 0.06507936507936508
2 0.6792207792207792 0.5174603174603175 0.025974025974025976 0.09682539682539683
2 0.6636363636363637 0.5349206349206349 0.023376623376623377 0.06984126984126984
2 0.7038961038961039 0.626984126984127 0.02987012987012987 0.12063492063492064
2 0.7194805194805195 0.5968253968253968 0.023376623376623377 0.1111111111111111
2 0.7350649350649351 0.5761904761904761 0.023376623376623377 0.10793650793650794
2 0.7493506493506493 0.6587301587301587 0.033766233766233764 0.10317460317460317
2 0.7831168831168831 0.6555555555555556 0.02857142857142857 0.11904761904761904
2 0.7532467532467533 0.7444444444444445 0.03116883116883117 0.13174603174603175
2 0.8012987012987013 0.7619047619047619 0.03896103896103896 0.1365079365079365
2 0.7415584415584415 0.819047619047619 0.03116883116883117 0.1365079365079365
2 0.6675324675324675 0.7825396825396825 0.046753246753246755 0.14126984126984127
2 0.6194805194805195 0.8269841269841269 0.032467532467532464 0.15714285714285714
2 0.6558441558441559 0.9158730158730158 0.023376623376623377 0.16825396825396827
2 0.6987012987012987 0.9380952380952381 0.032467532467532464 0.12380952380952381
2 0.5467532467532468 0.9587301587301588 0.03116883116883117 0.08253968253968254
2 0.9168831168831169 0.9777777777777777 0.03116883116883117 0.044444444444444446
2 0.8701298701298701 0.9809523809523809 0.02727272727272727 0.0380952380952381
2 0.8493506493506493 0.8952380952380953 0.03636363636363636 0.1492063492063492
2 0.8272727272727273 0.9158730158730158 0.04935064935064935 0.15079365079365079