3 0.5948051948051948 0.8222222222222222 0.13246753246753246 0.35555555555555557
3 0.5402597402597402 0.6428571428571429 0.06883116883116883 0.20793650793650795
3 0.4883116883116883 0.2619047619047619 0.048051948051948054 0.09682539682539683
2 0.4597402597402597 0.1492063492063492 0.006493506493506494 0.01904761904761905
2 0.461038961038961 0.13333333333333333 0.006493506493506494 0.007936507936507936
2 0.4792207792207792 0.1380952380952381 0.005194805194805195 0.015873015873015872
2 0.4662337662337662 0.13015873015873017 0.007792207792207792 0.015873015873015872
2 0.4753246753246753 0.12857142857142856 0.003896103896103896 0.012698412698412698
1 0.4779220779220779 0.12222222222222222 0.01038961038961039 0.022222222222222223
2 0.4831168831168831 0.14285714285714285 0.006493506493506494 0.01904761904761905
1 0.4909090909090909 0.13333333333333333 0.00909090909090909 0.01746031746031746
1 0.4701298701298701 0.18095238095238095 0.01818181818181818 0.023809523809523808
1 0.4753246753246753 0.25396825396825395 0.01948051948051948 0.031746031746031744
1 0.4766233766233766 0.22380952380952382 0.01818181818181818 0.023809523809523808
1 0.4714285714285714 0.20634920634920634 0.016883116883116882 0.01746031746031746
1 0.5064935064935064 0.22698412698412698 0.01818181818181818 0.03650793650793651
1 0.5376623376623376 0.23174603174603176 0.03116883116883117 0.031746031746031744
2 0.512987012987013 0.273015873015873 0.011688311688311689 0.020634920634920634
1 0.525974025974026 0.2634920634920635 0.023376623376623377 0.02857142857142857
1 0.5363636363636364 0.3238095238095238 0.02987012987012987 0.047619047619047616
1 0.5402597402597402 0.3 0.023376623376623377 0.044444444444444446
1 0.5064935064935064 0.36666666666666664 0.045454545454545456 0.049206349206349205
1 0.4935064935064935 0.3396825396825397 0.03116883116883117 0.046031746031746035
1 0.5831168831168831 0.30952380952380953 0.03116883116883117 0.05873015873015873
1 0.5675324675324676 0.353968253968254 0.03896103896103896 0.044444444444444446
1 0.5103896103896104 0.4126984126984127 0.05454545454545454 0.02857142857142857
1 0.5077922077922078 0.4793650793650794 0.04285714285714286 0.10476190476190476
1 0.5727272727272728 0.4015873015873016 0.04025974025974026 0.050793650793650794
1 0.6298701298701299 0.4253968253968254 0.045454545454545456 0.06507936507936508
1 0.5896103896103896 0.4777777777777778 0.04935064935064935 0.08888888888888889
1 0.6402597402597403 0.5666666666666667 0.05714285714285714 0.13333333333333333
1 0.7194805194805195 0.6142857142857143 0.07012987012987013 0.14126984126984127
1 0.6415584415584416 0.6888888888888889 0.07792207792207792 0.1492063492063492
1 0.7454545454545455 0.834920634920635 0.10909090909090909 0.26666666666666666
2 0.9454545454545454 0.9380952380952381 0.04155844155844156 0.12380952380952381
2 0.9025974025974026 0.9333333333333333 0.06493506493506493 0.12063492063492064
2 0.8753246753246753 0.9761904761904762 0.06623376623376623 0.046031746031746035
2 0.8168831168831169 0.9714285714285714 0.04415584415584416 0.05714285714285714
2 0.7623376623376623 0.9634920634920635 0.04415584415584416 0.07301587301587302
2 0.8285714285714286 0.9031746031746032 0.04285714285714286 0.1253968253968254
2 0.8467532467532467 0.8888888888888888 0.023376623376623377 0.1253968253968254
2 0.8506493506493507 0.7857142857142857 0.045454545454545456 0.06666666666666667
2 0.7909090909090909 0.8015873015873016 0.032467532467532464 0.10317460317460317
2 0.8272727272727273 0.7412698412698413 0.033766233766233764 0.10476190476190476
2 0.7909090909090909 0.7412698412698413 0.032467532467532464 0.0873015873015873
2 0.8103896103896104 0.6746031746031746 0.033766233766233764 0.0746031746031746
2 0.7766233766233767 0.6365079365079365 0.01948051948051948 0.10158730158730159
2 0.587012987012987 0.6095238095238096 0.02727272727272727 0.0761904761904762
2 0.5831168831168831 0.5507936507936508 0.032467532467532464 0.06984126984126984
2 0.6805194805194805 0.5571428571428572 0.01948051948051948 0.08571428571428572
2 0.7298701298701299 0.5634920634920635 0.015584415584415584 0.08412698412698413
2 0.7142857142857143 0.5301587301587302 0.02987012987012987 0.050793650793650794
2 0.7051948051948052 0.49206349206349204 0.023376623376623377 0.049206349206349205
2 0.6792207792207792 0.5142857142857142 0.025974025974025976 0.050793650793650794
2 0.6480519480519481 0.5031746031746032 0.02207792207792208 0.047619047619047616
2 0.6324675324675325 0.45714285714285713 0.014285714285714285 0.044444444444444446
2 0.6428571428571429 0.473015873015873 0.02077922077922078 0.044444444444444446
2 0.6675324675324675 0.48095238095238096 0.01948051948051948 0.03650793650793651
2 0.6779220779220779 0.45555555555555555 0.023376623376623377 0.03968253968253968
2 0.6467532467532467 0.40476190476190477 0.024675324675324677 0.05238095238095238
2 0.6662337662337663 0.4142857142857143 0.02077922077922078 0.0380952380952381
2 0.6064935064935065 0.38571428571428573 0.016883116883116882 0.05714285714285714
2 0.6363636363636364 0.3761904761904762 0.02077922077922078 0.025396825396825397
2 0.6181818181818182 0.3523809523809524 0.01818181818181818 0.0380952380952381
2 0.6337662337662338 0.3523809523809524 0.012987012987012988 0.04285714285714286
2 0.6194805194805195 0.319047619047619 0.02077922077922078 0.03968253968253968
2 0.6077922077922078 0.2984126984126984 0.015584415584415584 0.03650793650793651
2 0.5207792207792208 0.29365079365079366 0.015584415584415584 0.03650793650793651
2 0.5766233766233766 0.2857142857142857 0.012987012987012988 0.020634920634920634
2 0.5883116883116883 0.2761904761904762 0.00909090909090909 0.025396825396825397
2 0.5935064935064935 0.2841269841269841 0.014285714285714285 0.023809523809523808
2 0.5662337662337662 0.2650793650793651 0.01038961038961039 0.020634920634920634
2 0.5662337662337662 0.24126984126984127 0.014285714285714285 0.03333333333333333
2 0.551948051948052 0.21904761904761905 0.014285714285714285 0.03650793650793651
2 0.535064935064935 0.2111111111111111 0.01038961038961039 0.03015873015873016
2 0.5298701298701298 0.19047619047619047 0.01038961038961039 0.031746031746031744
2 0.538961038961039 0.19682539682539682 0.00909090909090909 0.026984126984126985
2 0.4948051948051948 0.2015873015873016 0.011688311688311689 0.026984126984126985
2 0.5454545454545454 0.26031746031746034 0.01948051948051948 0.03650793650793651
2 0.5038961038961038 0.17936507936507937 0.01038961038961039 0.020634920634920634
2 0.512987012987013 0.17142857142857143 0.011688311688311689 0.025396825396825397
2 0.5012987012987012 0.15714285714285714 0.00909090909090909 0.01746031746031746
2 0.5103896103896104 0.15079365079365079 0.00909090909090909 0.020634920634920634
2 0.5051948051948052 0.13968253968253969 0.00909090909090909 0.01904761904761905
2 0.5012987012987012 0.12698412698412698 0.003896103896103896 0.01904761904761905
2 0.487012987012987 0.11746031746031746 0.006493506493506494 0.011111111111111112
2 0.4935064935064935 0.11428571428571428 0.005194805194805195 0.01746031746031746
2 0.4935064935064935 0.10317460317460317 0.005194805194805195 0.009523809523809525
2 0.5012987012987012 0.10158730158730159 0.0012987012987012987 0.014285714285714285
2 0.5077922077922078 0.1 0.005194805194805195 0.012698412698412698
2 0.4701298701298701 0.11428571428571428 0.005194805194805195 0.012698412698412698
2 0.5038961038961038 0.09206349206349207 0.005194805194805195 0.007936507936507936