1 0.535064935064935 0.6666666666666666 0.06363636363636363 0.16507936507936508
1 0.5896103896103896 0.9174603174603174 0.07012987012987013 0.16507936507936508
1 0.6363636363636364 0.6571428571428571 0.05584415584415584 0.1619047619047619
1 0.6857142857142857 0.5793650793650794 0.05194805194805195 0.12380952380952381
1 0.587012987012987 0.5126984126984127 0.03636363636363636 0.11587301587301588
1 0.4961038961038961 0.4031746031746032 0.032467532467532464 0.08571428571428572
3 0.4922077922077922 0.3047619047619048 0.02987012987012987 0.09682539682539683
1 0.5636363636363636 0.39365079365079364 0.033766233766233764 0.07301587301587302
1 0.6051948051948052 0.37936507936507935 0.032467532467532464 0.0761904761904762
1 0.5441558441558442 0.3142857142857143 0.03116883116883117 0.06666666666666667
1 0.522077922077922 0.2777777777777778 0.014285714285714285 0.03650793650793651
3 0.4675324675324675 0.19365079365079366 0.016883116883116882 0.05714285714285714
1 0.5285714285714286 0.2222222222222222 0.02077922077922078 0.0380952380952381
1 0.5012987012987012 0.2222222222222222 0.01818181818181818 0.02857142857142857
1 0.5077922077922078 0.24444444444444444 0.015584415584415584 0.03968253968253968
1 0.512987012987013 0.1873015873015873 0.012987012987012988 0.03015873015873016
1 0.487012987012987 0.18888888888888888 0.011688311688311689 0.031746031746031744
1 0.487012987012987 0.16666666666666666 0.014285714285714285 0.023809523809523808
1 0.4597402597402597 0.15714285714285714 0.00909090909090909 0.020634920634920634
1 0.4766233766233766 0.14603174603174604 0.007792207792207792 0.01746031746031746
2 0.7207792207792207 0.8666666666666667 0.03896103896103896 0.18253968253968253
2 0.7571428571428571 0.8 0.03636363636363636 0.15079365079365079
2 0.7727272727272727 0.6507936507936508 0.025974025974025976 0.08095238095238096
2 0.7740259740259741 0.7158730158730159 0.03506493506493506 0.11428571428571428
2 0.8467532467532467 0.8031746031746032 0.033766233766233764 0.13333333333333333
2 0.812987012987013 0.8206349206349206 0.03506493506493506 0.10158730158730159
2 0.8948051948051948 0.9238095238095239 0.04415584415584416 0.1523809523809524
2 0.8389610389610389 0.9285714285714286 0.046753246753246755 0.13968253968253969
2 0.7805194805194805 0.9412698412698413 0.04935064935064935 0.11746031746031746
2 0.4961038961038961 0.5047619047619047 0.02727272727272727 0.09682539682539683
2 0.535064935064935 0.5555555555555556 0.023376623376623377 0.07777777777777778
2 0.5441558441558442 0.5158730158730159 0.01948051948051948 0.07142857142857142
2 0.5428571428571428 0.4666666666666667 0.015584415584415584 0.06984126984126984
2 0.5363636363636364 0.4301587301587302 0.012987012987012988 0.06349206349206349
2 0.5311688311688312 0.3984126984126984 0.015584415584415584 0.06031746031746032
2 0.574025974025974 0.32222222222222224 0.014285714285714285 0.050793650793650794
2 0.6376623376623377 0.39206349206349206 0.014285714285714285 0.06507936507936508
2 0.6246753246753247 0.3603174603174603 0.014285714285714285 0.06031746031746032
2 0.6558441558441559 0.42857142857142855 0.01948051948051948 0.06666666666666667
2 0.7220779220779221 0.5555555555555556 0.02077922077922078 0.07936507936507936
2 0.6233766233766234 0.5063492063492063 0.01948051948051948 0.08571428571428572
2 0.6350649350649351 0.473015873015873 0.014285714285714285 0.08095238095238096
2 0.6506493506493507 0.49206349206349204 0.016883116883116882 0.08095238095238096
2 0.6649350649350649 0.47619047619047616 0.015584415584415584 0.07936507936507936
2 0.6883116883116883 0.4936507936507937 0.01948051948051948 0.06349206349206349
2 0.6116883116883117 0.3253968253968254 0.012987012987012988 0.046031746031746035
2 0.5987012987012987 0.3126984126984127 0.01818181818181818 0.050793650793650794
2 0.5922077922077922 0.2904761904761905 0.01038961038961039 0.03650793650793651
2 0.4753246753246753 0.2222222222222222 0.00909090909090909 0.03968253968253968
2 0.487012987012987 0.23809523809523808 0.005194805194805195 0.022222222222222223
2 0.4649350649350649 0.13968253968253969 0.005194805194805195 0.01746031746031746
1 0.4883116883116883 0.15079365079365079 0.00909090909090909 0.015873015873015872
2 0.5025974025974026 0.173015873015873 0.005194805194805195 0.025396825396825397
2 0.5441558441558442 0.24285714285714285 0.007792207792207792 0.04285714285714286
2 0.5545454545454546 0.26666666666666666 0.007792207792207792 0.03333333333333333
2 0.5662337662337662 0.2619047619047619 0.00909090909090909 0.03492063492063492
1 0.4818181818181818 0.12857142857142856 0.007792207792207792 0.014285714285714285
1 0.4727272727272727 0.2507936507936508 0.015584415584415584 0.025396825396825397
2 0.5272727272727272 0.1873015873015873 0.006493506493506494 0.025396825396825397
2 0.5233766233766234 0.2015873015873016 0.006493506493506494 0.02857142857142857
2 0.5103896103896104 0.1492063492063492 0.005194805194805195 0.015873015873015872
2 0.5142857142857142 0.16666666666666666 0.003896103896103896 0.01746031746031746
2 0.5233766233766234 0.18095238095238095 0.006493506493506494 0.025396825396825397
2 0.5194805194805194 0.17142857142857143 0.005194805194805195 0.01904761904761905
2 0.509090909090909 0.16666666666666666 0.003896103896103896 0.015873015873015872
2 0.4597402597402597 0.13174603174603175 0.003896103896103896 0.020634920634920634
1 0.5012987012987012 0.1380952380952381 0.00909090909090909 0.026984126984126985
1 0.4948051948051948 0.1253968253968254 0.007792207792207792 0.014285714285714285
1 0.4753246753246753 0.10476190476190476 0.003896103896103896 0.007936507936507936
1 0.4662337662337662 0.10952380952380952 0.005194805194805195 0.006349206349206349
2 0.4727272727272727 0.12698412698412698 0.003896103896103896 0.01904761904761905
2 0.4675324675324675 0.12380952380952381 0.005194805194805195 0.015873015873015872
2 0.5714285714285714 0.28253968253968254 0.00909090909090909 0.03650793650793651
2 0.4935064935064935 0.1380952380952381 0.003896103896103896 0.020634920634920634
2 0.487012987012987 0.1380952380952381 0.003896103896103896 0.014285714285714285
1 0.4779220779220779 0.11746031746031746 0.006493506493506494 0.009523809523809525
1 0.4935064935064935 0.1111111111111111 0.007792207792207792 0.011111111111111112
1 0.4857142857142857 0.10793650793650794 0.006493506493506494 0.006349206349206349
2 0.461038961038961 0.11904761904761904 0.003896103896103896 0.01746031746031746
2 0.4883116883116883 0.12380952380952381 0.003896103896103896 0.015873015873015872
2 0.4844155844155844 0.11746031746031746 0.003896103896103896 0.009523809523809525