3 0.8402597402597403 0.8095238095238095 0.0987012987012987 0.32063492063492066
1 0.6779220779220779 0.8412698412698413 0.06623376623376623 0.22063492063492063
1 0.5337662337662338 0.6396825396825396 0.05194805194805195 0.13968253968253969
1 0.6415584415584416 0.5079365079365079 0.03896103896103896 0.10952380952380952
1 0.5493506493506494 0.45396825396825397 0.033766233766233764 0.12063492063492064
1 0.6 0.40476190476190477 0.02857142857142857 0.09206349206349207
1 0.538961038961039 0.33650793650793653 0.015584415584415584 0.05396825396825397
1 0.5246753246753246 0.2920634920634921 0.01818181818181818 0.04126984126984127
1 0.5285714285714286 0.2619047619047619 0.012987012987012988 0.044444444444444446
3 0.4805194805194805 0.24603174603174602 0.02987012987012987 0.0873015873015873
1 0.5025974025974026 0.19523809523809524 0.012987012987012988 0.025396825396825397
1 0.5324675324675324 0.2 0.016883116883116882 0.02857142857142857
1 0.4649350649350649 0.21428571428571427 0.01038961038961039 0.03492063492063492
1 0.4675324675324675 0.19047619047619047 0.014285714285714285 0.026984126984126985
3 0.4662337662337662 0.1380952380952381 0.012987012987012988 0.03015873015873016
1 0.4792207792207792 0.15555555555555556 0.01038961038961039 0.020634920634920634
1 0.4857142857142857 0.173015873015873 0.00909090909090909 0.026984126984126985
1 0.4688311688311688 0.16507936507936508 0.011688311688311689 0.022222222222222223
2 0.9571428571428572 0.6095238095238096 0.03116883116883117 0.09841269841269841
2 0.6142857142857143 0.6301587301587301 0.02857142857142857 0.12063492063492064
2 0.5974025974025974 0.7904761904761904 0.02727272727272727 0.1349206349206349
2 0.5363636363636364 0.9333333333333333 0.04025974025974026 0.13174603174603175
2 0.6181818181818182 0.946031746031746 0.03766233766233766 0.10634920634920635
2 0.7285714285714285 0.7873015873015873 0.02987012987012987 0.1365079365079365
2 0.7103896103896103 0.6873015873015873 0.03116883116883117 0.10158730158730159
2 0.7701298701298701 0.6460317460317461 0.03116883116883117 0.08253968253968254
2 0.7415584415584415 0.6063492063492063 0.02857142857142857 0.08888888888888889
2 0.687012987012987 0.5984126984126984 0.024675324675324677 0.09841269841269841
2 0.7103896103896103 0.5619047619047619 0.023376623376623377 0.09841269841269841
2 0.7298701298701299 0.5380952380952381 0.025974025974025976 0.06666666666666667
2 0.5844155844155844 0.5888888888888889 0.024675324675324677 0.10476190476190476
2 0.5636363636363636 0.5507936507936508 0.01948051948051948 0.10793650793650794
2 0.5051948051948052 0.5492063492063493 0.024675324675324677 0.09365079365079365
2 0.5025974025974026 0.4714285714285714 0.01948051948051948 0.06031746031746032
2 0.5961038961038961 0.5031746031746032 0.02077922077922078 0.08412698412698413
2 0.4935064935064935 0.43492063492063493 0.016883116883116882 0.06507936507936508
2 0.5103896103896104 0.42063492063492064 0.02207792207792208 0.06825396825396825
2 0.5155844155844156 0.36984126984126986 0.01948051948051948 0.06666666666666667
2 0.4883116883116883 0.3746031746031746 0.02077922077922078 0.06190476190476191
2 0.6584415584415585 0.4603174603174603 0.01818181818181818 0.06666666666666667
2 0.6493506493506493 0.43333333333333335 0.01818181818181818 0.05873015873015873
2 0.6337662337662338 0.4 0.014285714285714285 0.06349206349206349
2 0.6571428571428571 0.40476190476190477 0.012987012987012988 0.049206349206349205
2 0.6662337662337663 0.37142857142857144 0.03896103896103896 0.05873015873015873
2 0.6207792207792208 0.36666666666666664 0.016883116883116882 0.05873015873015873
2 0.5714285714285714 0.36507936507936506 0.015584415584415584 0.05555555555555555
2 0.5493506493506494 0.3761904761904762 0.014285714285714285 0.04285714285714286
1 0.5077922077922078 0.21587301587301588 0.014285714285714285 0.02857142857142857
2 0.4987012987012987 0.24761904761904763 0.012987012987012988 0.049206349206349205
2 0.512987012987013 0.25396825396825395 0.00909090909090909 0.04285714285714286
2 0.6051948051948052 0.3396825396825397 0.01038961038961039 0.05238095238095238
2 0.612987012987013 0.3253968253968254 0.01038961038961039 0.05238095238095238
2 0.587012987012987 0.3396825396825397 0.01038961038961039 0.04126984126984127
2 0.5558441558441558 0.3126984126984127 0.01038961038961039 0.05873015873015873
2 0.5662337662337662 0.3253968253968254 0.006493506493506494 0.05396825396825397
2 0.5792207792207792 0.32857142857142857 0.01038961038961039 0.03650793650793651
2 0.5532467532467532 0.28253968253968254 0.00909090909090909 0.03968253968253968
2 0.5558441558441558 0.2619047619047619 0.011688311688311689 0.031746031746031744
2 0.5987012987012987 0.30158730158730157 0.011688311688311689 0.04285714285714286
2 0.587012987012987 0.2920634920634921 0.00909090909090909 0.046031746031746035
2 0.5922077922077922 0.273015873015873 0.00909090909090909 0.03492063492063492
2 0.5532467532467532 0.22063492063492063 0.00909090909090909 0.03333333333333333
2 0.548051948051948 0.22063492063492063 0.01038961038961039 0.031746031746031744
2 0.5428571428571428 0.2523809523809524 0.012987012987012988 0.050793650793650794
2 0.5636363636363636 0.23333333333333334 0.00909090909090909 0.03333333333333333
2 0.5688311688311688 0.24603174603174602 0.00909090909090909 0.0380952380952381
2 0.5714285714285714 0.2777777777777778 0.014285714285714285 0.046031746031746035
1 0.5077922077922078 0.1634920634920635 0.007792207792207792 0.015873015873015872
1 0.4792207792207792 0.1365079365079365 0.006493506493506494 0.009523809523809525
1 0.4662337662337662 0.12698412698412698 0.007792207792207792 0.012698412698412698
1 0.4701298701298701 0.11428571428571428 0.011688311688311689 0.015873015873015872
1 0.4818181818181818 0.12063492063492064 0.005194805194805195 0.009523809523809525
1 0.4805194805194805 0.12698412698412698 0.005194805194805195 0.007936507936507936
2 0.5194805194805194 0.1984126984126984 0.005194805194805195 0.02857142857142857
2 0.5285714285714286 0.1746031746031746 0.006493506493506494 0.026984126984126985
2 0.5233766233766234 0.21746031746031746 0.007792207792207792 0.03968253968253968
2 0.4584415584415584 0.15396825396825398 0.003896103896103896 0.023809523809523808
2 0.4974025974025974 0.16984126984126985 0.007792207792207792 0.026984126984126985
1 0.4987012987012987 0.1492063492063492 0.014285714285714285 0.01746031746031746
2 0.4883116883116883 0.15555555555555556 0.005194805194805195 0.012698412698412698
1 0.4974025974025974 0.12063492063492064 0.007792207792207792 0.012698412698412698
2 0.5142857142857142 0.16031746031746033 0.005194805194805195 0.023809523809523808
2 0.5038961038961038 0.1746031746031746 0.003896103896103896 0.01746031746031746
2 0.509090909090909 0.18095238095238095 0.005194805194805195 0.01746031746031746
2 0.5168831168831168 0.17777777777777778 0.007792207792207792 0.03492063492063492
2 0.5194805194805194 0.16984126984126985 0.003896103896103896 0.01904761904761905
2 0.5194805194805194 0.15396825396825398 0.003896103896103896 0.020634920634920634
2 0.5103896103896104 0.14761904761904762 0.003896103896103896 0.015873015873015872
2 0.5077922077922078 0.14603174603174604 0.003896103896103896 0.015873015873015872
2 0.4896103896103896 0.11904761904761904 0.003896103896103896 0.01746031746031746
2 0.4857142857142857 0.14126984126984127 0.0025974025974025974 0.015873015873015872
2 0.4909090909090909 0.14126984126984127 0.0025974025974025974 0.01746031746031746
1 0.4961038961038961 0.1365079365079365 0.005194805194805195 0.011111111111111112
2 0.5051948051948052 0.1380952380952381 0.003896103896103896 0.011111111111111112
2 0.5142857142857142 0.13968253968253969 0.003896103896103896 0.014285714285714285
2 0.5012987012987012 0.1365079365079365 0.005194805194805195 0.012698412698412698
3 0.4792207792207792 0.10317460317460317 0.006493506493506494 0.025396825396825397
1 0.487012987012987 0.10952380952380952 0.005194805194805195 0.011111111111111112
1 0.4948051948051948 0.10476190476190476 0.007792207792207792 0.012698412698412698
2 0.4857142857142857 0.1 0.0025974025974025974 0.014285714285714285
1 0.4922077922077922 0.09523809523809523 0.006493506493506494 0.009523809523809525
1 0.535064935064935 0.21746031746031746 0.011688311688311689 0.02857142857142857
2 0.5155844155844156 0.2253968253968254 0.006493506493506494 0.023809523809523808
2 0.5025974025974026 0.2253968253968254 0.007792207792207792 0.02857142857142857
2 0.5103896103896104 0.1380952380952381 0.0025974025974025974 0.011111111111111112
2 0.4896103896103896 0.13015873015873017 0.003896103896103896 0.011111111111111112
2 0.4935064935064935 0.13015873015873017 0.003896103896103896 0.015873015873015872
2 0.5012987012987012 0.10158730158730159 0.003896103896103896 0.014285714285714285
2 0.6818181818181818 0.48095238095238096 0.012987012987012988 0.08095238095238096
2 0.5077922077922078 0.09523809523809523 0.0025974025974025974 0.014285714285714285
1 0.5 0.09206349206349207 0.006493506493506494 0.007936507936507936