2 0.8246753246753247 0.9476190476190476 0.03896103896103896 0.10476190476190476
2 0.990909090909091 0.9476190476190476 0.01818181818181818 0.08571428571428572
2 0.7779220779220779 0.9111111111111111 0.02987012987012987 0.08888888888888889
2 0.7935064935064935 0.8682539682539683 0.025974025974025976 0.1380952380952381
2 0.7532467532467533 0.8317460317460318 0.02207792207792208 0.1492063492063492
2 0.8077922077922078 0.8317460317460318 0.02987012987012987 0.14126984126984127
2 0.8233766233766234 0.7714285714285715 0.02727272727272727 0.1349206349206349
2 0.9363636363636364 0.7682539682539683 0.032467532467532464 0.14444444444444443
2 0.6116883116883117 0.6523809523809524 0.02207792207792208 0.11746031746031746
2 0.5948051948051948 0.6158730158730159 0.016883116883116882 0.11587301587301588
2 0.8467532467532467 0.5523809523809524 0.025974025974025976 0.03650793650793651
2 0.8272727272727273 0.5238095238095238 0.02207792207792208 0.06507936507936508
2 0.8350649350649351 0.4984126984126984 0.01948051948051948 0.07777777777777778
2 0.6974025974025974 0.5746031746031746 0.016883116883116882 0.02857142857142857
2 0.7038961038961039 0.5634920634920635 0.01818181818181818 0.06984126984126984
2 0.687012987012987 0.5444444444444444 0.016883116883116882 0.05238095238095238
2 0.6662337662337663 0.5206349206349207 0.01038961038961039 0.0761904761904762
2 0.6584415584415585 0.4746031746031746 0.00909090909090909 0.05714285714285714
2 0.6701298701298701 0.46825396825396826 0.015584415584415584 0.05873015873015873
2 0.6493506493506493 0.4492063492063492 0.00909090909090909 0.07301587301587302
2 0.6597402597402597 0.41904761904761906 0.014285714285714285 0.047619047619047616
2 0.6623376623376623 0.3904761904761905 0.015584415584415584 0.020634920634920634
2 0.6493506493506493 0.3968253968253968 0.016883116883116882 0.022222222222222223
2 0.6441558441558441 0.3746031746031746 0.01038961038961039 0.03968253968253968
2 0.638961038961039 0.353968253968254 0.01038961038961039 0.03333333333333333
2 0.7961038961038961 0.4603174603174603 0.02987012987012987 0.10158730158730159
2 0.7545454545454545 0.4142857142857143 0.02077922077922078 0.047619047619047616
2 0.7688311688311689 0.4111111111111111 0.014285714285714285 0.05555555555555555
2 0.7571428571428571 0.3634920634920635 0.012987012987012988 0.031746031746031744
2 0.7402597402597403 0.3396825396825397 0.014285714285714285 0.047619047619047616
2 0.7233766233766233 0.3111111111111111 0.02207792207792208 0.05238095238095238
2 0.7103896103896103 0.2968253968253968 0.014285714285714285 0.03492063492063492
2 0.7090909090909091 0.28253968253968254 0.016883116883116882 0.03492063492063492
2 0.6974025974025974 0.273015873015873 0.011688311688311689 0.03492063492063492
2 0.6727272727272727 0.2857142857142857 0.012987012987012988 0.031746031746031744
2 0.6714285714285714 0.2619047619047619 0.012987012987012988 0.031746031746031744
2 0.6896103896103896 0.24285714285714285 0.01038961038961039 0.031746031746031744
2 0.6714285714285714 0.21746031746031746 0.011688311688311689 0.02857142857142857
2 0.6623376623376623 0.2126984126984127 0.012987012987012988 0.03650793650793651
2 0.6545454545454545 0.20317460317460317 0.011688311688311689 0.03015873015873016
2 0.6467532467532467 0.18888888888888888 0.01038961038961039 0.03492063492063492
2 0.6233766233766234 0.14603174603174604 0.011688311688311689 0.026984126984126985
2 0.612987012987013 0.14126984126984127 0.006493506493506494 0.02857142857142857
2 0.5818181818181818 0.1349206349206349 0.006493506493506494 0.009523809523809525
2 0.6090909090909091 0.10634920634920635 0.00909090909090909 0.012698412698412698
1 0.8922077922077922 0.8793650793650793 0.1038961038961039 0.19682539682539682
1 0.874025974025974 0.6888888888888889 0.10519480519480519 0.24444444444444444
1 0.7506493506493507 0.6952380952380952 0.08701298701298701 0.19523809523809524
1 0.7519480519480519 0.5634920634920635 0.06363636363636363 0.1634920634920635
1 0.7727272727272727 0.49047619047619045 0.05584415584415584 0.10158730158730159
1 0.6298701298701299 0.5396825396825397 0.05064935064935065 0.09841269841269841
1 0.6701298701298701 0.33650793650793653 0.032467532467532464 0.06984126984126984
1 0.6974025974025974 0.3111111111111111 0.02857142857142857 0.044444444444444446
1 0.6428571428571429 0.30793650793650795 0.025974025974025976 0.06190476190476191
1 0.577922077922078 0.15873015873015872 0.01818181818181818 0.03968253968253968
1 0.5974025974025974 0.14603174603174604 0.016883116883116882 0.03015873015873016
1 0.625974025974026 0.16666666666666666 0.023376623376623377 0.022222222222222223
1 0.5792207792207792 0.10952380952380952 0.01038961038961039 0.023809523809523808
1 0.587012987012987 0.0873015873015873 0.012987012987012988 0.025396825396825397
3 0.674025974025974 0.7523809523809524 0.09480519480519481 0.38571428571428573
3 0.612987012987013 0.4222222222222222 0.05844155844155844 0.16031746031746033
3 0.7090909090909091 0.4142857142857143 0.06623376623376623 0.2
3 0.5974025974025974 0.2841269841269841 0.05194805194805195 0.13174603174603175
3 0.6480519480519481 0.25873015873015875 0.032467532467532464 0.08095238095238096
3 0.6220779220779221 0.20317460317460317 0.04155844155844156 0.08571428571428572
3 0.6025974025974026 0.08571428571428572 0.014285714285714285 0.044444444444444446