3 0.6012987012987013 0.9 0.16623376623376623 0.1984126984126984
1 0.5662337662337662 0.7444444444444445 0.09090909090909091 0.18888888888888888
1 0.5454545454545454 0.5619047619047619 0.08051948051948052 0.15873015873015872
1 0.7181818181818181 0.5952380952380952 0.08961038961038961 0.15555555555555556
1 0.6090909090909091 0.5365079365079365 0.07142857142857142 0.17936507936507937
1 0.6441558441558441 0.4365079365079365 0.08051948051948052 0.12698412698412698
1 0.525974025974026 0.4380952380952381 0.053246753246753244 0.1253968253968254
1 0.5792207792207792 0.3952380952380952 0.05194805194805195 0.1
1 0.5025974025974026 0.35079365079365077 0.04155844155844156 0.08571428571428572
1 0.5493506493506494 0.29365079365079366 0.03896103896103896 0.06825396825396825
1 0.5883116883116883 0.30158730158730157 0.032467532467532464 0.06984126984126984
1 0.5753246753246753 0.2698412698412698 0.045454545454545456 0.0380952380952381
1 0.4948051948051948 0.26825396825396824 0.046753246753246755 0.06984126984126984
3 0.5285714285714286 0.22698412698412698 0.03506493506493506 0.08571428571428572
1 0.551948051948052 0.22063492063492063 0.03636363636363636 0.05714285714285714
1 0.4779220779220779 0.2365079365079365 0.032467532467532464 0.0380952380952381
1 0.4701298701298701 0.20952380952380953 0.033766233766233764 0.049206349206349205
1 0.4675324675324675 0.18571428571428572 0.04415584415584416 0.04285714285714286
1 0.4688311688311688 0.173015873015873 0.024675324675324677 0.03650793650793651
3 0.5012987012987012 0.1873015873015873 0.03766233766233766 0.07301587301587302
1 0.5246753246753246 0.173015873015873 0.03116883116883117 0.0380952380952381
2 0.7961038961038961 0.953968253968254 0.07792207792207792 0.09206349206349207
2 0.8545454545454545 0.9238095238095239 0.08311688311688312 0.1523809523809524
2 0.7636363636363637 0.7968253968253968 0.07922077922077922 0.1761904761904762
2 0.6467532467532467 0.7206349206349206 0.07532467532467532 0.16825396825396827
2 0.4675324675324675 0.2761904761904762 0.03116883116883117 0.05555555555555555
2 0.5818181818181818 0.2619047619047619 0.02207792207792208 0.050793650793650794
2 0.5935064935064935 0.2698412698412698 0.015584415584415584 0.03968253968253968
2 0.5506493506493506 0.2507936507936508 0.015584415584415584 0.03492063492063492
2 0.5545454545454546 0.22698412698412698 0.016883116883116882 0.03492063492063492
2 0.5662337662337662 0.23015873015873015 0.02077922077922078 0.0380952380952381
2 0.4714285714285714 0.15396825396825398 0.014285714285714285 0.04126984126984127
2 0.4831168831168831 0.1634920634920635 0.01948051948051948 0.044444444444444446
2 0.4961038961038961 0.11746031746031746 0.012987012987012988 0.031746031746031744
2 0.4922077922077922 0.09682539682539683 0.011688311688311689 0.03333333333333333
1 0.5038961038961038 0.09682539682539683 0.011688311688311689 0.026984126984126985