1 0.7116883116883117 0.7063492063492064 0.07272727272727272 0.19365079365079366
1 0.5753246753246753 0.6365079365079365 0.07272727272727272 0.18253968253968253
3 0.5155844155844156 0.4031746031746032 0.07402597402597402 0.20952380952380953
1 0.5805194805194805 0.3984126984126984 0.04285714285714286 0.09682539682539683
1 0.6 0.326984126984127 0.024675324675324677 0.05555555555555555
2 0.512987012987013 0.2857142857142857 0.01038961038961039 0.03650793650793651
1 0.5168831168831168 0.2619047619047619 0.01948051948051948 0.03968253968253968
1 0.4792207792207792 0.2396825396825397 0.015584415584415584 0.044444444444444446
1 0.4675324675324675 0.21428571428571427 0.014285714285714285 0.031746031746031744
2 0.5012987012987012 0.23492063492063492 0.006493506493506494 0.03015873015873016
1 0.5116883116883116 0.22063492063492063 0.012987012987012988 0.03015873015873016
1 0.4727272727272727 0.18888888888888888 0.014285714285714285 0.02857142857142857
1 0.4922077922077922 0.18412698412698414 0.012987012987012988 0.03015873015873016
1 0.4727272727272727 0.16031746031746033 0.012987012987012988 0.025396825396825397
2 0.45454545454545453 0.16507936507936508 0.006493506493506494 0.02857142857142857
1 0.4649350649350649 0.14444444444444443 0.007792207792207792 0.01904761904761905
1 0.4714285714285714 0.14761904761904762 0.00909090909090909 0.014285714285714285
1 0.4948051948051948 0.1619047619047619 0.014285714285714285 0.023809523809523808
1 0.7337662337662337 0.9412698412698413 0.07532467532467532 0.11746031746031746
2 0.4792207792207792 0.1619047619047619 0.006493506493506494 0.025396825396825397
1 0.4831168831168831 0.14444444444444443 0.007792207792207792 0.01746031746031746
1 0.509090909090909 0.15079365079365079 0.00909090909090909 0.020634920634920634
3 0.4662337662337662 0.12063492063492064 0.014285714285714285 0.03650793650793651
1 0.4883116883116883 0.1349206349206349 0.007792207792207792 0.014285714285714285
1 0.4805194805194805 0.12857142857142856 0.007792207792207792 0.015873015873015872
1 0.4779220779220779 0.11587301587301588 0.01038961038961039 0.01904761904761905
2 0.4974025974025974 0.1365079365079365 0.005194805194805195 0.015873015873015872
1 0.4974025974025974 0.13015873015873017 0.00909090909090909 0.007936507936507936
2 0.6805194805194805 0.3682539682539683 0.025974025974025976 0.06031746031746032
2 0.8415584415584415 0.8777777777777778 0.045454545454545456 0.15396825396825398
2 0.8 0.7571428571428571 0.045454545454545456 0.12063492063492064
2 0.7584415584415585 0.6476190476190476 0.03506493506493506 0.12222222222222222
2 0.712987012987013 0.5888888888888889 0.01818181818181818 0.06349206349206349
2 0.6662337662337663 0.5936507936507937 0.025974025974025976 0.09206349206349207
2 0.6883116883116883 0.5285714285714286 0.02727272727272727 0.10317460317460317
2 0.6558441558441559 0.5349206349206349 0.024675324675324677 0.07777777777777778
2 0.6649350649350649 0.46984126984126984 0.016883116883116882 0.08253968253968254
2 0.6441558441558441 0.4873015873015873 0.02077922077922078 0.0746031746031746
2 0.6207792207792208 0.4015873015873016 0.02207792207792208 0.08095238095238096
2 0.512987012987013 0.734920634920635 0.02987012987012987 0.14126984126984127
2 0.5571428571428572 0.8253968253968254 0.03766233766233766 0.16984126984126985
2 0.551948051948052 0.973015873015873 0.03116883116883117 0.05238095238095238
2 0.4727272727272727 0.3 0.012987012987012988 0.047619047619047616
2 0.4675324675324675 0.26825396825396824 0.00909090909090909 0.03492063492063492
2 0.4831168831168831 0.2714285714285714 0.011688311688311689 0.044444444444444446
2 0.4922077922077922 0.2904761904761905 0.011688311688311689 0.03492063492063492
2 0.5246753246753246 0.28253968253968254 0.00909090909090909 0.04126984126984127
2 0.535064935064935 0.28888888888888886 0.01038961038961039 0.03968253968253968
2 0.5415584415584416 0.2857142857142857 0.006493506493506494 0.03968253968253968
2 0.5506493506493506 0.273015873015873 0.00909090909090909 0.03333333333333333
2 0.551948051948052 0.3047619047619048 0.007792207792207792 0.031746031746031744
2 0.5597402597402598 0.326984126984127 0.01038961038961039 0.044444444444444446
2 0.5701298701298702 0.3238095238095238 0.00909090909090909 0.050793650793650794
2 0.5623376623376624 0.2968253968253968 0.00909090909090909 0.031746031746031744
2 0.5714285714285714 0.28888888888888886 0.005194805194805195 0.03015873015873016
2 0.5792207792207792 0.28888888888888886 0.007792207792207792 0.049206349206349205
2 0.5623376623376624 0.2761904761904762 0.006493506493506494 0.026984126984126985
2 0.538961038961039 0.2634920634920635 0.007792207792207792 0.026984126984126985
2 0.5441558441558442 0.24603174603174602 0.006493506493506494 0.03968253968253968
2 0.551948051948052 0.25555555555555554 0.007792207792207792 0.03015873015873016
2 0.5584415584415584 0.24285714285714285 0.007792207792207792 0.03968253968253968
2 0.564935064935065 0.2571428571428571 0.00909090909090909 0.022222222222222223
2 0.574025974025974 0.26666666666666666 0.006493506493506494 0.02857142857142857
2 0.5337662337662338 0.2365079365079365 0.007792207792207792 0.026984126984126985
2 0.538961038961039 0.21904761904761905 0.01038961038961039 0.03968253968253968
2 0.548051948051948 0.21904761904761905 0.00909090909090909 0.02857142857142857
2 0.5246753246753246 0.21428571428571427 0.00909090909090909 0.03650793650793651
1 0.525974025974026 0.19206349206349208 0.01818181818181818 0.025396825396825397
2 0.5012987012987012 0.25396825396825395 0.007792207792207792 0.03333333333333333
2 0.4883116883116883 0.21904761904761905 0.006493506493506494 0.03333333333333333
2 0.4961038961038961 0.2253968253968254 0.006493506493506494 0.025396825396825397
2 0.509090909090909 0.17142857142857143 0.006493506493506494 0.026984126984126985
1 0.5168831168831168 0.16825396825396827 0.003896103896103896 0.01746031746031746
1 0.5207792207792208 0.16825396825396827 0.005194805194805195 0.020634920634920634
2 0.525974025974026 0.17142857142857143 0.007792207792207792 0.02857142857142857
2 0.512987012987013 0.15873015873015872 0.005194805194805195 0.025396825396825397
2 0.5194805194805194 0.15555555555555556 0.003896103896103896 0.012698412698412698
2 0.5012987012987012 0.12380952380952381 0.006493506493506494 0.022222222222222223
2 0.5077922077922078 0.12698412698412698 0.006493506493506494 0.01904761904761905
2 0.487012987012987 0.11904761904761904 0.005194805194805195 0.015873015873015872
3 0.4922077922077922 0.10158730158730159 0.00909090909090909 0.020634920634920634
1 0.4961038961038961 0.11587301587301588 0.007792207792207792 0.01904761904761905
2 0.5 0.10634920634920635 0.005194805194805195 0.015873015873015872
2 0.5051948051948052 0.10793650793650794 0.005194805194805195 0.01904761904761905