1 0.5402597402597402 0.4253968253968254 0.045454545454545456 0.09523809523809523
1 0.5246753246753246 0.30158730158730157 0.032467532467532464 0.07301587301587302
1 0.6246753246753247 0.4031746031746032 0.048051948051948054 0.1111111111111111
1 0.6090909090909091 0.5095238095238095 0.053246753246753244 0.11904761904761904
1 0.6350649350649351 0.6301587301587301 0.05974025974025974 0.1523809523809524
1 0.5727272727272728 0.773015873015873 0.08051948051948052 0.19365079365079366
1 0.6103896103896104 0.946031746031746 0.08311688311688312 0.10793650793650794
0 0.7675324675324675 0.9238095238095239 0.1012987012987013 0.1523809523809524
1 0.4792207792207792 0.18412698412698414 0.023376623376623377 0.04285714285714286
1 0.4688311688311688 0.1349206349206349 0.011688311688311689 0.01904761904761905
2 0.4805194805194805 0.1111111111111111 0.006493506493506494 0.015873015873015872
2 0.4896103896103896 0.13015873015873017 0.007792207792207792 0.022222222222222223
1 0.4909090909090909 0.1126984126984127 0.011688311688311689 0.022222222222222223
1 0.4714285714285714 0.11904761904761904 0.012987012987012988 0.01746031746031746
2 0.4974025974025974 0.16984126984126985 0.01038961038961039 0.03015873015873016
2 0.5155844155844156 0.16825396825396827 0.00909090909090909 0.03015873015873016
2 0.4844155844155844 0.24126984126984127 0.012987012987012988 0.044444444444444446
2 0.5454545454545454 0.2222222222222222 0.011688311688311689 0.0380952380952381
2 0.5324675324675324 0.19523809523809524 0.01038961038961039 0.03333333333333333
2 0.5831168831168831 0.3126984126984127 0.01038961038961039 0.05555555555555555
1 0.5584415584415584 0.2746031746031746 0.02727272727272727 0.06031746031746032
2 0.4935064935064935 0.43174603174603177 0.02207792207792208 0.08888888888888889
2 0.6792207792207792 0.9285714285714286 0.04415584415584416 0.14285714285714285
2 0.9090909090909091 0.9095238095238095 0.03636363636363636 0.13174603174603175
2 0.9207792207792208 0.9777777777777777 0.03896103896103896 0.044444444444444446
2 0.861038961038961 0.9253968253968254 0.04025974025974026 0.13174603174603175
2 0.8324675324675325 0.9222222222222223 0.01948051948051948 0.09682539682539683
2 0.8064935064935065 0.8523809523809524 0.02077922077922078 0.07777777777777778
2 0.7740259740259741 0.7904761904761904 0.025974025974025976 0.1
2 0.8285714285714286 0.8285714285714286 0.02857142857142857 0.10634920634920635
2 0.8298701298701299 0.7555555555555555 0.025974025974025976 0.11587301587301588
2 0.7935064935064935 0.7603174603174603 0.02857142857142857 0.10952380952380952
2 0.7415584415584415 0.7333333333333333 0.02207792207792208 0.08888888888888889
2 0.7623376623376623 0.7142857142857143 0.024675324675324677 0.09206349206349207
2 0.7155844155844155 0.6714285714285714 0.02077922077922078 0.06984126984126984
2 0.7298701298701299 0.6476190476190476 0.01948051948051948 0.08095238095238096
2 0.7324675324675325 0.6031746031746031 0.024675324675324677 0.08412698412698413
2 0.6948051948051948 0.6285714285714286 0.024675324675324677 0.08571428571428572
2 0.6753246753246753 0.5904761904761905 0.01948051948051948 0.08095238095238096
2 0.5051948051948052 0.10476190476190476 0.005194805194805195 0.01746031746031746
2 0.535064935064935 0.6634920634920635 0.023376623376623377 0.10793650793650794