2 0.6376623376623377 0.819047619047619 0.04935064935064935 0.17936507936507937
2 0.6558441558441559 0.653968253968254 0.02857142857142857 0.13333333333333333
2 0.6558441558441559 0.5206349206349207 0.023376623376623377 0.10476190476190476
2 0.4974025974025974 0.4 0.01948051948051948 0.07936507936507936
2 0.574025974025974 0.4158730158730159 0.02077922077922078 0.1
2 0.5948051948051948 0.3968253968253968 0.02207792207792208 0.09206349206349207
2 0.6051948051948052 0.34444444444444444 0.02207792207792208 0.07142857142857142
2 0.5233766233766234 0.273015873015873 0.02207792207792208 0.06349206349206349
2 0.4714285714285714 0.16031746031746033 0.01038961038961039 0.03015873015873016
2 0.487012987012987 0.1523809523809524 0.005194805194805195 0.02857142857142857
2 0.4896103896103896 0.14285714285714285 0.005194805194805195 0.025396825396825397
2 0.5 0.1492063492063492 0.007792207792207792 0.026984126984126985
2 0.4883116883116883 0.12063492063492064 0.005194805194805195 0.020634920634920634
2 0.4935064935064935 0.18095238095238095 0.006493506493506494 0.03333333333333333
2 0.4987012987012987 0.17936507936507937 0.005194805194805195 0.03015873015873016
1 0.5155844155844156 0.16666666666666666 0.014285714285714285 0.03650793650793651
1 0.5688311688311688 0.2619047619047619 0.02857142857142857 0.08412698412698413
1 0.7376623376623377 0.653968253968254 0.08961038961038961 0.1984126984126984
1 0.8090909090909091 0.8984126984126984 0.11038961038961038 0.2015873015873016