1 0.538961038961039 0.6777777777777778 0.08831168831168831 0.19047619047619047
1 0.6974025974025974 0.6428571428571429 0.07662337662337662 0.2253968253968254
1 0.5896103896103896 0.5507936507936508 0.07402597402597402 0.14285714285714285
1 0.577922077922078 0.9412698412698413 0.13246753246753246 0.11746031746031746
1 0.5467532467532468 0.3873015873015873 0.045454545454545456 0.0761904761904762
1 0.5324675324675324 0.3253968253968254 0.03636363636363636 0.06190476190476191
1 0.5207792207792208 0.2841269841269841 0.023376623376623377 0.046031746031746035
3 0.4818181818181818 0.3238095238095238 0.06233766233766234 0.15555555555555556
1 0.5064935064935064 0.26031746031746034 0.02857142857142857 0.04126984126984127
1 0.4948051948051948 0.2253968253968254 0.02987012987012987 0.03650793650793651
2 0.4597402597402597 0.23174603174603176 0.02077922077922078 0.046031746031746035
1 0.4844155844155844 0.2 0.032467532467532464 0.02857142857142857
3 0.44415584415584414 0.1984126984126984 0.02857142857142857 0.08888888888888889
1 0.4623376623376623 0.1619047619047619 0.02077922077922078 0.02857142857142857
3 0.43116883116883115 0.14126984126984127 0.02077922077922078 0.03968253968253968
1 0.44935064935064933 0.12063492063492064 0.011688311688311689 0.02857142857142857
2 0.43376623376623374 0.10634920634920635 0.006493506493506494 0.01746031746031746
1 0.45194805194805193 0.10476190476190476 0.014285714285714285 0.023809523809523808
2 0.4636363636363636 0.09047619047619047 0.005194805194805195 0.015873015873015872
2 0.474025974025974 0.0873015873015873 0.011688311688311689 0.014285714285714285
2 0.4688311688311688 0.09206349206349207 0.003896103896103896 0.012698412698412698
1 0.474025974025974 0.0746031746031746 0.01038961038961039 0.01746031746031746
1 0.4701298701298701 0.07777777777777778 0.006493506493506494 0.012698412698412698
2 0.7662337662337663 0.7047619047619048 0.03506493506493506 0.1365079365079365
2 0.4987012987012987 0.5174603174603175 0.02857142857142857 0.09047619047619047
2 0.6324675324675325 0.5238095238095238 0.02727272727272727 0.08412698412698413
2 0.687012987012987 0.5222222222222223 0.03636363636363636 0.06507936507936508
2 0.6454545454545455 0.4857142857142857 0.02727272727272727 0.07936507936507936
2 0.6142857142857143 0.48095238095238096 0.02987012987012987 0.0761904761904762
2 0.6441558441558441 0.4444444444444444 0.02077922077922078 0.06825396825396825
2 0.5974025974025974 0.4174603174603175 0.025974025974025976 0.06984126984126984
2 0.6181818181818182 0.40634920634920635 0.01818181818181818 0.07936507936507936
2 0.5766233766233766 0.3634920634920635 0.02077922077922078 0.06031746031746032
2 0.5883116883116883 0.3619047619047619 0.016883116883116882 0.049206349206349205
2 0.6077922077922078 0.353968253968254 0.01038961038961039 0.050793650793650794
2 0.5753246753246753 0.3349206349206349 0.02207792207792208 0.04126984126984127
2 0.5922077922077922 0.32857142857142857 0.02077922077922078 0.050793650793650794
2 0.5623376623376624 0.30158730158730157 0.01948051948051948 0.047619047619047616
2 0.5831168831168831 0.3 0.016883116883116882 0.0380952380952381
2 0.43896103896103894 0.2904761904761905 0.023376623376623377 0.06190476190476191
2 0.5363636363636364 0.2714285714285714 0.01818181818181818 0.04126984126984127
2 0.5376623376623376 0.24126984126984127 0.016883116883116882 0.03015873015873016
2 0.4584415584415584 0.1984126984126984 0.014285714285714285 0.026984126984126985
2 0.4948051948051948 0.16825396825396827 0.011688311688311689 0.02857142857142857
2 0.45324675324675323 0.1523809523809524 0.012987012987012988 0.022222222222222223
2 0.461038961038961 0.14444444444444443 0.007792207792207792 0.015873015873015872
2 0.4779220779220779 0.1380952380952381 0.01038961038961039 0.026984126984126985
2 0.4649350649350649 0.13174603174603175 0.00909090909090909 0.01904761904761905
2 0.4662337662337662 0.11904761904761904 0.01038961038961039 0.020634920634920634
2 0.474025974025974 0.11904761904761904 0.006493506493506494 0.01904761904761905