1 0.5701298701298702 0.9666666666666667 0.09610389610389611 0.06666666666666667
2 0.5558441558441558 0.8650793650793651 0.08961038961038961 0.1380952380952381
1 0.7220779220779221 0.9222222222222223 0.11688311688311688 0.15396825396825398
1 0.6714285714285714 0.7793650793650794 0.11428571428571428 0.1984126984126984
1 0.6324675324675325 0.6063492063492063 0.07792207792207792 0.1619047619047619
3 0.5415584415584416 0.6587301587301587 0.11168831168831168 0.29365079365079366
1 0.5194805194805194 0.5111111111111111 0.04935064935064935 0.08253968253968254
1 0.509090909090909 0.4396825396825397 0.05194805194805195 0.09523809523809523
1 0.4961038961038961 0.2873015873015873 0.03896103896103896 0.07777777777777778
1 0.5038961038961038 0.13174603174603175 0.01948051948051948 0.03650793650793651
1 0.4857142857142857 0.11587301587301588 0.014285714285714285 0.020634920634920634
1 0.5025974025974026 0.10476190476190476 0.01038961038961039 0.023809523809523808
2 0.474025974025974 0.11428571428571428 0.007792207792207792 0.023809523809523808
2 0.4779220779220779 0.12857142857142856 0.00909090909090909 0.026984126984126985
2 0.4883116883116883 0.13015873015873017 0.006493506493506494 0.026984126984126985
2 0.5168831168831168 0.17142857142857143 0.006493506493506494 0.023809523809523808
2 0.522077922077922 0.18253968253968253 0.007792207792207792 0.03015873015873016
2 0.535064935064935 0.2365079365079365 0.015584415584415584 0.047619047619047616
2 0.5532467532467532 0.2492063492063492 0.011688311688311689 0.025396825396825397
2 0.5597402597402598 0.24126984126984127 0.016883116883116882 0.03650793650793651
2 0.6012987012987013 0.2984126984126984 0.012987012987012988 0.03015873015873016
2 0.6181818181818182 0.346031746031746 0.012987012987012988 0.046031746031746035
2 0.551948051948052 0.4793650793650794 0.02077922077922078 0.07301587301587302
2 0.525974025974026 0.3904761904761905 0.023376623376623377 0.06349206349206349
2 0.6662337662337663 0.4492063492063492 0.02987012987012987 0.06190476190476191
2 0.6610389610389611 0.4984126984126984 0.02987012987012987 0.08571428571428572
0 0.5753246753246753 0.3476190476190476 0.09090909090909091 0.17936507936507937
3 0.6051948051948052 0.4380952380952381 0.08831168831168831 0.2
2 0.6766233766233766 0.6015873015873016 0.023376623376623377 0.10952380952380952
2 0.7038961038961039 0.553968253968254 0.025974025974025976 0.05714285714285714
2 0.7038961038961039 0.5936507936507937 0.033766233766233764 0.08095238095238096
2 0.6974025974025974 0.6444444444444445 0.023376623376623377 0.09841269841269841
2 0.7168831168831169 0.7063492063492064 0.02857142857142857 0.10952380952380952
2 0.7610389610389611 0.6190476190476191 0.033766233766233764 0.10476190476190476
2 0.7389610389610389 0.6365079365079365 0.023376623376623377 0.08412698412698413
2 0.7376623376623377 0.692063492063492 0.024675324675324677 0.09523809523809523
2 0.7675324675324675 0.6984126984126984 0.025974025974025976 0.09365079365079365
2 0.7623376623376623 0.7476190476190476 0.032467532467532464 0.09365079365079365
2 0.7441558441558441 0.7984126984126985 0.03116883116883117 0.1253968253968254
2 0.7805194805194805 0.8984126984126984 0.03506493506493506 0.1492063492063492
2 0.7896103896103897 0.8396825396825397 0.03506493506493506 0.1380952380952381
2 0.8051948051948052 0.7698412698412699 0.03116883116883117 0.14444444444444443
2 0.8207792207792208 0.7396825396825397 0.02857142857142857 0.1349206349206349
2 0.8571428571428571 0.7984126984126985 0.03116883116883117 0.11428571428571428
2 0.8402597402597403 0.8365079365079365 0.03896103896103896 0.11428571428571428
2 0.8389610389610389 0.919047619047619 0.03766233766233766 0.12222222222222222
2 0.8220779220779221 0.953968253968254 0.04155844155844156 0.09206349206349207
2 0.8987012987012987 0.773015873015873 0.05194805194805195 0.13174603174603175
2 0.8831168831168831 0.9206349206349206 0.03636363636363636 0.12698412698412698
2 0.9 0.8936507936507937 0.03636363636363636 0.1349206349206349
2 0.8935064935064935 0.9761904761904762 0.03766233766233766 0.047619047619047616
2 0.925974025974026 0.9682539682539683 0.023376623376623377 0.06349206349206349
2 0.9623376623376624 0.9492063492063492 0.053246753246753244 0.09365079365079365