2 0.5415584415584416 0.9555555555555556 0.04025974025974026 0.08888888888888889
2 0.7116883116883117 0.9634920634920635 0.033766233766233764 0.07301587301587302
2 0.6558441558441559 0.9142857142857143 0.04155844155844156 0.17142857142857143
2 0.7 0.8412698412698413 0.045454545454545456 0.15873015873015872
2 0.7519480519480519 0.7904761904761904 0.04415584415584416 0.15873015873015872
2 0.787012987012987 0.7492063492063492 0.033766233766233764 0.15396825396825398
2 0.8506493506493507 0.9333333333333333 0.05714285714285714 0.13333333333333333
2 0.922077922077922 0.9396825396825397 0.05194805194805195 0.12063492063492064
2 0.577922077922078 0.8047619047619048 0.032467532467532464 0.1380952380952381
2 0.5155844155844156 0.8158730158730159 0.04025974025974026 0.1619047619047619
2 0.5714285714285714 0.6984126984126984 0.03766233766233766 0.1253968253968254
2 0.5896103896103896 0.5412698412698412 0.025974025974025976 0.10158730158730159
1 0.5662337662337662 0.42857142857142855 0.05844155844155844 0.11428571428571428
2 0.5935064935064935 0.4142857142857143 0.016883116883116882 0.06190476190476191
2 0.5467532467532468 0.37777777777777777 0.015584415584415584 0.0380952380952381
2 0.5857142857142857 0.36666666666666664 0.014285714285714285 0.046031746031746035
2 0.5831168831168831 0.3746031746031746 0.00909090909090909 0.0380952380952381
0 0.6753246753246753 0.48095238095238096 0.15064935064935064 0.2920634920634921
2 0.6038961038961039 0.37936507936507935 0.011688311688311689 0.047619047619047616
2 0.5623376623376624 0.35555555555555557 0.01818181818181818 0.04126984126984127
2 0.5753246753246753 0.3412698412698413 0.01818181818181818 0.044444444444444446
2 0.5662337662337662 0.319047619047619 0.02077922077922078 0.05238095238095238
2 0.6 0.3412698412698413 0.006493506493506494 0.02857142857142857
2 0.587012987012987 0.3 0.01038961038961039 0.049206349206349205
2 0.6025974025974026 0.3142857142857143 0.012987012987012988 0.046031746031746035
2 0.6116883116883117 0.33015873015873015 0.011688311688311689 0.03015873015873016
2 0.5415584415584416 0.35714285714285715 0.014285714285714285 0.04285714285714286
1 0.5 0.3761904761904762 0.04285714285714286 0.09047619047619047
2 0.4857142857142857 0.326984126984127 0.02207792207792208 0.047619047619047616
2 0.512987012987013 0.3380952380952381 0.011688311688311689 0.050793650793650794
2 0.4974025974025974 0.32063492063492066 0.014285714285714285 0.049206349206349205
2 0.5311688311688312 0.32063492063492066 0.016883116883116882 0.05396825396825397
2 0.5415584415584416 0.3349206349206349 0.015584415584415584 0.04126984126984127
2 0.5532467532467532 0.32857142857142857 0.01948051948051948 0.05238095238095238
2 0.5337662337662338 0.3 0.014285714285714285 0.05396825396825397
1 0.5246753246753246 0.26825396825396824 0.03636363636363636 0.05714285714285714
2 0.5545454545454546 0.28095238095238095 0.014285714285714285 0.049206349206349205
2 0.5727272727272728 0.2873015873015873 0.015584415584415584 0.03492063492063492
2 0.5805194805194805 0.2761904761904762 0.01038961038961039 0.025396825396825397
2 0.5727272727272728 0.25396825396825395 0.01818181818181818 0.026984126984126985
3 0.4857142857142857 0.2507936507936508 0.048051948051948054 0.11428571428571428
2 0.5077922077922078 0.24603174603174602 0.00909090909090909 0.03968253968253968
2 0.5285714285714286 0.2222222222222222 0.014285714285714285 0.03968253968253968
2 0.5272727272727272 0.23333333333333334 0.011688311688311689 0.02857142857142857
1 0.4987012987012987 0.1984126984126984 0.023376623376623377 0.03492063492063492
1 0.4688311688311688 0.18095238095238095 0.014285714285714285 0.03492063492063492
1 0.4935064935064935 0.18412698412698414 0.023376623376623377 0.04126984126984127
2 0.5116883116883116 0.18571428571428572 0.011688311688311689 0.0380952380952381
2 0.512987012987013 0.19682539682539682 0.01038961038961039 0.03492063492063492
2 0.5142857142857142 0.20952380952380953 0.006493506493506494 0.025396825396825397
2 0.45714285714285713 0.19365079365079366 0.015584415584415584 0.03650793650793651
2 0.5272727272727272 0.1984126984126984 0.011688311688311689 0.03015873015873016
2 0.5181818181818182 0.18095238095238095 0.00909090909090909 0.015873015873015872
1 0.4714285714285714 0.1523809523809524 0.016883116883116882 0.031746031746031744
1 0.4896103896103896 0.14444444444444443 0.01948051948051948 0.025396825396825397
1 0.4922077922077922 0.1492063492063492 0.012987012987012988 0.01904761904761905
1 0.4935064935064935 0.15396825396825398 0.01818181818181818 0.022222222222222223
2 0.5103896103896104 0.1634920634920635 0.01038961038961039 0.01904761904761905
2 0.5194805194805194 0.16666666666666666 0.00909090909090909 0.020634920634920634
1 0.5025974025974026 0.1380952380952381 0.012987012987012988 0.031746031746031744
2 0.5142857142857142 0.1492063492063492 0.00909090909090909 0.020634920634920634
1 0.7961038961038961 0.9619047619047619 0.10519480519480519 0.0761904761904762
1 0.6402597402597403 0.6841269841269841 0.08831168831168831 0.19682539682539682
1 0.5428571428571428 0.5714285714285714 0.07532467532467532 0.14126984126984127
1 0.509090909090909 0.4507936507936508 0.05194805194805195 0.1253968253968254
1 0.4714285714285714 0.11587301587301588 0.01038961038961039 0.015873015873015872
1 0.4779220779220779 0.11746031746031746 0.00909090909090909 0.025396825396825397
1 0.4922077922077922 0.11904761904761904 0.012987012987012988 0.022222222222222223
1 0.4896103896103896 0.10317460317460317 0.006493506493506494 0.015873015873015872