2 0.9142857142857143 0.9587301587301588 0.05974025974025974 0.08253968253968254
2 0.8584415584415584 0.953968253968254 0.05584415584415584 0.09047619047619047
2 0.7818181818181819 0.9380952380952381 0.05974025974025974 0.12380952380952381
2 0.6857142857142857 0.8587301587301587 0.05064935064935065 0.18253968253968253
2 0.7688311688311689 0.7285714285714285 0.046753246753246755 0.14444444444444443
2 0.6753246753246753 0.6666666666666666 0.04155844155844156 0.13015873015873017
2 0.6324675324675325 0.4857142857142857 0.032467532467532464 0.1
2 0.5714285714285714 0.37142857142857144 0.025974025974025976 0.08253968253968254
2 0.5532467532467532 0.32222222222222224 0.02077922077922078 0.06507936507936508
2 0.535064935064935 0.24444444444444444 0.015584415584415584 0.044444444444444446
2 0.5064935064935064 0.23492063492063492 0.016883116883116882 0.044444444444444446
2 0.5168831168831168 0.2111111111111111 0.00909090909090909 0.044444444444444446
2 0.4909090909090909 0.16507936507936508 0.007792207792207792 0.03015873015873016
2 0.44675324675324674 0.17936507936507937 0.011688311688311689 0.03492063492063492
2 0.4753246753246753 0.13174603174603175 0.007792207792207792 0.031746031746031744
2 0.4597402597402597 0.13174603174603175 0.01038961038961039 0.03015873015873016
2 0.4649350649350649 0.10952380952380952 0.003896103896103896 0.015873015873015872
2 0.461038961038961 0.1 0.003896103896103896 0.012698412698412698
2 0.4662337662337662 0.08571428571428572 0.0012987012987012987 0.012698412698412698
2 0.4727272727272727 0.08253968253968254 0.005194805194805195 0.022222222222222223
2 0.45324675324675323 0.38412698412698415 0.01818181818181818 0.06984126984126984
3 0.5441558441558442 0.665079365079365 0.13766233766233765 0.38412698412698415
3 0.45714285714285713 0.24761904761904763 0.04285714285714286 0.07936507936507936
3 0.45064935064935063 0.08412698412698413 0.015584415584415584 0.03968253968253968
1 0.5454545454545454 0.49206349206349204 0.06103896103896104 0.10158730158730159
1 0.4857142857142857 0.4095238095238095 0.045454545454545456 0.10158730158730159
1 0.5376623376623376 0.3873015873015873 0.04415584415584416 0.1
1 0.4675324675324675 0.2984126984126984 0.04415584415584416 0.08253968253968254
1 0.4688311688311688 0.16666666666666666 0.02207792207792208 0.03333333333333333
1 0.43506493506493504 0.12698412698412698 0.015584415584415584 0.03333333333333333
1 0.43246753246753245 0.1126984126984127 0.014285714285714285 0.026984126984126985
1 0.43376623376623374 0.09682539682539683 0.011688311688311689 0.022222222222222223
1 0.44675324675324674 0.10634920634920635 0.015584415584415584 0.025396825396825397
1 0.461038961038961 0.08412698412698413 0.007792207792207792 0.011111111111111112