2 0.7987012987012987 0.8746031746031746 0.04935064935064935 0.16984126984126985
2 0.8272727272727273 0.807936507936508 0.06363636363636363 0.13333333333333333
2 0.7441558441558441 0.734920634920635 0.05194805194805195 0.1126984126984127
2 0.7428571428571429 0.6777777777777778 0.05714285714285714 0.10317460317460317
2 0.7207792207792207 0.8095238095238095 0.04415584415584416 0.11904761904761904
2 0.6779220779220779 0.8317460317460318 0.032467532467532464 0.14444444444444443
2 0.6519480519480519 0.7365079365079366 0.03636363636363636 0.14285714285714285
2 0.6 0.7587301587301587 0.03506493506493506 0.12698412698412698
2 0.522077922077922 0.7174603174603175 0.03896103896103896 0.13333333333333333
2 0.6441558441558441 0.5825396825396826 0.02987012987012987 0.10158730158730159
2 0.6415584415584416 0.48253968253968255 0.03506493506493506 0.07936507936507936
2 0.5896103896103896 0.42063492063492064 0.02727272727272727 0.02857142857142857
2 0.5805194805194805 0.3904761904761905 0.023376623376623377 0.022222222222222223
2 0.5805194805194805 0.3682539682539683 0.016883116883116882 0.026984126984126985
2 0.5818181818181818 0.35079365079365077 0.01818181818181818 0.031746031746031744
2 0.5766233766233766 0.33174603174603173 0.015584415584415584 0.02857142857142857
2 0.5675324675324676 0.319047619047619 0.00909090909090909 0.04285714285714286
2 0.5584415584415584 0.33174603174603173 0.015584415584415584 0.04126984126984127
2 0.548051948051948 0.3111111111111111 0.01038961038961039 0.03650793650793651
2 0.5337662337662338 0.3142857142857143 0.014285714285714285 0.03968253968253968
2 0.5181818181818182 0.33650793650793653 0.011688311688311689 0.05396825396825397
2 0.5012987012987012 0.3238095238095238 0.012987012987012988 0.050793650793650794
2 0.5181818181818182 0.3047619047619048 0.011688311688311689 0.03015873015873016
2 0.5207792207792208 0.2777777777777778 0.011688311688311689 0.031746031746031744
2 0.5376623376623376 0.2841269841269841 0.011688311688311689 0.03968253968253968
2 0.5545454545454546 0.2857142857142857 0.011688311688311689 0.03015873015873016
2 0.5415584415584416 0.2650793650793651 0.011688311688311689 0.03492063492063492
2 0.5298701298701298 0.25873015873015875 0.011688311688311689 0.031746031746031744
2 0.5467532467532468 0.25555555555555554 0.011688311688311689 0.03015873015873016
2 0.5467532467532468 0.2365079365079365 0.01038961038961039 0.02857142857142857
2 0.5194805194805194 0.24126984126984127 0.007792207792207792 0.03492063492063492
2 0.5168831168831168 0.2222222222222222 0.012987012987012988 0.014285714285714285
2 0.5077922077922078 0.22698412698412698 0.007792207792207792 0.007936507936507936
2 0.4649350649350649 0.21904761904761905 0.00909090909090909 0.03015873015873016
2 0.4974025974025974 0.2650793650793651 0.02077922077922078 0.02857142857142857
2 0.5467532467532468 0.2126984126984127 0.007792207792207792 0.03492063492063492
2 0.5402597402597402 0.20793650793650795 0.00909090909090909 0.02857142857142857
2 0.5298701298701298 0.19365079365079366 0.00909090909090909 0.026984126984126985
2 0.4779220779220779 0.15555555555555556 0.005194805194805195 0.014285714285714285
2 0.45714285714285713 0.15079365079365079 0.003896103896103896 0.020634920634920634
2 0.5025974025974026 0.14126984126984127 0.007792207792207792 0.014285714285714285
2 0.4779220779220779 0.12698412698412698 0.0025974025974025974 0.009523809523809525
2 0.4753246753246753 0.13968253968253969 0.00909090909090909 0.01904761904761905
2 0.4961038961038961 0.11904761904761904 0.0012987012987012987 0.007936507936507936
2 0.4948051948051948 0.13015873015873017 0.0025974025974025974 0.011111111111111112
2 0.5025974025974026 0.1380952380952381 0.006493506493506494 0.011111111111111112
2 0.5103896103896104 0.1365079365079365 0.005194805194805195 0.009523809523809525
2 0.4987012987012987 0.14603174603174604 0.006493506493506494 0.012698412698412698
2 0.4844155844155844 0.10793650793650794 0.003896103896103896 0.012698412698412698
2 0.5077922077922078 0.1111111111111111 0.003896103896103896 0.014285714285714285
2 0.5025974025974026 0.11587301587301588 0.005194805194805195 0.012698412698412698
2 0.5012987012987012 0.11904761904761904 0.005194805194805195 0.009523809523809525
3 0.4844155844155844 0.09047619047619047 0.016883116883116882 0.026984126984126985
3 0.4675324675324675 0.11904761904761904 0.015584415584415584 0.03650793650793651
1 0.4779220779220779 0.11428571428571428 0.01038961038961039 0.022222222222222223
1 0.4948051948051948 0.10793650793650794 0.00909090909090909 0.01746031746031746
1 0.4974025974025974 0.09365079365079365 0.005194805194805195 0.009523809523809525
1 0.4883116883116883 0.12222222222222222 0.00909090909090909 0.009523809523809525
1 0.5051948051948052 0.13333333333333333 0.01038961038961039 0.01746031746031746
1 0.5103896103896104 0.15555555555555556 0.012987012987012988 0.025396825396825397
1 0.4896103896103896 0.15396825396825398 0.01818181818181818 0.025396825396825397
1 0.5038961038961038 0.16984126984126985 0.02077922077922078 0.03650793650793651
1 0.4948051948051948 0.18412698412698414 0.01818181818181818 0.03968253968253968
1 0.4714285714285714 0.15555555555555556 0.016883116883116882 0.01904761904761905
1 0.4675324675324675 0.1746031746031746 0.01948051948051948 0.025396825396825397
1 0.4766233766233766 0.19523809523809524 0.016883116883116882 0.04126984126984127
1 0.5194805194805194 0.20317460317460317 0.023376623376623377 0.031746031746031744
1 0.5 0.21746031746031746 0.023376623376623377 0.03492063492063492
1 0.4779220779220779 0.23333333333333334 0.023376623376623377 0.04126984126984127
1 0.5064935064935064 0.2523809523809524 0.025974025974025976 0.044444444444444446
1 0.5337662337662338 0.22857142857142856 0.024675324675324677 0.04285714285714286
1 0.4844155844155844 0.2920634920634921 0.02987012987012987 0.06984126984126984
1 0.587012987012987 0.3 0.03506493506493506 0.05873015873015873
2 0.574025974025974 0.25873015873015875 0.012987012987012988 0.02857142857142857
2 0.5623376623376624 0.2650793650793651 0.012987012987012988 0.05873015873015873
1 0.5 0.3904761904761905 0.04155844155844156 0.0873015873015873
1 0.5441558441558442 0.36666666666666664 0.033766233766233764 0.06984126984126984
2 0.6038961038961039 0.3333333333333333 0.00909090909090909 0.015873015873015872
1 0.6220779220779221 0.37936507936507935 0.048051948051948054 0.07301587301587302
1 0.5935064935064935 0.49523809523809526 0.06103896103896104 0.12063492063492064
1 0.6935064935064935 0.5333333333333333 0.07402597402597402 0.15555555555555556
1 0.7298701298701299 0.9476190476190476 0.10519480519480519 0.10317460317460317