1 0.6246753246753247 0.5301587301587302 0.06493506493506493 0.1380952380952381
1 0.5675324675324676 0.6396825396825396 0.05844155844155844 0.11428571428571428
1 0.5857142857142857 0.7682539682539683 0.06233766233766234 0.1634920634920635
1 0.5792207792207792 0.919047619047619 0.07272727272727272 0.1619047619047619
1 0.6935064935064935 0.846031746031746 0.08571428571428572 0.23809523809523808
1 0.6805194805194805 0.6571428571428571 0.06363636363636363 0.14444444444444443
1 0.7584415584415585 0.973015873015873 0.08701298701298701 0.05238095238095238
1 0.509090909090909 0.5079365079365079 0.046753246753246755 0.13174603174603175
1 0.538961038961039 0.44126984126984126 0.046753246753246755 0.08888888888888889
1 0.5974025974025974 0.4587301587301587 0.03896103896103896 0.08253968253968254
1 0.5792207792207792 0.3888888888888889 0.03766233766233766 0.07777777777777778
1 0.5623376623376624 0.3333333333333333 0.03506493506493506 0.06507936507936508
1 0.5064935064935064 0.3904761904761905 0.032467532467532464 0.06825396825396825
1 0.5194805194805194 0.35555555555555557 0.04285714285714286 0.07777777777777778
1 0.5025974025974026 0.3047619047619048 0.02077922077922078 0.05555555555555555
1 0.4909090909090909 0.27936507936507937 0.032467532467532464 0.05873015873015873
1 0.4987012987012987 0.16507936507936508 0.02207792207792208 0.02857142857142857
1 0.4675324675324675 0.14126984126984127 0.012987012987012988 0.03015873015873016
3 0.4857142857142857 0.1111111111111111 0.015584415584415584 0.046031746031746035
2 0.4792207792207792 0.1349206349206349 0.006493506493506494 0.022222222222222223
2 0.4688311688311688 0.12063492063492064 0.006493506493506494 0.014285714285714285
2 0.4766233766233766 0.1253968253968254 0.005194805194805195 0.015873015873015872
2 0.5025974025974026 0.1365079365079365 0.007792207792207792 0.023809523809523808
2 0.5025974025974026 0.1253968253968254 0.006493506493506494 0.012698412698412698
2 0.5 0.11428571428571428 0.005194805194805195 0.020634920634920634
2 0.509090909090909 0.1 0.005194805194805195 0.011111111111111112
2 0.5142857142857142 0.10158730158730159 0.005194805194805195 0.014285714285714285
2 0.4792207792207792 0.22380952380952382 0.014285714285714285 0.04285714285714286
2 0.5155844155844156 0.21746031746031746 0.01038961038961039 0.04126984126984127
2 0.538961038961039 0.21746031746031746 0.00909090909090909 0.047619047619047616
2 0.5311688311688312 0.29523809523809524 0.01038961038961039 0.03015873015873016
2 0.535064935064935 0.3333333333333333 0.01038961038961039 0.049206349206349205
2 0.4792207792207792 0.3412698412698413 0.011688311688311689 0.049206349206349205
2 0.4818181818181818 0.3968253968253968 0.014285714285714285 0.06507936507936508
2 0.5467532467532468 0.3968253968253968 0.00909090909090909 0.047619047619047616
2 0.6181818181818182 0.3492063492063492 0.011688311688311689 0.05555555555555555
2 0.6077922077922078 0.3825396825396825 0.01038961038961039 0.05396825396825397
2 0.6025974025974026 0.346031746031746 0.014285714285714285 0.047619047619047616
2 0.5896103896103896 0.33174603174603173 0.015584415584415584 0.05396825396825397
2 0.5922077922077922 0.3 0.00909090909090909 0.04285714285714286
2 0.5805194805194805 0.2777777777777778 0.01038961038961039 0.03650793650793651
2 0.5857142857142857 0.2841269841269841 0.00909090909090909 0.044444444444444446
2 0.5194805194805194 0.16666666666666666 0.012987012987012988 0.03968253968253968
2 0.974025974025974 0.873015873015873 0.045454545454545456 0.15873015873015872
2 0.9168831168831169 0.9396825396825397 0.024675324675324677 0.10793650793650794
2 0.9792207792207792 0.9809523809523809 0.03116883116883117 0.0380952380952381
2 0.8753246753246753 0.9444444444444444 0.03896103896103896 0.1111111111111111
2 0.8272727272727273 0.953968253968254 0.032467532467532464 0.09206349206349207
2 0.8649350649350649 0.8523809523809524 0.03636363636363636 0.09841269841269841
2 0.8298701298701299 0.8523809523809524 0.02727272727272727 0.1126984126984127
2 0.8090909090909091 0.8761904761904762 0.03116883116883117 0.10634920634920635
2 0.8376623376623377 0.7523809523809524 0.033766233766233764 0.10317460317460317
2 0.8207792207792208 0.7873015873015873 0.033766233766233764 0.10158730158730159
2 0.7623376623376623 0.8206349206349206 0.02987012987012987 0.14444444444444443
2 0.7740259740259741 0.765079365079365 0.02987012987012987 0.1126984126984127
2 0.7792207792207793 0.726984126984127 0.02207792207792208 0.1253968253968254
2 0.8116883116883117 0.6952380952380952 0.03116883116883117 0.09047619047619047
2 0.7402597402597403 0.7126984126984127 0.02077922077922078 0.11587301587301588
2 0.7623376623376623 0.6603174603174603 0.01818181818181818 0.09206349206349207
2 0.7506493506493507 0.5968253968253968 0.02077922077922078 0.06666666666666667
2 0.7246753246753247 0.6507936507936508 0.023376623376623377 0.10634920634920635
2 0.6961038961038961 0.6015873015873016 0.02077922077922078 0.07936507936507936
2 0.7259740259740259 0.6031746031746031 0.02207792207792208 0.07301587301587302
2 0.7064935064935065 0.5634920634920635 0.02207792207792208 0.08095238095238096
2 0.6779220779220779 0.5380952380952381 0.01948051948051948 0.08412698412698413
2 0.6636363636363637 0.49523809523809526 0.02207792207792208 0.07936507936507936
2 0.6571428571428571 0.44126984126984126 0.01818181818181818 0.05714285714285714
2 0.6207792207792208 0.44285714285714284 0.014285714285714285 0.050793650793650794
2 0.6350649350649351 0.44285714285714284 0.015584415584415584 0.06349206349206349
2 0.6454545454545455 0.4095238095238095 0.01818181818181818 0.050793650793650794
2 0.6207792207792208 0.4095238095238095 0.015584415584415584 0.05555555555555555
2 0.561038961038961 0.5047619047619047 0.024675324675324677 0.09523809523809523
2 0.6272727272727273 0.6730158730158731 0.024675324675324677 0.10317460317460317
2 0.6350649350649351 0.7476190476190476 0.02207792207792208 0.13174603174603175
2 0.509090909090909 0.7666666666666667 0.02987012987012987 0.1126984126984127
2 0.509090909090909 0.873015873015873 0.03636363636363636 0.1619047619047619