2 0.6272727272727273 0.9301587301587302 0.04025974025974026 0.13968253968253969
2 0.935064935064935 0.9317460317460318 0.04155844155844156 0.1365079365079365
2 0.8584415584415584 0.6555555555555556 0.03116883116883117 0.11746031746031746
2 0.638961038961039 0.4507936507936508 0.01948051948051948 0.0761904761904762
2 0.6597402597402597 0.40634920634920635 0.01948051948051948 0.07142857142857142
2 0.7220779220779221 0.35555555555555557 0.01818181818181818 0.05714285714285714
2 0.6844155844155844 0.33015873015873015 0.01818181818181818 0.06666666666666667
2 0.6116883116883117 0.28253968253968254 0.014285714285714285 0.046031746031746035
2 0.6441558441558441 0.2523809523809524 0.014285714285714285 0.047619047619047616
2 0.6467532467532467 0.21746031746031746 0.012987012987012988 0.03968253968253968
2 0.6402597402597403 0.19047619047619047 0.015584415584415584 0.031746031746031744
2 0.6220779220779221 0.19206349206349208 0.015584415584415584 0.04285714285714286
2 0.6051948051948052 0.15873015873015872 0.011688311688311689 0.03492063492063492
2 0.6168831168831169 0.1349206349206349 0.006493506493506494 0.023809523809523808
2 0.5974025974025974 0.1349206349206349 0.006493506493506494 0.01904761904761905
2 0.6012987012987013 0.12698412698412698 0.003896103896103896 0.01746031746031746
2 0.612987012987013 0.11904761904761904 0.006493506493506494 0.025396825396825397
2 0.5831168831168831 0.12698412698412698 0.01038961038961039 0.01904761904761905
2 0.5805194805194805 0.1126984126984127 0.006493506493506494 0.022222222222222223
2 0.5792207792207792 0.1 0.007792207792207792 0.014285714285714285
2 0.6012987012987013 0.09682539682539683 0.006493506493506494 0.014285714285714285
2 0.6064935064935065 0.08888888888888889 0.007792207792207792 0.015873015873015872
2 0.6116883116883117 0.08412698412698413 0.00909090909090909 0.012698412698412698
1 0.8467532467532467 0.9238095238095239 0.13506493506493505 0.1523809523809524
1 0.6467532467532467 0.6238095238095238 0.07402597402597402 0.17777777777777778
1 0.6155844155844156 0.36984126984126986 0.04025974025974026 0.1349206349206349
1 0.5896103896103896 0.17142857142857143 0.01948051948051948 0.046031746031746035
1 0.5935064935064935 0.10793650793650794 0.014285714285714285 0.02857142857142857
0 0.7545454545454545 0.5761904761904761 0.15584415584415584 0.39206349206349206