2 0.6441558441558441 0.726984126984127 0.05194805194805195 0.1523809523809524
2 0.6038961038961039 0.6 0.03506493506493506 0.12063492063492064
2 0.538961038961039 0.5873015873015873 0.04155844155844156 0.08095238095238096
2 0.5844155844155844 0.5222222222222223 0.03506493506493506 0.08571428571428572
2 0.574025974025974 0.4746031746031746 0.03766233766233766 0.09841269841269841
2 0.7766233766233767 0.6841269841269841 0.03766233766233766 0.11746031746031746
2 0.7350649350649351 0.6174603174603175 0.03506493506493506 0.09682539682539683
2 0.7090909090909091 0.5603174603174603 0.033766233766233764 0.10158730158730159
2 0.7285714285714285 0.5444444444444444 0.025974025974025976 0.06031746031746032
2 0.674025974025974 0.5206349206349207 0.023376623376623377 0.08095238095238096
2 0.6818181818181818 0.4634920634920635 0.01948051948051948 0.09682539682539683
2 0.6597402597402597 0.45396825396825397 0.01818181818181818 0.0746031746031746
1 0.6324675324675325 0.4936507936507937 0.048051948051948054 0.15555555555555556
2 0.6246753246753247 0.4301587301587302 0.00909090909090909 0.026984126984126985
2 0.6428571428571429 0.4015873015873016 0.015584415584415584 0.06031746031746032
2 0.6415584415584416 0.4174603174603175 0.012987012987012988 0.03650793650793651
2 0.625974025974026 0.38412698412698415 0.015584415584415584 0.049206349206349205
2 0.6051948051948052 0.4 0.016883116883116882 0.06666666666666667
1 0.577922077922078 0.4142857142857143 0.04285714285714286 0.09841269841269841
2 0.5922077922077922 0.36507936507936506 0.01818181818181818 0.05238095238095238
2 0.6103896103896104 0.3682539682539683 0.016883116883116882 0.04285714285714286
2 0.6337662337662338 0.3523809523809524 0.02077922077922078 0.049206349206349205
2 0.5909090909090909 0.3412698412698413 0.01038961038961039 0.04126984126984127
2 0.6038961038961039 0.326984126984127 0.011688311688311689 0.031746031746031744
2 0.6155844155844156 0.326984126984127 0.01948051948051948 0.049206349206349205
2 0.4805194805194805 0.36507936507936506 0.024675324675324677 0.05714285714285714
2 0.4753246753246753 0.30952380952380953 0.012987012987012988 0.03968253968253968
3 0.487012987012987 0.23015873015873015 0.05064935064935065 0.11904761904761904
2 0.5285714285714286 0.22857142857142856 0.012987012987012988 0.04285714285714286
2 0.5441558441558442 0.2222222222222222 0.012987012987012988 0.0380952380952381
2 0.5324675324675324 0.19206349206349208 0.007792207792207792 0.03333333333333333
2 0.5233766233766234 0.16984126984126985 0.00909090909090909 0.03333333333333333
2 0.4935064935064935 0.17142857142857143 0.006493506493506494 0.012698412698412698
1 0.5077922077922078 0.1634920634920635 0.024675324675324677 0.044444444444444446
2 0.5116883116883116 0.15396825396825398 0.007792207792207792 0.020634920634920634
2 0.4792207792207792 0.1492063492063492 0.015584415584415584 0.03015873015873016
1 0.4753246753246753 0.10952380952380952 0.014285714285714285 0.025396825396825397
2 0.487012987012987 0.10317460317460317 0.01038961038961039 0.01746031746031746
2 0.5012987012987012 0.11904761904761904 0.00909090909090909 0.015873015873015872
1 0.548051948051948 0.7317460317460317 0.08831168831168831 0.23174603174603176
1 0.5285714285714286 0.4873015873015873 0.06233766233766234 0.12698412698412698
1 0.522077922077922 0.3873015873015873 0.045454545454545456 0.08888888888888889
1 0.5558441558441558 0.35714285714285715 0.04155844155844156 0.0761904761904762
1 0.561038961038961 0.326984126984127 0.03896103896103896 0.07301587301587302
1 0.5441558441558442 0.28095238095238095 0.03896103896103896 0.06031746031746032
1 0.5116883116883116 0.30952380952380953 0.06233766233766234 0.07936507936507936
1 0.5012987012987012 0.09841269841269841 0.012987012987012988 0.023809523809523808
1 0.8987012987012987 0.9238095238095239 0.12597402597402596 0.1523809523809524
1 0.8103896103896104 0.9793650793650793 0.06233766233766234 0.03968253968253968