2 0.6285714285714286 0.9571428571428572 0.045454545454545456 0.08571428571428572
2 0.5636363636363636 0.9047619047619048 0.04285714285714286 0.173015873015873
2 0.5233766233766234 0.780952380952381 0.045454545454545456 0.15396825396825398
2 0.5857142857142857 0.746031746031746 0.04155844155844156 0.11428571428571428
2 0.5805194805194805 0.8396825396825397 0.03896103896103896 0.13015873015873017
2 0.6285714285714286 0.8174603174603174 0.04155844155844156 0.16984126984126985
2 0.687012987012987 0.9428571428571428 0.05454545454545454 0.11428571428571428
2 0.7532467532467533 0.9126984126984127 0.05974025974025974 0.1746031746031746
2 0.8727272727272727 0.9682539682539683 0.045454545454545456 0.06190476190476191
2 0.948051948051948 0.973015873015873 0.05194805194805195 0.05396825396825397
2 0.7987012987012987 0.7984126984126985 0.03896103896103896 0.16031746031746033
2 0.787012987012987 0.7111111111111111 0.04155844155844156 0.10476190476190476
2 0.7298701298701299 0.707936507936508 0.03506493506493506 0.13333333333333333
2 0.7285714285714285 0.6031746031746031 0.02727272727272727 0.07936507936507936
2 0.6779220779220779 0.5825396825396826 0.02987012987012987 0.09047619047619047
2 0.7064935064935065 0.546031746031746 0.02207792207792208 0.1
2 0.6675324675324675 0.5333333333333333 0.02857142857142857 0.07301587301587302
2 0.6727272727272727 0.4984126984126984 0.025974025974025976 0.05714285714285714
2 0.6961038961038961 0.4888888888888889 0.02987012987012987 0.07936507936507936
2 0.6363636363636364 0.4888888888888889 0.03116883116883117 0.08888888888888889
2 0.6415584415584416 0.4365079365079365 0.02727272727272727 0.05396825396825397
2 0.6545454545454545 0.4238095238095238 0.023376623376623377 0.08253968253968254
2 0.5571428571428572 0.4444444444444444 0.02207792207792208 0.07936507936507936
2 0.5597402597402598 0.39365079365079364 0.01818181818181818 0.06349206349206349
2 0.5792207792207792 0.4174603174603175 0.01818181818181818 0.05873015873015873
2 0.6064935064935065 0.43492063492063493 0.01818181818181818 0.06984126984126984
2 0.5948051948051948 0.4111111111111111 0.01038961038961039 0.06507936507936508
2 0.6090909090909091 0.3904761904761905 0.01818181818181818 0.06349206349206349
2 0.6181818181818182 0.3603174603174603 0.015584415584415584 0.05714285714285714
2 0.538961038961039 0.38571428571428573 0.015584415584415584 0.06666666666666667
2 0.5311688311688312 0.35079365079365077 0.01818181818181818 0.06349206349206349
2 0.5831168831168831 0.3682539682539683 0.015584415584415584 0.047619047619047616
2 0.5909090909090909 0.35555555555555557 0.01038961038961039 0.050793650793650794
2 0.5974025974025974 0.34444444444444444 0.014285714285714285 0.05714285714285714
2 0.574025974025974 0.3396825396825397 0.014285714285714285 0.06507936507936508
2 0.5792207792207792 0.3111111111111111 0.012987012987012988 0.047619047619047616
2 0.5623376623376624 0.2873015873015873 0.012987012987012988 0.047619047619047616
2 0.577922077922078 0.2714285714285714 0.014285714285714285 0.026984126984126985
2 0.5883116883116883 0.2920634920634921 0.00909090909090909 0.0380952380952381
2 0.5753246753246753 0.24603174603174602 0.011688311688311689 0.023809523809523808
2 0.551948051948052 0.2222222222222222 0.00909090909090909 0.025396825396825397
2 0.5324675324675324 0.22698412698412698 0.007792207792207792 0.031746031746031744
2 0.5363636363636364 0.20793650793650795 0.00909090909090909 0.023809523809523808
2 0.5272727272727272 0.21587301587301588 0.00909090909090909 0.03015873015873016
2 0.4948051948051948 0.24444444444444444 0.012987012987012988 0.04285714285714286
2 0.5467532467532468 0.2698412698412698 0.014285714285714285 0.023809523809523808
2 0.512987012987013 0.19682539682539682 0.00909090909090909 0.01746031746031746
2 0.522077922077922 0.20476190476190476 0.00909090909090909 0.02857142857142857
2 0.5207792207792208 0.19047619047619047 0.00909090909090909 0.026984126984126985
2 0.522077922077922 0.14126984126984127 0.006493506493506494 0.01746031746031746
2 0.522077922077922 0.1634920634920635 0.00909090909090909 0.022222222222222223
2 0.5285714285714286 0.15873015873015872 0.00909090909090909 0.023809523809523808
2 0.5142857142857142 0.1523809523809524 0.006493506493506494 0.014285714285714285
2 0.5077922077922078 0.16031746031746033 0.006493506493506494 0.025396825396825397
2 0.5103896103896104 0.13968253968253969 0.007792207792207792 0.01746031746031746
2 0.4961038961038961 0.1380952380952381 0.00909090909090909 0.012698412698412698
1 0.4987012987012987 0.1984126984126984 0.02727272727272727 0.03968253968253968
1 0.8012987012987013 0.9904761904761905 0.06623376623376623 0.01746031746031746
1 0.6610389610389611 0.6682539682539682 0.08961038961038961 0.19365079365079366
1 0.5337662337662338 0.5222222222222223 0.06233766233766234 0.15396825396825398
1 0.5922077922077922 0.49206349206349204 0.05714285714285714 0.11587301587301588
1 0.509090909090909 0.4126984126984127 0.04935064935064935 0.10952380952380952
1 0.5441558441558442 0.30952380952380953 0.03636363636363636 0.07142857142857142
1 0.5545454545454546 0.2523809523809524 0.03116883116883117 0.049206349206349205
1 0.522077922077922 0.24761904761904763 0.02727272727272727 0.05555555555555555
1 0.512987012987013 0.22380952380952382 0.023376623376623377 0.03968253968253968
1 0.4727272727272727 0.22857142857142856 0.02987012987012987 0.06190476190476191
1 0.4961038961038961 0.1746031746031746 0.01948051948051948 0.022222222222222223
1 0.4961038961038961 0.16031746031746033 0.016883116883116882 0.01904761904761905
1 0.4909090909090909 0.15079365079365079 0.014285714285714285 0.020634920634920634
1 0.4896103896103896 0.14444444444444443 0.014285714285714285 0.012698412698412698
1 0.5155844155844156 0.16825396825396827 0.01818181818181818 0.025396825396825397
1 0.5038961038961038 0.14603174603174604 0.012987012987012988 0.020634920634920634
1 0.4831168831168831 0.13015873015873017 0.01038961038961039 0.022222222222222223
1 0.5025974025974026 0.12380952380952381 0.016883116883116882 0.01746031746031746
1 0.4649350649350649 0.12380952380952381 0.011688311688311689 0.009523809523809525
1 0.4688311688311688 0.13015873015873017 0.012987012987012988 0.011111111111111112
1 0.4961038961038961 0.1126984126984127 0.012987012987012988 0.015873015873015872
1 0.4805194805194805 0.11587301587301588 0.01038961038961039 0.014285714285714285
3 0.4649350649350649 0.11587301587301588 0.015584415584415584 0.026984126984126985
0 0.4688311688311688 0.16825396825396827 0.03896103896103896 0.0873015873015873
2 0.45324675324675323 0.173015873015873 0.006493506493506494 0.03015873015873016
2 0.4935064935064935 0.10476190476190476 0.005194805194805195 0.015873015873015872
2 0.5012987012987012 0.10317460317460317 0.005194805194805195 0.015873015873015872
2 0.5064935064935064 0.10634920634920635 0.005194805194805195 0.01746031746031746
1 0.4844155844155844 0.10476190476190476 0.012987012987012988 0.01904761904761905
1 0.5077922077922078 0.28095238095238095 0.03896103896103896 0.06507936507936508