1 0.8090909090909091 0.9746031746031746 0.08831168831168831 0.050793650793650794
1 0.6376623376623377 0.9492063492063492 0.10779220779220779 0.10158730158730159
1 0.7376623376623377 0.8507936507936508 0.1025974025974026 0.19365079365079366
1 0.5298701298701298 0.680952380952381 0.06883116883116883 0.19523809523809524
1 0.674025974025974 0.6634920634920635 0.08311688311688312 0.16825396825396827
1 0.7402597402597403 0.6238095238095238 0.07792207792207792 0.15555555555555556
1 0.6103896103896104 0.5365079365079365 0.06883116883116883 0.10476190476190476
1 0.5116883116883116 0.5333333333333333 0.05454545454545454 0.12698412698412698
1 0.5857142857142857 0.4523809523809524 0.05974025974025974 0.10317460317460317
1 0.5064935064935064 0.42063492063492064 0.048051948051948054 0.10952380952380952
1 0.5636363636363636 0.38412698412698415 0.04285714285714286 0.08412698412698413
1 0.5636363636363636 0.3412698412698413 0.03636363636363636 0.05238095238095238
1 0.5818181818181818 0.2984126984126984 0.03766233766233766 0.05555555555555555
2 0.5311688311688312 0.3333333333333333 0.011688311688311689 0.050793650793650794
1 0.5558441558441558 0.3047619047619048 0.02987012987012987 0.046031746031746035
3 0.4948051948051948 0.3333333333333333 0.03766233766233766 0.08095238095238096
2 0.5181818181818182 0.3 0.014285714285714285 0.03492063492063492
1 0.538961038961039 0.2873015873015873 0.02727272727272727 0.049206349206349205
2 0.5142857142857142 0.32857142857142857 0.014285714285714285 0.03968253968253968
2 0.5155844155844156 0.2984126984126984 0.016883116883116882 0.031746031746031744
2 0.5168831168831168 0.2714285714285714 0.015584415584415584 0.026984126984126985
1 0.5298701298701298 0.25873015873015875 0.02987012987012987 0.046031746031746035
1 0.4909090909090909 0.2920634920634921 0.03896103896103896 0.025396825396825397
1 0.474025974025974 0.2571428571428571 0.03766233766233766 0.05238095238095238
1 0.5532467532467532 0.24761904761904763 0.024675324675324677 0.06507936507936508
1 0.535064935064935 0.21428571428571427 0.024675324675324677 0.04126984126984127
1 0.5 0.20952380952380953 0.023376623376623377 0.047619047619047616
1 0.4688311688311688 0.19047619047619047 0.023376623376623377 0.05238095238095238
3 0.4662337662337662 0.12857142857142856 0.02077922077922078 0.05396825396825397
2 0.4792207792207792 0.15396825396825398 0.012987012987012988 0.04126984126984127
2 0.4948051948051948 0.173015873015873 0.00909090909090909 0.025396825396825397
2 0.4987012987012987 0.15714285714285714 0.006493506493506494 0.03015873015873016
1 0.5038961038961038 0.12698412698412698 0.02077922077922078 0.0380952380952381
2 0.4909090909090909 0.1126984126984127 0.012987012987012988 0.020634920634920634
2 0.4883116883116883 0.15873015873015872 0.00909090909090909 0.02857142857142857
2 0.509090909090909 0.19365079365079366 0.01818181818181818 0.03650793650793651
2 0.5064935064935064 0.17142857142857143 0.011688311688311689 0.026984126984126985
2 0.5103896103896104 0.1523809523809524 0.00909090909090909 0.01904761904761905
2 0.5246753246753246 0.18412698412698414 0.015584415584415584 0.01746031746031746
2 0.522077922077922 0.16984126984126985 0.014285714285714285 0.026984126984126985
2 0.5688311688311688 0.25396825396825395 0.015584415584415584 0.031746031746031744
2 0.5818181818181818 0.26031746031746034 0.011688311688311689 0.03015873015873016
2 0.4974025974025974 0.2650793650793651 0.01038961038961039 0.03650793650793651
2 0.5077922077922078 0.24444444444444444 0.011688311688311689 0.05238095238095238
2 0.5064935064935064 0.4634920634920635 0.02077922077922078 0.03650793650793651
2 0.5285714285714286 0.3968253968253968 0.01948051948051948 0.07142857142857142
2 0.587012987012987 0.35873015873015873 0.015584415584415584 0.06825396825396825
2 0.6090909090909091 0.3396825396825397 0.01818181818181818 0.05873015873015873
2 0.612987012987013 0.4095238095238095 0.02857142857142857 0.0761904761904762
2 0.6285714285714286 0.43492063492063493 0.025974025974025976 0.05555555555555555
2 0.6272727272727273 0.3984126984126984 0.016883116883116882 0.05555555555555555
2 0.6506493506493507 0.49047619047619045 0.02207792207792208 0.05396825396825397
2 0.5558441558441558 0.5396825396825397 0.023376623376623377 0.07936507936507936
2 0.5597402597402598 0.5031746031746032 0.02987012987012987 0.08571428571428572
2 0.6714285714285714 0.553968253968254 0.024675324675324677 0.08412698412698413
2 0.5714285714285714 0.6031746031746031 0.024675324675324677 0.08412698412698413
2 0.6051948051948052 0.6079365079365079 0.04025974025974026 0.10793650793650794
2 0.587012987012987 0.665079365079365 0.03896103896103896 0.11746031746031746
2 0.6246753246753247 0.7111111111111111 0.04285714285714286 0.05873015873015873
2 0.5961038961038961 0.7603174603174603 0.032467532467532464 0.12857142857142856
2 0.6714285714285714 0.819047619047619 0.04935064935064935 0.1492063492063492
2 0.6376623376623377 0.8492063492063492 0.046753246753246755 0.1
2 0.7493506493506493 0.6968253968253968 0.04155844155844156 0.11746031746031746
2 0.7779220779220779 0.7619047619047619 0.046753246753246755 0.10476190476190476
2 0.8155844155844156 0.8682539682539683 0.04935064935064935 0.1492063492063492
2 0.8441558441558441 0.8444444444444444 0.03896103896103896 0.13333333333333333
2 0.8428571428571429 0.9222222222222223 0.045454545454545456 0.1349206349206349
2 0.9051948051948052 0.9222222222222223 0.05194805194805195 0.12698412698412698
2 0.9012987012987013 0.9825396825396825 0.04935064935064935 0.03492063492063492