0 0.5402597402597402 0.2111111111111111 0.045454545454545456 0.09365079365079365
2 0.4974025974025974 0.1126984126984127 0.007792207792207792 0.012698412698412698
2 0.5012987012987012 0.10634920634920635 0.005194805194805195 0.011111111111111112
1 0.5051948051948052 0.09682539682539683 0.014285714285714285 0.01904761904761905
1 0.4636363636363636 0.1873015873015873 0.016883116883116882 0.03968253968253968
2 0.5064935064935064 0.2365079365079365 0.011688311688311689 0.03333333333333333
1 0.5038961038961038 0.19523809523809524 0.02077922077922078 0.03492063492063492
1 0.4844155844155844 0.25873015873015875 0.02857142857142857 0.0380952380952381
1 0.7194805194805195 0.6190476190476191 0.08961038961038961 0.16031746031746033
1 0.6532467532467533 0.6555555555555556 0.07142857142857142 0.14285714285714285
1 0.7311688311688311 0.8365079365079365 0.13896103896103895 0.2523809523809524
1 0.5896103896103896 0.8603174603174604 0.11168831168831168 0.2761904761904762
2 0.6961038961038961 0.9603174603174603 0.048051948051948054 0.07936507936507936
2 0.8207792207792208 0.7698412698412699 0.04415584415584416 0.13333333333333333
2 0.7168831168831169 0.526984126984127 0.02857142857142857 0.07142857142857142
2 0.564935064935065 0.326984126984127 0.033766233766233764 0.05873015873015873
2 0.587012987012987 0.32063492063492066 0.024675324675324677 0.05555555555555555
2 0.5207792207792208 0.30952380952380953 0.024675324675324677 0.05714285714285714
2 0.522077922077922 0.26825396825396824 0.02207792207792208 0.03650793650793651
2 0.5 0.1746031746031746 0.007792207792207792 0.020634920634920634
2 0.5077922077922078 0.1761904761904762 0.01038961038961039 0.01904761904761905
2 0.512987012987013 0.17142857142857143 0.007792207792207792 0.01904761904761905
2 0.474025974025974 0.16825396825396827 0.00909090909090909 0.026984126984126985
2 0.4844155844155844 0.15714285714285714 0.011688311688311689 0.020634920634920634
2 0.4688311688311688 0.15714285714285714 0.01038961038961039 0.01746031746031746
2 0.5038961038961038 0.16031746031746033 0.01038961038961039 0.01904761904761905
2 0.4935064935064935 0.14603174603174604 0.00909090909090909 0.020634920634920634
2 0.5 0.1380952380952381 0.006493506493506494 0.023809523809523808
2 0.509090909090909 0.15079365079365079 0.006493506493506494 0.020634920634920634
2 0.4818181818181818 0.1365079365079365 0.01038961038961039 0.015873015873015872
2 0.4922077922077922 0.13333333333333333 0.007792207792207792 0.015873015873015872
2 0.4818181818181818 0.12380952380952381 0.005194805194805195 0.012698412698412698
2 0.4909090909090909 0.12222222222222222 0.005194805194805195 0.012698412698412698
2 0.4753246753246753 0.11587301587301588 0.01038961038961039 0.014285714285714285
2 0.4831168831168831 0.11587301587301588 0.00909090909090909 0.011111111111111112
2 0.4909090909090909 0.11587301587301588 0.00909090909090909 0.009523809523809525
2 0.4818181818181818 0.10634920634920635 0.00909090909090909 0.011111111111111112
2 0.4883116883116883 0.09682539682539683 0.007792207792207792 0.011111111111111112
2 0.4896103896103896 0.10793650793650794 0.005194805194805195 0.006349206349206349
2 0.4935064935064935 0.09841269841269841 0.006493506493506494 0.009523809523809525