3 0.812987012987013 0.8111111111111111 0.18701298701298702 0.3412698412698413
2 0.8220779220779221 0.9650793650793651 0.04025974025974026 0.06984126984126984
2 0.8727272727272727 0.9714285714285714 0.04155844155844156 0.05714285714285714
2 0.9454545454545454 0.9682539682539683 0.05844155844155844 0.06190476190476191
2 0.4896103896103896 0.653968253968254 0.04415584415584416 0.1365079365079365
1 0.5545454545454546 0.7333333333333333 0.09350649350649351 0.23015873015873015
2 0.5805194805194805 0.653968253968254 0.025974025974025976 0.11428571428571428
1 0.6467532467532467 0.7238095238095238 0.08831168831168831 0.20476190476190476
2 0.6727272727272727 0.6587301587301587 0.03766233766233766 0.12698412698412698
2 0.7012987012987013 0.7015873015873015 0.03116883116883117 0.1380952380952381
2 0.712987012987013 0.6460317460317461 0.033766233766233764 0.12698412698412698
2 0.7376623376623377 0.6095238095238096 0.024675324675324677 0.09682539682539683
2 0.7714285714285715 0.6301587301587301 0.02857142857142857 0.02857142857142857
2 0.5753246753246753 0.5174603174603175 0.01818181818181818 0.09365079365079365
1 0.5415584415584416 0.5507936507936508 0.06883116883116883 0.16031746031746033
2 0.5636363636363636 0.48253968253968255 0.025974025974025976 0.08095238095238096
2 0.5766233766233766 0.4746031746031746 0.01818181818181818 0.08095238095238096
2 0.587012987012987 0.4587301587301587 0.01948051948051948 0.0761904761904762
1 0.5675324675324676 0.4126984126984127 0.05064935064935065 0.09682539682539683
3 0.5181818181818182 0.4253968253968254 0.06103896103896104 0.20317460317460317
2 0.5454545454545454 0.3682539682539683 0.014285714285714285 0.05238095238095238
2 0.6038961038961039 0.46825396825396826 0.016883116883116882 0.05238095238095238
1 0.6220779220779221 0.5619047619047619 0.07532467532467532 0.15714285714285714
1 0.638961038961039 0.4492063492063492 0.06363636363636363 0.13333333333333333
2 0.6337662337662338 0.4888888888888889 0.01818181818181818 0.044444444444444446
2 0.6493506493506493 0.5349206349206349 0.02077922077922078 0.08253968253968254
2 0.6675324675324675 0.5746031746031746 0.033766233766233764 0.09523809523809523
2 0.6792207792207792 0.6158730158730159 0.02857142857142857 0.09841269841269841
2 0.7077922077922078 0.5571428571428572 0.02987012987012987 0.09523809523809523
2 0.6909090909090909 0.5063492063492063 0.02857142857142857 0.09047619047619047
2 0.6727272727272727 0.4650793650793651 0.024675324675324677 0.07777777777777778
2 0.6584415584415585 0.43333333333333335 0.01948051948051948 0.07301587301587302
2 0.6493506493506493 0.3968253968253968 0.01818181818181818 0.050793650793650794
2 0.6272727272727273 0.35873015873015873 0.02207792207792208 0.05555555555555555
2 0.5584415584415584 0.3238095238095238 0.01818181818181818 0.05714285714285714
2 0.5766233766233766 0.3238095238095238 0.016883116883116882 0.05555555555555555
2 0.5818181818181818 0.30793650793650795 0.014285714285714285 0.047619047619047616
1 0.6051948051948052 0.3634920634920635 0.05064935064935065 0.0761904761904762
2 0.5948051948051948 0.31587301587301586 0.014285714285714285 0.03333333333333333
2 0.6025974025974026 0.30952380952380953 0.01818181818181818 0.050793650793650794
2 0.6103896103896104 0.326984126984127 0.01818181818181818 0.022222222222222223
2 0.6077922077922078 0.31746031746031744 0.00909090909090909 0.025396825396825397
2 0.587012987012987 0.28888888888888886 0.011688311688311689 0.046031746031746035
2 0.5753246753246753 0.273015873015873 0.012987012987012988 0.049206349206349205
1 0.5506493506493506 0.2746031746031746 0.033766233766233764 0.06031746031746032
2 0.5675324675324676 0.25873015873015875 0.01038961038961039 0.04126984126984127
1 0.5168831168831168 0.2253968253968254 0.02987012987012987 0.047619047619047616
2 0.535064935064935 0.22857142857142856 0.014285714285714285 0.03333333333333333
2 0.5532467532467532 0.2365079365079365 0.01038961038961039 0.03015873015873016
2 0.5584415584415584 0.24444444444444444 0.011688311688311689 0.03015873015873016
2 0.5311688311688312 0.2523809523809524 0.015584415584415584 0.04285714285714286
3 0.4857142857142857 0.2365079365079365 0.05584415584415584 0.13333333333333333
2 0.509090909090909 0.24444444444444444 0.015584415584415584 0.04285714285714286
2 0.5363636363636364 0.21746031746031746 0.01038961038961039 0.03333333333333333
2 0.4584415584415584 0.2222222222222222 0.00909090909090909 0.03492063492063492
2 0.4597402597402597 0.18571428571428572 0.006493506493506494 0.023809523809523808
1 0.4623376623376623 0.15555555555555556 0.016883116883116882 0.025396825396825397
1 0.4675324675324675 0.1619047619047619 0.014285714285714285 0.015873015873015872
2 0.4753246753246753 0.15079365079365079 0.01038961038961039 0.022222222222222223
2 0.4818181818181818 0.15714285714285714 0.006493506493506494 0.023809523809523808
2 0.4779220779220779 0.10793650793650794 0.005194805194805195 0.015873015873015872
2 0.4857142857142857 0.14444444444444443 0.011688311688311689 0.03015873015873016
2 0.4883116883116883 0.12380952380952381 0.007792207792207792 0.014285714285714285
2 0.4857142857142857 0.10317460317460317 0.0025974025974025974 0.014285714285714285
1 0.4974025974025974 0.14126984126984127 0.014285714285714285 0.01746031746031746
2 0.4922077922077922 0.11746031746031746 0.006493506493506494 0.011111111111111112
2 0.5 0.12063492063492064 0.007792207792207792 0.014285714285714285
2 0.4948051948051948 0.11428571428571428 0.003896103896103896 0.011111111111111112
2 0.4922077922077922 0.10317460317460317 0.003896103896103896 0.011111111111111112
2 0.5012987012987012 0.1761904761904762 0.007792207792207792 0.025396825396825397
2 0.4974025974025974 0.1619047619047619 0.007792207792207792 0.020634920634920634
2 0.4948051948051948 0.15396825396825398 0.007792207792207792 0.01904761904761905
2 0.5077922077922078 0.15714285714285714 0.006493506493506494 0.025396825396825397
2 0.5051948051948052 0.13968253968253969 0.006493506493506494 0.020634920634920634
2 0.5155844155844156 0.17936507936507937 0.007792207792207792 0.025396825396825397
2 0.5116883116883116 0.1619047619047619 0.005194805194805195 0.01904761904761905
1 0.5272727272727272 0.19047619047619047 0.016883116883116882 0.03650793650793651
2 0.5207792207792208 0.2 0.01038961038961039 0.022222222222222223
2 0.5 0.1111111111111111 0.003896103896103896 0.009523809523809525
1 0.5064935064935064 0.10476190476190476 0.00909090909090909 0.014285714285714285
2 0.5 0.10317460317460317 0.003896103896103896 0.006349206349206349
1 0.5571428571428572 0.9 0.12467532467532468 0.2
1 0.6961038961038961 0.8968253968253969 0.10909090909090909 0.20634920634920634
2 0.6 0.40793650793650793 0.015584415584415584 0.07301587301587302
1 0.5012987012987012 0.09206349206349207 0.007792207792207792 0.012698412698412698
1 0.5 0.3333333333333333 0.04155844155844156 0.10476190476190476