2 0.9116883116883117 0.926984126984127 0.045454545454545456 0.14603174603174604
2 0.8766233766233766 0.9523809523809523 0.03766233766233766 0.09523809523809523
2 0.861038961038961 0.861904761904762 0.03506493506493506 0.14444444444444443
2 0.8272727272727273 0.8539682539682539 0.04285714285714286 0.14761904761904762
2 0.7831168831168831 0.8555555555555555 0.03766233766233766 0.1634920634920635
2 0.8194805194805195 0.9222222222222223 0.02857142857142857 0.12380952380952381
1 0.7233766233766233 0.8507936507936508 0.12727272727272726 0.24761904761904763
2 0.6831168831168831 0.9571428571428572 0.03636363636363636 0.08571428571428572
2 0.5493506493506494 0.9634920634920635 0.03896103896103896 0.07301587301587302
2 0.6 0.9793650793650793 0.024675324675324677 0.03968253968253968
2 0.6597402597402597 0.8825396825396825 0.04285714285714286 0.14285714285714285
0 0.6246753246753247 0.49206349206349204 0.07272727272727272 0.17936507936507937
3 0.6818181818181818 0.6158730158730159 0.10779220779220779 0.3380952380952381
2 0.6597402597402597 0.43492063492063493 0.015584415584415584 0.02857142857142857
0 0.5662337662337662 0.6761904761904762 0.15064935064935064 0.5396825396825397
2 0.6415584415584416 0.4111111111111111 0.011688311688311689 0.05238095238095238
2 0.6571428571428571 0.4 0.015584415584415584 0.049206349206349205
3 0.5922077922077922 0.39206349206349206 0.053246753246753244 0.12063492063492064
2 0.6233766233766234 0.3984126984126984 0.01038961038961039 0.015873015873015872
2 0.638961038961039 0.3634920634920635 0.006493506493506494 0.01904761904761905
2 0.6272727272727273 0.3349206349206349 0.012987012987012988 0.02857142857142857
2 0.6181818181818182 0.319047619047619 0.015584415584415584 0.031746031746031744
2 0.5948051948051948 0.2920634920634921 0.014285714285714285 0.031746031746031744
2 0.5688311688311688 0.25396825396825395 0.007792207792207792 0.022222222222222223
2 0.5506493506493506 0.22698412698412698 0.01948051948051948 0.03968253968253968
2 0.564935064935065 0.23809523809523808 0.01038961038961039 0.03015873015873016
2 0.4766233766233766 0.21746031746031746 0.015584415584415584 0.03968253968253968
2 0.5155844155844156 0.16825396825396827 0.00909090909090909 0.02857142857142857
2 0.509090909090909 0.15714285714285714 0.00909090909090909 0.01904761904761905
2 0.5064935064935064 0.14761904761904762 0.006493506493506494 0.020634920634920634
2 0.4805194805194805 0.18571428571428572 0.01038961038961039 0.025396825396825397
2 0.4727272727272727 0.16825396825396827 0.007792207792207792 0.026984126984126985
2 0.4792207792207792 0.1634920634920635 0.00909090909090909 0.020634920634920634
2 0.4792207792207792 0.15396825396825398 0.007792207792207792 0.011111111111111112
2 0.4701298701298701 0.1349206349206349 0.005194805194805195 0.015873015873015872
2 0.4831168831168831 0.13333333333333333 0.005194805194805195 0.015873015873015872
2 0.4779220779220779 0.12063492063492064 0.003896103896103896 0.014285714285714285
2 0.4844155844155844 0.11428571428571428 0.005194805194805195 0.012698412698412698
2 0.5012987012987012 0.1253968253968254 0.005194805194805195 0.015873015873015872
2 0.5103896103896104 0.10793650793650794 0.003896103896103896 0.011111111111111112
1 0.4987012987012987 0.10952380952380952 0.00909090909090909 0.01904761904761905
1 0.5012987012987012 0.10158730158730159 0.00909090909090909 0.011111111111111112
2 0.5064935064935064 0.10317460317460317 0.003896103896103896 0.012698412698412698
1 0.5 0.17142857142857143 0.011688311688311689 0.031746031746031744
1 0.5064935064935064 0.18412698412698414 0.015584415584415584 0.025396825396825397
1 0.5051948051948052 0.19682539682539682 0.015584415584415584 0.014285714285714285
1 0.5103896103896104 0.23492063492063492 0.02077922077922078 0.04126984126984127
1 0.5051948051948052 0.22698412698412698 0.016883116883116882 0.044444444444444446
0 0.5168831168831168 0.37936507936507935 0.07792207792207792 0.23333333333333334
1 0.5181818181818182 0.2507936507936508 0.02207792207792208 0.026984126984126985
1 0.5467532467532468 0.2634920634920635 0.02207792207792208 0.03650793650793651
1 0.5415584415584416 0.29365079365079366 0.02727272727272727 0.050793650793650794
1 0.5688311688311688 0.29365079365079366 0.02727272727272727 0.05238095238095238
1 0.4818181818181818 0.2873015873015873 0.01948051948051948 0.06190476190476191
3 0.5558441558441558 0.3603174603174603 0.04025974025974026 0.09841269841269841
1 0.7584415584415585 0.6396825396825396 0.07402597402597402 0.18571428571428572
2 0.7311688311688311 0.5428571428571428 0.014285714285714285 0.03492063492063492
2 0.7038961038961039 0.48095238095238096 0.007792207792207792 0.01904761904761905
1 0.7948051948051948 0.9841269841269841 0.06363636363636363 0.031746031746031744