3 0.6142857142857143 0.8857142857142857 0.16103896103896104 0.22698412698412698
2 0.5077922077922078 0.8714285714285714 0.04025974025974026 0.15714285714285714
2 0.6883116883116883 0.9349206349206349 0.03506493506493506 0.1111111111111111
2 0.6753246753246753 0.834920634920635 0.03766233766233766 0.11428571428571428
2 0.6415584415584416 0.7682539682539683 0.02857142857142857 0.06666666666666667
2 0.6532467532467533 0.7523809523809524 0.03766233766233766 0.12063492063492064
2 0.6363636363636364 0.6904761904761905 0.03506493506493506 0.10952380952380952
2 0.861038961038961 0.9714285714285714 0.02857142857142857 0.05555555555555555
2 0.8974025974025974 0.9603174603174603 0.045454545454545456 0.07936507936507936
2 0.9571428571428572 0.9714285714285714 0.04935064935064935 0.05555555555555555
2 0.8246753246753247 0.9174603174603174 0.04155844155844156 0.16031746031746033
2 0.8584415584415584 0.8920634920634921 0.04285714285714286 0.15873015873015872
2 0.8077922077922078 0.8428571428571429 0.04415584415584416 0.11746031746031746
2 0.7662337662337663 0.7555555555555555 0.02857142857142857 0.10158730158730159
2 0.7506493506493507 0.680952380952381 0.025974025974025976 0.06666666666666667
2 0.7181818181818181 0.6476190476190476 0.04155844155844156 0.10952380952380952
2 0.6051948051948052 0.6698412698412698 0.03116883116883117 0.10793650793650794
2 0.5961038961038961 0.6031746031746031 0.03116883116883117 0.09206349206349207
1 0.7805194805194805 0.9571428571428572 0.1025974025974026 0.08571428571428572
1 0.7337662337662337 0.8174603174603174 0.1012987012987013 0.23492063492063492
1 0.5792207792207792 0.7222222222222222 0.09740259740259741 0.14444444444444443
1 0.6805194805194805 0.6603174603174603 0.08701298701298701 0.16031746031746033
1 0.5337662337662338 0.6174603174603175 0.07922077922077922 0.1761904761904762
1 0.5311688311688312 0.49523809523809526 0.05454545454545454 0.1126984126984127
1 0.5103896103896104 0.4365079365079365 0.04025974025974026 0.1111111111111111
1 0.512987012987013 0.3873015873015873 0.04415584415584416 0.09047619047619047
1 0.5233766233766234 0.34285714285714286 0.03896103896103896 0.0873015873015873
2 0.4792207792207792 0.4095238095238095 0.01948051948051948 0.09047619047619047
2 0.6428571428571429 0.49047619047619045 0.02077922077922078 0.047619047619047616
2 0.638961038961039 0.4650793650793651 0.02207792207792208 0.050793650793650794
2 0.6701298701298701 0.49523809523809526 0.02077922077922078 0.049206349206349205
2 0.6831168831168831 0.46984126984126984 0.016883116883116882 0.05555555555555555
2 0.625974025974026 0.4507936507936508 0.01818181818181818 0.05555555555555555
2 0.6428571428571429 0.44603174603174606 0.02207792207792208 0.06666666666666667
2 0.6701298701298701 0.4523809523809524 0.015584415584415584 0.05555555555555555
2 0.6649350649350649 0.43333333333333335 0.015584415584415584 0.06349206349206349
2 0.6532467532467533 0.4031746031746032 0.015584415584415584 0.05238095238095238
2 0.6090909090909091 0.4142857142857143 0.015584415584415584 0.06349206349206349
2 0.6376623376623377 0.40793650793650793 0.016883116883116882 0.04126984126984127
2 0.625974025974026 0.3952380952380952 0.014285714285714285 0.049206349206349205
2 0.6142857142857143 0.3952380952380952 0.012987012987012988 0.04126984126984127
2 0.6402597402597403 0.37936507936507935 0.014285714285714285 0.047619047619047616
2 0.6376623376623377 0.3634920634920635 0.016883116883116882 0.04126984126984127
2 0.6038961038961039 0.3603174603174603 0.014285714285714285 0.04126984126984127
2 0.6142857142857143 0.34444444444444444 0.014285714285714285 0.03650793650793651
2 0.5909090909090909 0.3333333333333333 0.012987012987012988 0.03492063492063492
2 0.6038961038961039 0.3111111111111111 0.012987012987012988 0.04126984126984127
2 0.587012987012987 0.31746031746031744 0.012987012987012988 0.023809523809523808
2 0.5883116883116883 0.30158730158730157 0.011688311688311689 0.02857142857142857
2 0.5883116883116883 0.2841269841269841 0.012987012987012988 0.03015873015873016
2 0.561038961038961 0.26666666666666666 0.01038961038961039 0.03968253968253968
2 0.5792207792207792 0.2761904761904762 0.00909090909090909 0.03650793650793651
2 0.5675324675324676 0.26031746031746034 0.01038961038961039 0.04126984126984127
2 0.5506493506493506 0.2396825396825397 0.00909090909090909 0.02857142857142857
2 0.5636363636363636 0.2507936507936508 0.00909090909090909 0.0380952380952381
2 0.577922077922078 0.24444444444444444 0.01038961038961039 0.03650793650793651
2 0.5376623376623376 0.2253968253968254 0.012987012987012988 0.01746031746031746
2 0.512987012987013 0.23174603174603176 0.00909090909090909 0.025396825396825397
2 0.5181818181818182 0.21587301587301588 0.00909090909090909 0.020634920634920634
2 0.5181818181818182 0.20952380952380953 0.01038961038961039 0.01904761904761905
2 0.4714285714285714 0.2984126984126984 0.015584415584415584 0.050793650793650794
2 0.4675324675324675 0.25873015873015875 0.011688311688311689 0.03968253968253968
2 0.4818181818181818 0.24285714285714285 0.012987012987012988 0.026984126984126985
2 0.4623376623376623 0.23492063492063492 0.014285714285714285 0.03333333333333333
2 0.4844155844155844 0.19523809523809524 0.011688311688311689 0.026984126984126985
2 0.45584415584415583 0.1634920634920635 0.007792207792207792 0.031746031746031744
2 0.4818181818181818 0.16825396825396827 0.007792207792207792 0.026984126984126985
2 0.4818181818181818 0.1492063492063492 0.00909090909090909 0.022222222222222223
2 0.4844155844155844 0.11587301587301588 0.007792207792207792 0.01746031746031746
2 0.5415584415584416 0.2015873015873016 0.00909090909090909 0.023809523809523808
2 0.5272727272727272 0.2111111111111111 0.01038961038961039 0.031746031746031744
2 0.5142857142857142 0.18412698412698414 0.00909090909090909 0.026984126984126985
2 0.5285714285714286 0.1873015873015873 0.00909090909090909 0.022222222222222223
2 0.5363636363636364 0.1873015873015873 0.007792207792207792 0.022222222222222223
2 0.5064935064935064 0.16507936507936508 0.007792207792207792 0.01746031746031746
2 0.5077922077922078 0.17936507936507937 0.007792207792207792 0.022222222222222223
2 0.5168831168831168 0.15714285714285714 0.00909090909090909 0.020634920634920634
2 0.509090909090909 0.1492063492063492 0.005194805194805195 0.01746031746031746
2 0.5103896103896104 0.1349206349206349 0.005194805194805195 0.01746031746031746
2 0.5064935064935064 0.1253968253968254 0.005194805194805195 0.014285714285714285
1 0.4961038961038961 0.10952380952380952 0.01038961038961039 0.01746031746031746
1 0.4714285714285714 0.11746031746031746 0.012987012987012988 0.03333333333333333
1 0.4857142857142857 0.12698412698412698 0.016883116883116882 0.01904761904761905
1 0.5012987012987012 0.1380952380952381 0.01038961038961039 0.015873015873015872
1 0.4675324675324675 0.13968253968253969 0.015584415584415584 0.01746031746031746
1 0.4649350649350649 0.1492063492063492 0.015584415584415584 0.01746031746031746
1 0.4714285714285714 0.15714285714285714 0.011688311688311689 0.015873015873015872
1 0.4649350649350649 0.16507936507936508 0.014285714285714285 0.023809523809523808
1 0.4714285714285714 0.18253968253968253 0.016883116883116882 0.03015873015873016
1 0.4909090909090909 0.14603174603174604 0.012987012987012988 0.022222222222222223
1 0.5012987012987012 0.15396825396825398 0.015584415584415584 0.020634920634920634
1 0.4714285714285714 0.19682539682539682 0.01818181818181818 0.023809523809523808
1 0.4649350649350649 0.21428571428571427 0.02207792207792208 0.03650793650793651
1 0.4948051948051948 0.15873015873015872 0.01818181818181818 0.011111111111111112
1 0.4987012987012987 0.173015873015873 0.016883116883116882 0.01746031746031746
1 0.4974025974025974 0.18095238095238095 0.015584415584415584 0.01904761904761905
1 0.5012987012987012 0.1984126984126984 0.01948051948051948 0.022222222222222223
1 0.4896103896103896 0.22380952380952382 0.01818181818181818 0.03968253968253968
1 0.5025974025974026 0.24285714285714285 0.023376623376623377 0.0380952380952381
1 0.5363636363636364 0.2365079365079365 0.02207792207792208 0.026984126984126985
1 0.5415584415584416 0.26666666666666666 0.023376623376623377 0.047619047619047616
1 0.5194805194805194 0.2714285714285714 0.03766233766233766 0.05714285714285714
1 0.4844155844155844 0.26825396825396824 0.03116883116883117 0.0380952380952381
1 0.4922077922077922 0.30952380952380953 0.02857142857142857 0.06825396825396825
1 0.5662337662337662 0.30793650793650795 0.032467532467532464 0.06031746031746032
1 0.5584415584415584 0.34285714285714286 0.03636363636363636 0.05873015873015873
1 0.5818181818181818 0.36984126984126986 0.03896103896103896 0.07142857142857142
1 0.5844155844155844 0.4492063492063492 0.05454545454545454 0.09682539682539683
1 0.6272727272727273 0.5349206349206349 0.07402597402597402 0.1349206349206349
1 0.7077922077922078 0.5571428571428572 0.08441558441558442 0.15396825396825398