2 0.9272727272727272 0.9682539682539683 0.04935064935064935 0.06349206349206349
2 0.7402597402597403 0.9174603174603174 0.053246753246753244 0.15079365079365079
2 0.8168831168831169 0.8444444444444444 0.03636363636363636 0.1365079365079365
2 0.7415584415584415 0.780952380952381 0.04285714285714286 0.12380952380952381
2 0.7844155844155845 0.7222222222222222 0.04155844155844156 0.1253968253968254
2 0.7558441558441559 0.6412698412698413 0.03636363636363636 0.10793650793650794
2 0.7051948051948052 0.6698412698412698 0.03116883116883117 0.10952380952380952
2 0.687012987012987 0.5857142857142857 0.025974025974025976 0.09365079365079365
2 0.6857142857142857 0.5253968253968254 0.02727272727272727 0.1126984126984127
2 0.6480519480519481 0.4650793650793651 0.01948051948051948 0.08412698412698413
2 0.6480519480519481 0.4158730158730159 0.02207792207792208 0.046031746031746035
2 0.6415584415584416 0.39365079365079364 0.01948051948051948 0.050793650793650794
2 0.6077922077922078 0.4222222222222222 0.02727272727272727 0.07142857142857142
2 0.5922077922077922 0.3746031746031746 0.014285714285714285 0.05714285714285714
2 0.612987012987013 0.38095238095238093 0.01818181818181818 0.05396825396825397
2 0.6051948051948052 0.3349206349206349 0.011688311688311689 0.05714285714285714
2 0.4935064935064935 0.4507936507936508 0.016883116883116882 0.0761904761904762
2 0.5467532467532468 0.2634920634920635 0.01038961038961039 0.020634920634920634
2 0.5792207792207792 0.2761904761904762 0.016883116883116882 0.025396825396825397
2 0.5584415584415584 0.2634920634920635 0.007792207792207792 0.020634920634920634
2 0.5636363636363636 0.2523809523809524 0.007792207792207792 0.03492063492063492
2 0.5506493506493506 0.24126984126984127 0.014285714285714285 0.03015873015873016
2 0.5428571428571428 0.23174603174603176 0.014285714285714285 0.026984126984126985
2 0.5181818181818182 0.19682539682539682 0.00909090909090909 0.020634920634920634
2 0.512987012987013 0.18253968253968253 0.014285714285714285 0.015873015873015872
2 0.5012987012987012 0.173015873015873 0.005194805194805195 0.004761904761904762
2 0.4857142857142857 0.18571428571428572 0.007792207792207792 0.015873015873015872
2 0.4909090909090909 0.2111111111111111 0.012987012987012988 0.026984126984126985
2 0.5064935064935064 0.14285714285714285 0.011688311688311689 0.023809523809523808
2 0.4961038961038961 0.14126984126984127 0.005194805194805195 0.015873015873015872
2 0.4948051948051948 0.13174603174603175 0.005194805194805195 0.004761904761904762
2 0.4909090909090909 0.1253968253968254 0.007792207792207792 0.007936507936507936
2 0.5012987012987012 0.11587301587301588 0.01038961038961039 0.020634920634920634
2 0.4922077922077922 0.1126984126984127 0.01038961038961039 0.012698412698412698
1 0.509090909090909 0.09523809523809523 0.011688311688311689 0.012698412698412698
3 0.4662337662337662 0.1380952380952381 0.01948051948051948 0.044444444444444446
3 0.4701298701298701 0.18888888888888888 0.032467532467532464 0.07777777777777778
1 0.4896103896103896 0.14444444444444443 0.016883116883116882 0.02857142857142857
1 0.4909090909090909 0.16984126984126985 0.01948051948051948 0.025396825396825397
1 0.5025974025974026 0.1873015873015873 0.02207792207792208 0.025396825396825397
1 0.4779220779220779 0.24285714285714285 0.032467532467532464 0.044444444444444446
1 0.4844155844155844 0.28253968253968254 0.033766233766233764 0.05714285714285714
1 0.5012987012987012 0.20952380952380953 0.024675324675324677 0.04126984126984127
1 0.5155844155844156 0.17142857142857143 0.016883116883116882 0.025396825396825397
1 0.5363636363636364 0.19523809523809524 0.033766233766233764 0.047619047619047616
3 0.5194805194805194 0.2492063492063492 0.033766233766233764 0.08095238095238096
3 0.5532467532467532 0.35873015873015873 0.06103896103896104 0.16984126984126985
1 0.5194805194805194 0.32063492063492066 0.02727272727272727 0.07777777777777778
1 0.5714285714285714 0.2920634920634921 0.03506493506493506 0.05555555555555555
1 0.5272727272727272 0.21746031746031746 0.02077922077922078 0.02857142857142857
1 0.4961038961038961 0.39365079365079364 0.05064935064935065 0.07142857142857142
1 0.6103896103896104 0.4873015873015873 0.05974025974025974 0.10317460317460317
1 0.535064935064935 0.5111111111111111 0.07662337662337662 0.18888888888888888