1 0.7012987012987013 0.8825396825396825 0.14025974025974025 0.23492063492063492
1 0.6675324675324675 0.6206349206349207 0.11558441558441558 0.13968253968253969
1 0.577922077922078 0.4857142857142857 0.06103896103896104 0.10634920634920635
1 0.5506493506493506 0.353968253968254 0.032467532467532464 0.06825396825396825
1 0.4883116883116883 0.18412698412698414 0.01948051948051948 0.03333333333333333
1 0.5194805194805194 0.1761904761904762 0.016883116883116882 0.03492063492063492
3 0.4818181818181818 0.09682539682539683 0.01948051948051948 0.03492063492063492
1 0.4974025974025974 0.11587301587301588 0.01038961038961039 0.023809523809523808
1 0.4922077922077922 0.09841269841269841 0.007792207792207792 0.01904761904761905
3 0.5077922077922078 0.39206349206349206 0.06103896103896104 0.12380952380952381
2 0.4714285714285714 0.16666666666666666 0.00909090909090909 0.03015873015873016
2 0.4857142857142857 0.14761904761904762 0.007792207792207792 0.02857142857142857
2 0.4922077922077922 0.1634920634920635 0.01038961038961039 0.023809523809523808
2 0.5844155844155844 0.2873015873015873 0.01948051948051948 0.03492063492063492
2 0.5831168831168831 0.35873015873015873 0.024675324675324677 0.03333333333333333
2 0.587012987012987 0.319047619047619 0.016883116883116882 0.03650793650793651
2 0.5961038961038961 0.4095238095238095 0.01948051948051948 0.050793650793650794
2 0.6142857142857143 0.4095238095238095 0.01818181818181818 0.06349206349206349
2 0.6415584415584416 0.4174603174603175 0.025974025974025976 0.05873015873015873