2 0.5467532467532468 0.9301587301587302 0.04415584415584416 0.13968253968253969
2 0.8207792207792208 0.953968253968254 0.04155844155844156 0.09206349206349207
2 0.9402597402597402 0.9793650793650793 0.05974025974025974 0.04126984126984127
2 0.874025974025974 0.9412698412698413 0.05194805194805195 0.11746031746031746
2 0.8168831168831169 0.7682539682539683 0.053246753246753244 0.1634920634920635
2 0.7844155844155845 0.8015873015873016 0.05714285714285714 0.15555555555555556
2 0.7415584415584415 0.834920634920635 0.06493506493506493 0.15873015873015872
2 0.5896103896103896 0.8555555555555555 0.03636363636363636 0.14761904761904762
2 0.5168831168831168 0.7603174603174603 0.04025974025974026 0.16031746031746033
2 0.5792207792207792 0.7523809523809524 0.046753246753246755 0.13015873015873017
2 0.5974025974025974 0.6634920634920635 0.03636363636363636 0.11904761904761904
2 0.6844155844155844 0.6936507936507936 0.04025974025974026 0.11746031746031746
2 0.7545454545454545 0.6571428571428571 0.03896103896103896 0.11428571428571428
2 0.7311688311688311 0.6825396825396826 0.03896103896103896 0.13968253968253969
2 0.5766233766233766 0.553968253968254 0.02207792207792208 0.10158730158730159
2 0.6909090909090909 0.5317460317460317 0.02857142857142857 0.09841269841269841
2 0.6701298701298701 0.5428571428571428 0.02207792207792208 0.10634920634920635
2 0.6519480519480519 0.4793650793650794 0.02207792207792208 0.08095238095238096
2 0.6688311688311688 0.4603174603174603 0.024675324675324677 0.07142857142857142
2 0.6103896103896104 0.4587301587301587 0.02077922077922078 0.07777777777777778
2 0.5532467532467532 0.5 0.02727272727272727 0.10952380952380952
2 0.525974025974026 0.4492063492063492 0.024675324675324677 0.08095238095238096
2 0.4961038961038961 0.46825396825396826 0.02857142857142857 0.08253968253968254
2 0.6493506493506493 0.4158730158730159 0.015584415584415584 0.06984126984126984
2 0.6402597402597403 0.3904761904761905 0.01818181818181818 0.06984126984126984
2 0.6272727272727273 0.4507936507936508 0.016883116883116882 0.07777777777777778
2 0.6181818181818182 0.4158730158730159 0.02207792207792208 0.0746031746031746
2 0.6233766233766234 0.3888888888888889 0.01948051948051948 0.06349206349206349
2 0.5935064935064935 0.4158730158730159 0.02077922077922078 0.0873015873015873
2 0.4948051948051948 0.42063492063492064 0.015584415584415584 0.05238095238095238
2 0.4883116883116883 0.3873015873015873 0.01948051948051948 0.06825396825396825
2 0.5766233766233766 0.38571428571428573 0.02077922077922078 0.06666666666666667
2 0.5402597402597402 0.3523809523809524 0.01948051948051948 0.06031746031746032
2 0.5714285714285714 0.346031746031746 0.015584415584415584 0.05555555555555555
2 0.5857142857142857 0.3396825396825397 0.01818181818181818 0.05873015873015873
2 0.6012987012987013 0.373015873015873 0.01948051948051948 0.06666666666666667
2 0.6090909090909091 0.34444444444444444 0.02077922077922078 0.06825396825396825
2 0.5168831168831168 0.31746031746031744 0.014285714285714285 0.044444444444444446
2 0.5168831168831168 0.2968253968253968 0.016883116883116882 0.05238095238095238
2 0.4792207792207792 0.319047619047619 0.01948051948051948 0.06031746031746032
2 0.5922077922077922 0.3142857142857143 0.014285714285714285 0.05238095238095238
2 0.5753246753246753 0.30158730158730157 0.011688311688311689 0.04285714285714286
2 0.5571428571428572 0.27936507936507937 0.01038961038961039 0.04285714285714286
2 0.5675324675324676 0.2873015873015873 0.01038961038961039 0.05238095238095238
2 0.4675324675324675 0.2698412698412698 0.011688311688311689 0.031746031746031744
2 0.5701298701298702 0.25873015873015875 0.011688311688311689 0.05238095238095238
2 0.5545454545454546 0.2571428571428571 0.011688311688311689 0.03968253968253968
2 0.561038961038961 0.23492063492063492 0.00909090909090909 0.03492063492063492
2 0.4896103896103896 0.23333333333333334 0.014285714285714285 0.014285714285714285
2 0.5454545454545454 0.2365079365079365 0.00909090909090909 0.03968253968253968
2 0.551948051948052 0.22380952380952382 0.00909090909090909 0.03492063492063492
2 0.4896103896103896 0.19047619047619047 0.007792207792207792 0.020634920634920634
2 0.4818181818181818 0.16825396825396827 0.005194805194805195 0.022222222222222223
2 0.4766233766233766 0.1634920634920635 0.005194805194805195 0.020634920634920634
2 0.4792207792207792 0.15079365079365079 0.005194805194805195 0.023809523809523808
2 0.4714285714285714 0.1523809523809524 0.00909090909090909 0.025396825396825397
2 0.4779220779220779 0.1380952380952381 0.003896103896103896 0.014285714285714285
2 0.474025974025974 0.13333333333333333 0.003896103896103896 0.014285714285714285
2 0.4831168831168831 0.12698412698412698 0.0025974025974025974 0.011111111111111112
2 0.4805194805194805 0.12857142857142856 0.003896103896103896 0.011111111111111112
2 0.5194805194805194 0.1619047619047619 0.003896103896103896 0.01746031746031746
2 0.5142857142857142 0.1619047619047619 0.005194805194805195 0.01746031746031746
2 0.509090909090909 0.16031746031746033 0.005194805194805195 0.014285714285714285
2 0.5025974025974026 0.16031746031746033 0.005194805194805195 0.014285714285714285
2 0.5155844155844156 0.14761904761904762 0.003896103896103896 0.012698412698412698
2 0.5077922077922078 0.14761904761904762 0.003896103896103896 0.012698412698412698
2 0.5 0.14761904761904762 0.003896103896103896 0.012698412698412698
2 0.4948051948051948 0.14603174603174604 0.0025974025974025974 0.012698412698412698
2 0.5116883116883116 0.1365079365079365 0.003896103896103896 0.015873015873015872
2 0.5077922077922078 0.1349206349206349 0.0025974025974025974 0.012698412698412698
2 0.5038961038961038 0.1349206349206349 0.0025974025974025974 0.011111111111111112
2 0.5103896103896104 0.12222222222222222 0.0025974025974025974 0.012698412698412698
2 0.5103896103896104 0.11587301587301588 0.003896103896103896 0.015873015873015872
0 0.5025974025974026 0.1 0.00909090909090909 0.01746031746031746
1 0.5012987012987012 0.1111111111111111 0.00909090909090909 0.011111111111111112
1 0.4909090909090909 0.11428571428571428 0.007792207792207792 0.009523809523809525
1 0.4935064935064935 0.12380952380952381 0.012987012987012988 0.009523809523809525
1 0.4922077922077922 0.13333333333333333 0.014285714285714285 0.006349206349206349
1 0.487012987012987 0.1380952380952381 0.00909090909090909 0.011111111111111112
1 0.4857142857142857 0.14603174603174604 0.01038961038961039 0.012698412698412698
1 0.4883116883116883 0.16031746031746033 0.012987012987012988 0.009523809523809525
1 0.4909090909090909 0.17777777777777778 0.014285714285714285 0.03492063492063492
1 0.4948051948051948 0.2015873015873016 0.00909090909090909 0.03650793650793651
0 0.5194805194805194 0.21428571428571427 0.046753246753246755 0.10158730158730159
1 0.5025974025974026 0.08888888888888889 0.003896103896103896 0.004761904761904762
1 0.4935064935064935 0.09682539682539683 0.00909090909090909 0.014285714285714285
1 0.4896103896103896 0.1 0.011688311688311689 0.012698412698412698
1 0.4779220779220779 0.10317460317460317 0.011688311688311689 0.011111111111111112
1 0.4922077922077922 0.1126984126984127 0.00909090909090909 0.009523809523809525
1 0.4844155844155844 0.10952380952380952 0.006493506493506494 0.009523809523809525
1 0.4818181818181818 0.11587301587301588 0.01038961038961039 0.012698412698412698
1 0.4688311688311688 0.10793650793650794 0.006493506493506494 0.006349206349206349
1 0.4714285714285714 0.11428571428571428 0.007792207792207792 0.009523809523809525
1 0.4623376623376623 0.11587301587301588 0.00909090909090909 0.009523809523809525
1 0.4662337662337662 0.12857142857142856 0.012987012987012988 0.015873015873015872
1 0.461038961038961 0.1349206349206349 0.01038961038961039 0.012698412698412698
1 0.461038961038961 0.1492063492063492 0.011688311688311689 0.01904761904761905
1 0.4675324675324675 0.1619047619047619 0.015584415584415584 0.023809523809523808
1 0.4649350649350649 0.17936507936507937 0.01948051948051948 0.02857142857142857
1 0.4675324675324675 0.21428571428571427 0.016883116883116882 0.031746031746031744
1 0.4714285714285714 0.23333333333333334 0.023376623376623377 0.03968253968253968
1 0.5428571428571428 0.2984126984126984 0.04025974025974026 0.07301587301587302
1 0.5012987012987012 0.346031746031746 0.03506493506493506 0.0873015873015873
1 0.5558441558441558 0.4158730158730159 0.05194805194805195 0.1111111111111111
1 0.5337662337662338 0.573015873015873 0.06363636363636363 0.1523809523809524
1 0.6298701298701299 0.5650793650793651 0.07662337662337662 0.15555555555555556
1 0.6896103896103896 0.8714285714285714 0.12727272727272726 0.2571428571428571