1 0.8519480519480519 0.9603174603174603 0.11038961038961038 0.07777777777777778
1 0.7259740259740259 0.9396825396825397 0.11168831168831168 0.11904761904761904
1 0.5974025974025974 0.9809523809523809 0.07792207792207792 0.0380952380952381
1 0.6597402597402597 0.680952380952381 0.06623376623376623 0.17142857142857143
1 0.6233766233766234 0.5507936507936508 0.06493506493506493 0.10476190476190476
1 0.5376623376623376 0.5444444444444444 0.05064935064935065 0.06984126984126984
1 0.5168831168831168 0.4777777777777778 0.04415584415584416 0.10793650793650794
1 0.6038961038961039 0.46190476190476193 0.048051948051948054 0.08571428571428572
1 0.6545454545454545 0.44603174603174606 0.053246753246753244 0.08571428571428572
1 0.5688311688311688 0.40476190476190477 0.03896103896103896 0.06507936507936508
1 0.5064935064935064 0.3952380952380952 0.03766233766233766 0.06984126984126984
1 0.574025974025974 0.35079365079365077 0.032467532467532464 0.05714285714285714
1 0.5337662337662338 0.31587301587301586 0.03636363636363636 0.05555555555555555
1 0.5701298701298702 0.2873015873015873 0.04025974025974026 0.046031746031746035
1 0.487012987012987 0.25555555555555554 0.032467532467532464 0.044444444444444446
1 0.5558441558441558 0.24285714285714285 0.04025974025974026 0.0380952380952381
1 0.4675324675324675 0.1523809523809524 0.012987012987012988 0.02857142857142857
1 0.4675324675324675 0.12222222222222222 0.016883116883116882 0.023809523809523808
3 0.5805194805194805 0.7507936507936508 0.13636363636363635 0.41904761904761906
2 0.5116883116883116 0.9428571428571428 0.046753246753246755 0.1126984126984127
2 0.9662337662337662 0.9714285714285714 0.03896103896103896 0.05555555555555555
2 0.9012987012987013 0.9428571428571428 0.045454545454545456 0.1126984126984127
2 0.825974025974026 0.8825396825396825 0.05584415584415584 0.09841269841269841
2 0.7623376623376623 0.8873015873015873 0.04285714285714286 0.12222222222222222
2 0.6727272727272727 0.7857142857142857 0.04155844155844156 0.1349206349206349
2 0.7090909090909091 0.8222222222222222 0.03506493506493506 0.14761904761904762
2 0.7545454545454545 0.8158730158730159 0.04415584415584416 0.13174603174603175
2 0.8246753246753247 0.8206349206349206 0.04935064935064935 0.10317460317460317
2 0.7961038961038961 0.7428571428571429 0.03116883116883117 0.09206349206349207
2 0.7610389610389611 0.7126984126984127 0.024675324675324677 0.10952380952380952
2 0.7337662337662337 0.7507936507936508 0.03506493506493506 0.10634920634920635
2 0.7194805194805195 0.6873015873015873 0.025974025974025976 0.10158730158730159
2 0.7350649350649351 0.6507936507936508 0.032467532467532464 0.09206349206349207
2 0.6935064935064935 0.6222222222222222 0.03116883116883117 0.09523809523809523
2 0.674025974025974 0.5714285714285714 0.02207792207792208 0.06666666666666667
2 0.6636363636363637 0.5285714285714286 0.04935064935064935 0.07301587301587302
2 0.7298701298701299 0.5174603174603175 0.032467532467532464 0.0873015873015873
2 0.6558441558441559 0.49682539682539684 0.02987012987012987 0.05555555555555555
2 0.5675324675324676 0.5190476190476191 0.025974025974025976 0.050793650793650794
2 0.5688311688311688 0.49047619047619045 0.02727272727272727 0.049206349206349205
2 0.5597402597402598 0.46190476190476193 0.025974025974025976 0.049206349206349205
2 0.5467532467532468 0.44603174603174606 0.012987012987012988 0.05555555555555555
2 0.538961038961039 0.4126984126984127 0.015584415584415584 0.049206349206349205
2 0.5285714285714286 0.3761904761904762 0.014285714285714285 0.046031746031746035
2 0.5181818181818182 0.3476190476190476 0.01948051948051948 0.04126984126984127
2 0.4766233766233766 0.373015873015873 0.015584415584415584 0.046031746031746035
2 0.4857142857142857 0.33174603174603173 0.014285714285714285 0.03650793650793651
2 0.5025974025974026 0.34444444444444444 0.011688311688311689 0.03492063492063492
2 0.4857142857142857 0.2920634920634921 0.014285714285714285 0.03650793650793651
2 0.5064935064935064 0.30634920634920637 0.012987012987012988 0.050793650793650794
2 0.5337662337662338 0.2698412698412698 0.012987012987012988 0.0380952380952381
2 0.6597402597402597 0.39365079365079364 0.01818181818181818 0.031746031746031744
2 0.6363636363636364 0.39365079365079364 0.012987012987012988 0.03492063492063492
2 0.6155844155844156 0.3873015873015873 0.025974025974025976 0.046031746031746035
2 0.6428571428571429 0.37936507936507935 0.014285714285714285 0.03492063492063492
2 0.6 0.35873015873015873 0.012987012987012988 0.044444444444444446
2 0.6311688311688312 0.35873015873015873 0.014285714285714285 0.03333333333333333
2 0.612987012987013 0.34285714285714286 0.015584415584415584 0.03968253968253968
2 0.6311688311688312 0.34285714285714286 0.012987012987012988 0.04285714285714286
2 0.6220779220779221 0.326984126984127 0.012987012987012988 0.025396825396825397
2 0.6051948051948052 0.31746031746031744 0.01038961038961039 0.026984126984126985
2 0.5974025974025974 0.3253968253968254 0.016883116883116882 0.02857142857142857
2 0.577922077922078 0.3253968253968254 0.015584415584415584 0.0380952380952381
2 0.6038961038961039 0.3 0.02077922077922078 0.01904761904761905
2 0.5948051948051948 0.2873015873015873 0.01948051948051948 0.026984126984126985
2 0.5857142857142857 0.26825396825396824 0.014285714285714285 0.020634920634920634
2 0.4974025974025974 0.17777777777777778 0.014285714285714285 0.02857142857142857
2 0.5376623376623376 0.20952380952380953 0.012987012987012988 0.025396825396825397
2 0.4896103896103896 0.15396825396825398 0.00909090909090909 0.025396825396825397
2 0.509090909090909 0.14285714285714285 0.00909090909090909 0.020634920634920634
2 0.4922077922077922 0.14603174603174604 0.011688311688311689 0.012698412698412698
2 0.4896103896103896 0.12857142857142856 0.00909090909090909 0.01746031746031746
2 0.4987012987012987 0.12222222222222222 0.011688311688311689 0.015873015873015872
2 0.5025974025974026 0.1111111111111111 0.011688311688311689 0.014285714285714285
2 0.487012987012987 0.1 0.005194805194805195 0.012698412698412698
2 0.4909090909090909 0.10158730158730159 0.006493506493506494 0.012698412698412698
2 0.4974025974025974 0.10476190476190476 0.007792207792207792 0.011111111111111112
2 0.4961038961038961 0.09682539682539683 0.006493506493506494 0.009523809523809525
2 0.5025974025974026 0.1 0.007792207792207792 0.011111111111111112
2 0.5103896103896104 0.09523809523809523 0.006493506493506494 0.014285714285714285