2 0.9376623376623376 0.9222222222222223 0.04155844155844156 0.1492063492063492
1 0.912987012987013 0.9793650793650793 0.02857142857142857 0.04126984126984127
2 0.9233766233766234 0.953968253968254 0.032467532467532464 0.09047619047619047
2 0.8584415584415584 0.9206349206349206 0.032467532467532464 0.13333333333333333
2 0.8779220779220779 0.9079365079365079 0.02987012987012987 0.16984126984126985
2 0.8246753246753247 0.9380952380952381 0.03766233766233766 0.12380952380952381
2 0.8285714285714286 0.9603174603174603 0.04155844155844156 0.07936507936507936
2 0.7584415584415585 0.8095238095238095 0.02857142857142857 0.1349206349206349
2 0.7623376623376623 0.819047619047619 0.024675324675324677 0.15714285714285714
2 0.8 0.8555555555555555 0.03116883116883117 0.1634920634920635
2 0.8337662337662337 0.8317460317460318 0.02987012987012987 0.11428571428571428
2 0.8389610389610389 0.7698412698412699 0.032467532467532464 0.07936507936507936
2 0.8025974025974026 0.7412698412698413 0.02857142857142857 0.12698412698412698
2 0.8077922077922078 0.6825396825396826 0.025974025974025976 0.09682539682539683
2 0.7857142857142857 0.7634920634920634 0.024675324675324677 0.09206349206349207
2 0.7584415584415585 0.6952380952380952 0.02077922077922078 0.09523809523809523
3 0.687012987012987 0.7793650793650794 0.13766233766233765 0.37936507936507935
2 0.7441558441558441 0.6460317460317461 0.02077922077922078 0.08412698412698413
2 0.7311688311688311 0.7047619047619048 0.02077922077922078 0.10476190476190476
2 0.7077922077922078 0.6142857142857143 0.01948051948051948 0.0761904761904762
2 0.7298701298701299 0.5126984126984127 0.015584415584415584 0.07142857142857142
2 0.7324675324675325 0.5920634920634921 0.03506493506493506 0.09682539682539683
2 0.7064935064935065 0.5412698412698412 0.02207792207792208 0.09365079365079365
1 0.6532467532467533 0.5015873015873016 0.07272727272727272 0.12063492063492064
2 0.6883116883116883 0.5063492063492063 0.01818181818181818 0.09206349206349207
2 0.6779220779220779 0.6047619047619047 0.024675324675324677 0.08888888888888889
2 0.6558441558441559 0.5761904761904761 0.024675324675324677 0.10793650793650794
2 0.5818181818181818 0.7777777777777778 0.02987012987012987 0.14444444444444443
2 0.5103896103896104 0.8682539682539683 0.045454545454545456 0.15555555555555556
2 0.5883116883116883 0.692063492063492 0.03116883116883117 0.12063492063492064
2 0.5597402597402598 0.546031746031746 0.024675324675324677 0.08095238095238096
2 0.5298701298701298 0.546031746031746 0.02207792207792208 0.047619047619047616
1 0.5168831168831168 0.4873015873015873 0.048051948051948054 0.12222222222222222
2 0.5376623376623376 0.4492063492063492 0.023376623376623377 0.07936507936507936
0 0.5506493506493506 0.3380952380952381 0.07142857142857142 0.15873015873015872
2 0.5168831168831168 0.4031746031746032 0.00909090909090909 0.031746031746031744
2 0.6493506493506493 0.40476190476190477 0.012987012987012988 0.06666666666666667
2 0.6246753246753247 0.4365079365079365 0.012987012987012988 0.06666666666666667
2 0.6363636363636364 0.4380952380952381 0.00909090909090909 0.01904761904761905
1 0.5883116883116883 0.49206349206349204 0.05584415584415584 0.11746031746031746
2 0.6038961038961039 0.42698412698412697 0.016883116883116882 0.06349206349206349
2 0.577922077922078 0.4238095238095238 0.016883116883116882 0.020634920634920634
2 0.6051948051948052 0.3968253968253968 0.007792207792207792 0.03492063492063492
2 0.6181818181818182 0.3984126984126984 0.012987012987012988 0.049206349206349205
2 0.5935064935064935 0.39206349206349206 0.011688311688311689 0.05873015873015873
2 0.5896103896103896 0.3746031746031746 0.01038961038961039 0.06349206349206349
2 0.6090909090909091 0.45396825396825397 0.014285714285714285 0.06507936507936508
2 0.577922077922078 0.42698412698412697 0.01038961038961039 0.01904761904761905
2 0.512987012987013 0.32222222222222224 0.011688311688311689 0.05873015873015873
1 0.4922077922077922 0.3492063492063492 0.03766233766233766 0.09206349206349207
2 0.4896103896103896 0.28888888888888886 0.007792207792207792 0.03650793650793651
2 0.5064935064935064 0.2698412698412698 0.007792207792207792 0.04285714285714286
2 0.4805194805194805 0.2746031746031746 0.007792207792207792 0.0380952380952381
2 0.5415584415584416 0.24285714285714285 0.00909090909090909 0.03492063492063492
2 0.474025974025974 0.21428571428571427 0.00909090909090909 0.03492063492063492
1 0.5818181818181818 0.28888888888888886 0.053246753246753244 0.09523809523809523
2 0.5623376623376624 0.2396825396825397 0.012987012987012988 0.023809523809523808
1 0.5337662337662338 0.21587301587301588 0.02727272727272727 0.03968253968253968
2 0.535064935064935 0.19523809523809524 0.007792207792207792 0.007936507936507936
2 0.5272727272727272 0.18095238095238095 0.006493506493506494 0.026984126984126985
1 0.5038961038961038 0.18412698412698414 0.01818181818181818 0.03650793650793651
2 0.512987012987013 0.16666666666666666 0.005194805194805195 0.022222222222222223
2 0.4987012987012987 0.16031746031746033 0.003896103896103896 0.01904761904761905
2 0.509090909090909 0.15714285714285714 0.003896103896103896 0.022222222222222223
2 0.4844155844155844 0.14285714285714285 0.005194805194805195 0.020634920634920634
1 0.4662337662337662 0.12380952380952381 0.01038961038961039 0.022222222222222223
2 0.4779220779220779 0.11904761904761904 0.0025974025974025974 0.014285714285714285
2 0.4974025974025974 0.13333333333333333 0.005194805194805195 0.01904761904761905
2 0.4883116883116883 0.12222222222222222 0.003896103896103896 0.01746031746031746
2 0.4844155844155844 0.1126984126984127 0.0025974025974025974 0.015873015873015872
2 0.4922077922077922 0.1126984126984127 0.006493506493506494 0.015873015873015872
2 0.4961038961038961 0.09523809523809523 0.0025974025974025974 0.011111111111111112
1 0.4805194805194805 0.10476190476190476 0.00909090909090909 0.01746031746031746
1 0.5012987012987012 0.10952380952380952 0.00909090909090909 0.023809523809523808
1 0.5038961038961038 0.09047619047619047 0.012987012987012988 0.009523809523809525
3 0.4675324675324675 0.1523809523809524 0.015584415584415584 0.03968253968253968
1 0.6181818181818182 0.6063492063492063 0.07792207792207792 0.1619047619047619
1 0.5285714285714286 0.6619047619047619 0.07402597402597402 0.20476190476190476
1 0.587012987012987 0.9111111111111111 0.10909090909090909 0.17777777777777778