2 0.9753246753246754 0.9412698412698413 0.03766233766233766 0.11746031746031746
2 0.9246753246753247 0.9507936507936507 0.046753246753246755 0.09841269841269841
2 0.9831168831168832 0.8920634920634921 0.032467532467532464 0.13015873015873017
2 0.9324675324675324 0.8746031746031746 0.03506493506493506 0.12857142857142856
2 0.9493506493506494 0.8301587301587302 0.02857142857142857 0.12222222222222222
2 0.8883116883116883 0.8777777777777778 0.02727272727272727 0.14761904761904762
2 0.861038961038961 0.792063492063492 0.02857142857142857 0.1349206349206349
2 0.9025974025974026 0.7793650793650794 0.032467532467532464 0.12698412698412698
2 0.9363636363636364 0.7365079365079366 0.03636363636363636 0.1126984126984127
2 0.8922077922077922 0.7142857142857143 0.033766233766233764 0.1
2 0.8363636363636363 0.7031746031746032 0.033766233766233764 0.08095238095238096
2 0.8532467532467533 0.6634920634920635 0.024675324675324677 0.09523809523809523
2 0.8220779220779221 0.6666666666666666 0.01948051948051948 0.10476190476190476
2 0.8103896103896104 0.626984126984127 0.016883116883116882 0.10158730158730159
2 0.8467532467532467 0.6111111111111112 0.01948051948051948 0.09682539682539683
2 0.8649350649350649 0.5349206349206349 0.023376623376623377 0.09523809523809523
2 0.8116883116883117 0.46984126984126984 0.02207792207792208 0.0746031746031746
2 0.6038961038961039 0.5650793650793651 0.024675324675324677 0.11746031746031746
2 0.5831168831168831 0.4365079365079365 0.016883116883116882 0.0873015873015873
2 0.6688311688311688 0.4301587301587302 0.016883116883116882 0.04126984126984127
2 0.6584415584415585 0.4142857142857143 0.015584415584415584 0.06190476190476191
2 0.6493506493506493 0.4015873015873016 0.01818181818181818 0.06984126984126984
2 0.6350649350649351 0.373015873015873 0.016883116883116882 0.07142857142857142
2 0.7714285714285715 0.40793650793650793 0.011688311688311689 0.03492063492063492
2 0.7402597402597403 0.4142857142857143 0.01038961038961039 0.044444444444444446
2 0.7506493506493507 0.3968253968253968 0.016883116883116882 0.04285714285714286
2 0.7584415584415585 0.373015873015873 0.012987012987012988 0.04126984126984127
2 0.7311688311688311 0.39365079365079364 0.016883116883116882 0.05714285714285714
2 0.7415584415584415 0.35873015873015873 0.015584415584415584 0.047619047619047616
2 0.7285714285714285 0.3349206349206349 0.014285714285714285 0.049206349206349205
2 0.7090909090909091 0.3761904761904762 0.00909090909090909 0.03650793650793651
2 0.7 0.3603174603174603 0.01948051948051948 0.044444444444444446
2 0.7012987012987013 0.326984126984127 0.016883116883116882 0.044444444444444446
2 0.7233766233766233 0.3047619047619048 0.01948051948051948 0.044444444444444446
2 0.5727272727272728 0.2523809523809524 0.016883116883116882 0.047619047619047616
2 0.6116883116883117 0.24603174603174602 0.01038961038961039 0.049206349206349205
2 0.6038961038961039 0.23015873015873015 0.011688311688311689 0.04285714285714286
2 0.6103896103896104 0.2222222222222222 0.00909090909090909 0.02857142857142857
2 0.6662337662337663 0.25396825396825395 0.01038961038961039 0.031746031746031744
2 0.674025974025974 0.21428571428571427 0.016883116883116882 0.026984126984126985
2 0.6623376623376623 0.20952380952380953 0.011688311688311689 0.01746031746031746
2 0.6623376623376623 0.1984126984126984 0.011688311688311689 0.020634920634920634
2 0.6545454545454545 0.19523809523809524 0.011688311688311689 0.031746031746031744
2 0.6441558441558441 0.17777777777777778 0.014285714285714285 0.023809523809523808
2 0.5987012987012987 0.173015873015873 0.00909090909090909 0.020634920634920634
2 0.6467532467532467 0.2365079365079365 0.01038961038961039 0.03015873015873016
2 0.5831168831168831 0.1111111111111111 0.007792207792207792 0.025396825396825397
2 0.612987012987013 0.1111111111111111 0.005194805194805195 0.014285714285714285
2 0.5896103896103896 0.10476190476190476 0.012987012987012988 0.020634920634920634
2 0.587012987012987 0.09206349206349207 0.007792207792207792 0.012698412698412698
2 0.6155844155844156 0.08412698412698413 0.007792207792207792 0.011111111111111112
2 0.6103896103896104 0.08412698412698413 0.01038961038961039 0.015873015873015872
1 0.8246753246753247 0.8634920634920635 0.11168831168831168 0.273015873015873
1 0.7571428571428571 0.5968253968253968 0.045454545454545456 0.14603174603174604
1 0.7961038961038961 0.5333333333333333 0.08181818181818182 0.15396825396825398
1 0.7220779220779221 0.48412698412698413 0.05584415584415584 0.09841269841269841
1 0.7545454545454545 0.46825396825396826 0.04935064935064935 0.0873015873015873
1 0.7064935064935065 0.4158730158730159 0.05974025974025974 0.06666666666666667
1 0.6675324675324675 0.37142857142857144 0.048051948051948054 0.08253968253968254
1 0.6233766233766234 0.4793650793650794 0.045454545454545456 0.12857142857142856
1 0.6142857142857143 0.4015873015873016 0.048051948051948054 0.09523809523809523
1 0.5987012987012987 0.32063492063492066 0.033766233766233764 0.07777777777777778
1 0.5974025974025974 0.2761904761904762 0.024675324675324677 0.03015873015873016
1 0.5948051948051948 0.25555555555555554 0.025974025974025976 0.031746031746031744
1 0.5909090909090909 0.2253968253968254 0.024675324675324677 0.031746031746031744
1 0.587012987012987 0.20634920634920634 0.01818181818181818 0.022222222222222223
1 0.5844155844155844 0.19047619047619047 0.016883116883116882 0.023809523809523808
1 0.6675324675324675 0.30952380952380953 0.03506493506493506 0.06984126984126984
1 0.6454545454545455 0.27936507936507937 0.024675324675324677 0.06190476190476191
1 0.6285714285714286 0.2492063492063492 0.02077922077922078 0.06031746031746032
1 0.6662337662337663 0.2396825396825397 0.02727272727272727 0.04285714285714286
1 0.6493506493506493 0.2253968253968254 0.025974025974025976 0.044444444444444446
1 0.6428571428571429 0.20476190476190476 0.025974025974025976 0.03333333333333333
1 0.6285714285714286 0.18412698412698414 0.024675324675324677 0.0380952380952381
1 0.6194805194805195 0.21428571428571427 0.023376623376623377 0.03968253968253968
1 0.6090909090909091 0.19682539682539682 0.024675324675324677 0.02857142857142857
1 0.6051948051948052 0.1746031746031746 0.02207792207792208 0.03650793650793651
1 0.5805194805194805 0.18253968253968253 0.02207792207792208 0.04126984126984127
1 0.5766233766233766 0.16984126984126985 0.02207792207792208 0.03968253968253968
1 0.574025974025974 0.15079365079365079 0.024675324675324677 0.03650793650793651
1 0.574025974025974 0.12063492063492064 0.02077922077922078 0.03492063492063492
3 0.6025974025974026 0.10952380952380952 0.01948051948051948 0.06031746031746032
3 0.6896103896103896 0.26825396825396824 0.04935064935064935 0.1253968253968254
3 0.7012987012987013 0.7206349206349206 0.16103896103896104 0.5587301587301587