2 0.6363636363636364 0.9698412698412698 0.04415584415584416 0.06031746031746032
2 0.8077922077922078 0.9793650793650793 0.04415584415584416 0.04126984126984127
2 0.9116883116883117 0.9492063492063492 0.06883116883116883 0.10158730158730159
2 0.8623376623376623 0.8507936507936508 0.05584415584415584 0.16507936507936508
2 0.7558441558441559 0.7698412698412699 0.053246753246753244 0.15396825396825398
2 0.7766233766233767 0.6888888888888889 0.04155844155844156 0.1523809523809524
2 0.7168831168831169 0.5857142857142857 0.02727272727272727 0.11746031746031746
2 0.5064935064935064 0.5746031746031746 0.03636363636363636 0.12063492063492064
1 0.5441558441558442 0.734920634920635 0.09480519480519481 0.24285714285714285
2 0.5597402597402598 0.6047619047619047 0.03636363636363636 0.08888888888888889
2 0.5597402597402598 0.546031746031746 0.032467532467532464 0.08095238095238096
1 0.625974025974026 0.6492063492063492 0.09090909090909091 0.20476190476190476
2 0.6987012987012987 0.5047619047619047 0.02987012987012987 0.0873015873015873
3 0.5675324675324676 0.4253968253968254 0.06753246753246753 0.18888888888888888
2 0.6025974025974026 0.4015873015873016 0.012987012987012988 0.06984126984126984
2 0.6051948051948052 0.3619047619047619 0.012987012987012988 0.044444444444444446
3 0.6506493506493507 0.4603174603174603 0.08441558441558442 0.16507936507936508
2 0.625974025974026 0.37142857142857144 0.016883116883116882 0.03492063492063492
2 0.6428571428571429 0.37142857142857144 0.01948051948051948 0.04285714285714286
2 0.6519480519480519 0.3825396825396825 0.016883116883116882 0.03492063492063492
2 0.6220779220779221 0.34285714285714286 0.016883116883116882 0.03492063492063492
1 0.5051948051948052 0.44126984126984126 0.05064935064935065 0.10158730158730159
2 0.5233766233766234 0.3825396825396825 0.02077922077922078 0.07142857142857142
2 0.4805194805194805 0.35873015873015873 0.014285714285714285 0.06666666666666667
2 0.5064935064935064 0.36507936507936506 0.01818181818181818 0.05555555555555555
2 0.4987012987012987 0.3412698412698413 0.016883116883116882 0.06507936507936508
2 0.4818181818181818 0.3111111111111111 0.014285714285714285 0.05238095238095238
2 0.5415584415584416 0.35714285714285715 0.012987012987012988 0.05396825396825397
2 0.538961038961039 0.33174603174603173 0.012987012987012988 0.047619047619047616
2 0.5064935064935064 0.3111111111111111 0.01038961038961039 0.044444444444444446
2 0.5168831168831168 0.30793650793650795 0.011688311688311689 0.05396825396825397
2 0.4987012987012987 0.2904761904761905 0.00909090909090909 0.03968253968253968
2 0.4701298701298701 0.28253968253968254 0.01038961038961039 0.047619047619047616
2 0.487012987012987 0.2746031746031746 0.011688311688311689 0.04126984126984127
2 0.5 0.2619047619047619 0.01038961038961039 0.04126984126984127
2 0.5116883116883116 0.2746031746031746 0.00909090909090909 0.03492063492063492
2 0.5194805194805194 0.2777777777777778 0.01038961038961039 0.026984126984126985
1 0.5428571428571428 0.3047619047619048 0.032467532467532464 0.06507936507936508
2 0.5285714285714286 0.27936507936507937 0.007792207792207792 0.03650793650793651
2 0.5506493506493506 0.2746031746031746 0.005194805194805195 0.025396825396825397
1 0.522077922077922 0.24603174603174602 0.02727272727272727 0.05396825396825397
2 0.5363636363636364 0.2619047619047619 0.00909090909090909 0.02857142857142857
2 0.5584415584415584 0.28095238095238095 0.00909090909090909 0.049206349206349205
2 0.5688311688311688 0.33015873015873015 0.00909090909090909 0.023809523809523808
2 0.5935064935064935 0.3412698412698413 0.015584415584415584 0.046031746031746035
2 0.6090909090909091 0.3253968253968254 0.012987012987012988 0.050793650793650794
2 0.5701298701298702 0.2968253968253968 0.01038961038961039 0.04126984126984127
2 0.5818181818181818 0.319047619047619 0.011688311688311689 0.047619047619047616
2 0.5701298701298702 0.273015873015873 0.00909090909090909 0.031746031746031744
2 0.5909090909090909 0.3047619047619048 0.00909090909090909 0.03650793650793651
2 0.6012987012987013 0.30634920634920637 0.011688311688311689 0.047619047619047616
2 0.5818181818181818 0.273015873015873 0.01038961038961039 0.03492063492063492
2 0.5961038961038961 0.27936507936507937 0.01038961038961039 0.02857142857142857
1 0.4805194805194805 0.24603174603174602 0.025974025974025976 0.049206349206349205
2 0.4974025974025974 0.23174603174603176 0.00909090909090909 0.03650793650793651
2 0.5857142857142857 0.2619047619047619 0.01038961038961039 0.03492063492063492
2 0.5428571428571428 0.2571428571428571 0.007792207792207792 0.03492063492063492
2 0.5571428571428572 0.2492063492063492 0.01038961038961039 0.025396825396825397
2 0.5337662337662338 0.22380952380952382 0.006493506493506494 0.03015873015873016
2 0.538961038961039 0.22698412698412698 0.007792207792207792 0.031746031746031744
2 0.5506493506493506 0.23015873015873015 0.006493506493506494 0.022222222222222223
2 0.5701298701298702 0.2365079365079365 0.00909090909090909 0.025396825396825397
2 0.5558441558441558 0.21746031746031746 0.00909090909090909 0.026984126984126985
2 0.5636363636363636 0.2222222222222222 0.01038961038961039 0.026984126984126985
3 0.4675324675324675 0.22063492063492063 0.025974025974025976 0.05873015873015873
1 0.474025974025974 0.2 0.016883116883116882 0.03333333333333333
2 0.4844155844155844 0.2126984126984127 0.007792207792207792 0.022222222222222223
2 0.4961038961038961 0.21428571428571427 0.007792207792207792 0.022222222222222223
2 0.4844155844155844 0.19206349206349208 0.006493506493506494 0.020634920634920634
2 0.4935064935064935 0.19682539682539682 0.007792207792207792 0.020634920634920634
2 0.45454545454545453 0.18888888888888888 0.00909090909090909 0.03333333333333333
2 0.45324675324675323 0.17142857142857143 0.00909090909090909 0.025396825396825397
2 0.4987012987012987 0.19206349206349208 0.006493506493506494 0.025396825396825397
2 0.5038961038961038 0.20634920634920634 0.007792207792207792 0.03015873015873016
1 0.5155844155844156 0.20952380952380953 0.01948051948051948 0.03015873015873016
2 0.5077922077922078 0.19206349206349208 0.006493506493506494 0.022222222222222223
2 0.5324675324675324 0.20952380952380953 0.007792207792207792 0.020634920634920634
2 0.5467532467532468 0.1984126984126984 0.006493506493506494 0.025396825396825397
2 0.5532467532467532 0.20634920634920634 0.007792207792207792 0.023809523809523808
2 0.5142857142857142 0.18888888888888888 0.00909090909090909 0.020634920634920634
2 0.5233766233766234 0.19047619047619047 0.00909090909090909 0.022222222222222223
2 0.5337662337662338 0.18888888888888888 0.007792207792207792 0.023809523809523808
1 0.4675324675324675 0.17936507936507937 0.01948051948051948 0.020634920634920634
1 0.4714285714285714 0.16825396825396827 0.016883116883116882 0.025396825396825397
2 0.4844155844155844 0.17142857142857143 0.01038961038961039 0.026984126984126985
2 0.4844155844155844 0.16031746031746033 0.007792207792207792 0.022222222222222223
1 0.4987012987012987 0.18253968253968253 0.014285714285714285 0.022222222222222223
2 0.5155844155844156 0.17777777777777778 0.006493506493506494 0.022222222222222223
1 0.5038961038961038 0.16507936507936508 0.014285714285714285 0.022222222222222223
2 0.5155844155844156 0.1619047619047619 0.007792207792207792 0.020634920634920634
2 0.522077922077922 0.17142857142857143 0.006493506493506494 0.015873015873015872
2 0.5233766233766234 0.15714285714285714 0.006493506493506494 0.01746031746031746
2 0.5298701298701298 0.17142857142857143 0.006493506493506494 0.014285714285714285
1 0.4987012987012987 0.15079365079365079 0.012987012987012988 0.023809523809523808
2 0.5077922077922078 0.14444444444444443 0.005194805194805195 0.022222222222222223
2 0.5155844155844156 0.15079365079365079 0.006493506493506494 0.015873015873015872
1 0.4974025974025974 0.1365079365079365 0.016883116883116882 0.020634920634920634
2 0.5051948051948052 0.1349206349206349 0.005194805194805195 0.015873015873015872
1 0.5025974025974026 0.12380952380952381 0.015584415584415584 0.020634920634920634
2 0.5103896103896104 0.12857142857142856 0.005194805194805195 0.015873015873015872
2 0.5168831168831168 0.14444444444444443 0.005194805194805195 0.01746031746031746
1 0.4688311688311688 0.14285714285714285 0.02077922077922078 0.03968253968253968
3 0.4649350649350649 0.1126984126984127 0.012987012987012988 0.025396825396825397
1 0.4584415584415584 0.14126984126984127 0.01038961038961039 0.03015873015873016
2 0.4753246753246753 0.1253968253968254 0.006493506493506494 0.023809523809523808
2 0.474025974025974 0.10634920634920635 0.005194805194805195 0.015873015873015872
1 0.4844155844155844 0.14126984126984127 0.011688311688311689 0.023809523809523808
2 0.4805194805194805 0.12222222222222222 0.005194805194805195 0.01904761904761905
2 0.4792207792207792 0.10476190476190476 0.003896103896103896 0.01904761904761905
2 0.4857142857142857 0.12222222222222222 0.005194805194805195 0.022222222222222223
1 0.487012987012987 0.1126984126984127 0.012987012987012988 0.015873015873015872
2 0.487012987012987 0.10158730158730159 0.005194805194805195 0.01904761904761905
1 0.4948051948051948 0.09682539682539683 0.011688311688311689 0.023809523809523808
2 0.5051948051948052 0.09523809523809523 0.006493506493506494 0.020634920634920634