2 0.977922077922078 0.9476190476190476 0.04415584415584416 0.10476190476190476
2 0.9896103896103896 0.9079365079365079 0.01948051948051948 0.1126984126984127
2 0.964935064935065 0.8380952380952381 0.033766233766233764 0.1492063492063492
2 0.9298701298701298 0.946031746031746 0.06753246753246753 0.10793650793650794
2 0.9376623376623376 0.9793650793650793 0.04025974025974026 0.03968253968253968
2 0.9337662337662338 0.8777777777777778 0.04025974025974026 0.12063492063492064
2 0.8831168831168831 0.9349206349206349 0.053246753246753244 0.12857142857142856
2 0.8051948051948052 0.926984126984127 0.048051948051948054 0.14285714285714285
2 0.8077922077922078 0.8555555555555555 0.04025974025974026 0.1365079365079365
2 0.8493506493506493 0.8746031746031746 0.03636363636363636 0.16666666666666666
2 0.8766233766233766 0.8444444444444444 0.04025974025974026 0.11428571428571428
2 0.7519480519480519 0.9126984126984127 0.048051948051948054 0.1746031746031746
2 0.7363636363636363 0.8238095238095238 0.03636363636363636 0.13015873015873017
2 0.7662337662337663 0.8063492063492064 0.03506493506493506 0.13968253968253969
2 0.7363636363636363 0.753968253968254 0.04155844155844156 0.1380952380952381
2 0.8103896103896104 0.7984126984126985 0.033766233766233764 0.1365079365079365
2 0.8441558441558441 0.7619047619047619 0.04415584415584416 0.13333333333333333
2 0.8428571428571429 0.7857142857142857 0.03116883116883117 0.1111111111111111
2 0.7831168831168831 0.7380952380952381 0.04025974025974026 0.12857142857142856
2 0.8025974025974026 0.7206349206349206 0.04285714285714286 0.12857142857142856
2 0.8025974025974026 0.6841269841269841 0.02727272727272727 0.11904761904761904
2 0.7610389610389611 0.6793650793650794 0.04025974025974026 0.11587301587301588
1 0.7090909090909091 0.6682539682539682 0.08311688311688312 0.1619047619047619
2 0.7363636363636363 0.6333333333333333 0.04025974025974026 0.13968253968253969
2 0.6090909090909091 0.9111111111111111 0.04025974025974026 0.11746031746031746
2 0.5961038961038961 0.834920634920635 0.03116883116883117 0.12698412698412698
2 0.5987012987012987 0.7682539682539683 0.033766233766233764 0.13015873015873017
2 0.6168831168831169 0.7285714285714285 0.033766233766233764 0.13968253968253969
2 0.525974025974026 0.919047619047619 0.02987012987012987 0.1619047619047619
2 0.5077922077922078 0.8666666666666667 0.03116883116883117 0.16666666666666666
2 0.4922077922077922 0.5365079365079365 0.025974025974025976 0.08888888888888889
2 0.5467532467532468 0.4650793650793651 0.02077922077922078 0.08888888888888889
1 0.5818181818181818 0.5015873015873016 0.05584415584415584 0.10952380952380952
1 0.5623376623376624 0.4126984126984127 0.048051948051948054 0.08571428571428572
2 0.5636363636363636 0.44126984126984126 0.014285714285714285 0.04285714285714286
2 0.5844155844155844 0.44285714285714284 0.015584415584415584 0.046031746031746035
2 0.5909090909090909 0.4015873015873016 0.015584415584415584 0.05238095238095238
2 0.5987012987012987 0.36666666666666664 0.01818181818181818 0.05873015873015873
2 0.5922077922077922 0.373015873015873 0.012987012987012988 0.047619047619047616
2 0.5285714285714286 0.36507936507936506 0.023376623376623377 0.06349206349206349
2 0.5194805194805194 0.33015873015873015 0.01818181818181818 0.0380952380952381
2 0.5168831168831168 0.31587301587301586 0.014285714285714285 0.04126984126984127
2 0.5116883116883116 0.2920634920634921 0.01948051948051948 0.04285714285714286
2 0.5116883116883116 0.30158730158730157 0.014285714285714285 0.04126984126984127
2 0.509090909090909 0.26666666666666666 0.011688311688311689 0.046031746031746035
2 0.5064935064935064 0.27936507936507937 0.00909090909090909 0.03968253968253968
2 0.5662337662337662 0.33015873015873015 0.016883116883116882 0.050793650793650794
2 0.577922077922078 0.31746031746031744 0.012987012987012988 0.05555555555555555
2 0.5766233766233766 0.319047619047619 0.011688311688311689 0.047619047619047616
2 0.5688311688311688 0.29523809523809524 0.01038961038961039 0.03015873015873016
1 0.5987012987012987 0.34285714285714286 0.03896103896103896 0.06984126984126984
2 0.5896103896103896 0.3 0.00909090909090909 0.026984126984126985
2 0.6116883116883117 0.326984126984127 0.014285714285714285 0.04126984126984127
2 0.5987012987012987 0.2968253968253968 0.012987012987012988 0.03333333333333333
2 0.6038961038961039 0.3047619047619048 0.01038961038961039 0.02857142857142857
1 0.548051948051948 0.3349206349206349 0.03506493506493506 0.05873015873015873
2 0.5597402597402598 0.30317460317460315 0.012987012987012988 0.03333333333333333
2 0.5805194805194805 0.2873015873015873 0.014285714285714285 0.023809523809523808
2 0.5857142857142857 0.28253968253968254 0.00909090909090909 0.03015873015873016
2 0.551948051948052 0.2777777777777778 0.012987012987012988 0.020634920634920634
1 0.5311688311688312 0.29523809523809524 0.025974025974025976 0.05873015873015873
2 0.522077922077922 0.26666666666666666 0.006493506493506494 0.01904761904761905
2 0.5233766233766234 0.25873015873015875 0.01038961038961039 0.01746031746031746
2 0.5324675324675324 0.25873015873015875 0.014285714285714285 0.03015873015873016
2 0.5428571428571428 0.2634920634920635 0.01038961038961039 0.02857142857142857
2 0.5571428571428572 0.2714285714285714 0.011688311688311689 0.025396825396825397
2 0.5662337662337662 0.2746031746031746 0.011688311688311689 0.022222222222222223
2 0.5753246753246753 0.2714285714285714 0.00909090909090909 0.022222222222222223
2 0.5896103896103896 0.2761904761904762 0.012987012987012988 0.026984126984126985
2 0.5818181818181818 0.2619047619047619 0.00909090909090909 0.020634920634920634
2 0.5532467532467532 0.25555555555555554 0.005194805194805195 0.01746031746031746
2 0.5597402597402598 0.2523809523809524 0.006493506493506494 0.01904761904761905
2 0.5714285714285714 0.2523809523809524 0.007792207792207792 0.023809523809523808
1 0.5116883116883116 0.23492063492063492 0.02077922077922078 0.04285714285714286
2 0.5233766233766234 0.24761904761904763 0.014285714285714285 0.015873015873015872
1 0.5402597402597402 0.22857142857142856 0.01948051948051948 0.044444444444444446
2 0.5337662337662338 0.24285714285714285 0.005194805194805195 0.015873015873015872
2 0.5428571428571428 0.24285714285714285 0.01038961038961039 0.015873015873015872
2 0.548051948051948 0.24444444444444444 0.007792207792207792 0.015873015873015872
2 0.5597402597402598 0.23333333333333334 0.00909090909090909 0.026984126984126985
2 0.5688311688311688 0.23809523809523808 0.007792207792207792 0.014285714285714285
2 0.4623376623376623 0.2761904761904762 0.012987012987012988 0.050793650793650794
2 0.4636363636363636 0.2492063492063492 0.00909090909090909 0.022222222222222223
2 0.5532467532467532 0.21746031746031746 0.011688311688311689 0.023809523809523808
2 0.5467532467532468 0.20476190476190476 0.01038961038961039 0.020634920634920634
2 0.5246753246753246 0.2222222222222222 0.012987012987012988 0.03650793650793651
2 0.522077922077922 0.20793650793650795 0.006493506493506494 0.01904761904761905
1 0.5051948051948052 0.20634920634920634 0.02207792207792208 0.02857142857142857
2 0.5181818181818182 0.19682539682539682 0.01038961038961039 0.014285714285714285
2 0.5311688311688312 0.2 0.00909090909090909 0.015873015873015872
2 0.5441558441558442 0.20476190476190476 0.00909090909090909 0.009523809523809525
2 0.5116883116883116 0.19047619047619047 0.00909090909090909 0.01746031746031746
2 0.525974025974026 0.19047619047619047 0.006493506493506494 0.01904761904761905
2 0.5428571428571428 0.19365079365079366 0.015584415584415584 0.009523809523809525
2 0.5168831168831168 0.18253968253968253 0.011688311688311689 0.020634920634920634
2 0.5246753246753246 0.18095238095238095 0.00909090909090909 0.020634920634920634
2 0.5311688311688312 0.18253968253968253 0.01038961038961039 0.01904761904761905
2 0.5311688311688312 0.1746031746031746 0.01038961038961039 0.020634920634920634
2 0.5376623376623376 0.18253968253968253 0.006493506493506494 0.011111111111111112
2 0.4883116883116883 0.20634920634920634 0.01038961038961039 0.02857142857142857
1 0.4948051948051948 0.18888888888888888 0.02207792207792208 0.025396825396825397
2 0.5064935064935064 0.18412698412698414 0.00909090909090909 0.015873015873015872
1 0.5103896103896104 0.16984126984126985 0.012987012987012988 0.014285714285714285
1 0.5051948051948052 0.15714285714285714 0.015584415584415584 0.011111111111111112
2 0.512987012987013 0.15555555555555556 0.00909090909090909 0.01904761904761905
2 0.5155844155844156 0.1523809523809524 0.006493506493506494 0.025396825396825397
2 0.5168831168831168 0.16031746031746033 0.006493506493506494 0.022222222222222223
2 0.5194805194805194 0.16666666666666666 0.01038961038961039 0.020634920634920634
1 0.4688311688311688 0.1746031746031746 0.012987012987012988 0.015873015873015872
1 0.4831168831168831 0.15714285714285714 0.016883116883116882 0.012698412698412698
1 0.4831168831168831 0.14761904761904762 0.016883116883116882 0.014285714285714285
2 0.4883116883116883 0.14285714285714285 0.006493506493506494 0.022222222222222223
1 0.5025974025974026 0.14761904761904762 0.012987012987012988 0.009523809523809525
0 0.4961038961038961 0.12698412698412698 0.02077922077922078 0.03968253968253968
1 0.5012987012987012 0.13968253968253969 0.014285714285714285 0.012698412698412698
2 0.509090909090909 0.14285714285714285 0.005194805194805195 0.01746031746031746
3 0.474025974025974 0.22380952380952382 0.02727272727272727 0.049206349206349205
1 0.4701298701298701 0.2 0.015584415584415584 0.014285714285714285
1 0.4636363636363636 0.18888888888888888 0.01818181818181818 0.023809523809523808
2 0.4779220779220779 0.19206349206349208 0.01038961038961039 0.01904761904761905
2 0.4805194805194805 0.18253968253968253 0.007792207792207792 0.023809523809523808
1 0.4649350649350649 0.16666666666666666 0.012987012987012988 0.015873015873015872
2 0.4753246753246753 0.16507936507936508 0.007792207792207792 0.025396825396825397
2 0.4766233766233766 0.17142857142857143 0.01038961038961039 0.015873015873015872
1 0.4636363636363636 0.15396825396825398 0.014285714285714285 0.014285714285714285
2 0.4753246753246753 0.1523809523809524 0.00909090909090909 0.01904761904761905
2 0.45714285714285713 0.23015873015873015 0.007792207792207792 0.026984126984126985
2 0.45454545454545453 0.2126984126984127 0.00909090909090909 0.02857142857142857
2 0.45064935064935063 0.18571428571428572 0.006493506493506494 0.031746031746031744
2 0.45454545454545453 0.1365079365079365 0.00909090909090909 0.022222222222222223
2 0.5077922077922078 0.12222222222222222 0.0025974025974025974 0.01746031746031746
1 0.5818181818181818 0.9571428571428572 0.07792207792207792 0.08571428571428572
1 0.6831168831168831 0.8603174603174604 0.11038961038961038 0.25873015873015875
1 0.5285714285714286 0.7063492063492064 0.07532467532467532 0.19047619047619047
1 0.6142857142857143 0.6317460317460317 0.07402597402597402 0.16666666666666666
1 0.6532467532467533 0.5428571428571428 0.07142857142857142 0.1365079365079365
1 0.5207792207792208 0.5682539682539682 0.06103896103896104 0.11904761904761904
1 0.525974025974026 0.5031746031746032 0.048051948051948054 0.11587301587301588
1 0.5116883116883116 0.4444444444444444 0.04935064935064935 0.10158730158730159
1 0.6233766233766234 0.4365079365079365 0.05584415584415584 0.10317460317460317
1 0.6311688311688312 0.3968253968253968 0.04285714285714286 0.09047619047619047
1 0.5103896103896104 0.3825396825396825 0.032467532467532464 0.06507936507936508
1 0.4948051948051948 0.3492063492063492 0.03506493506493506 0.07777777777777778
1 0.5532467532467532 0.37142857142857144 0.03766233766233766 0.06349206349206349
1 0.4922077922077922 0.3126984126984127 0.02857142857142857 0.050793650793650794
1 0.4844155844155844 0.28095238095238095 0.02727272727272727 0.06349206349206349
1 0.4909090909090909 0.2507936507936508 0.03116883116883117 0.05873015873015873
1 0.4935064935064935 0.1746031746031746 0.01818181818181818 0.01746031746031746
1 0.4909090909090909 0.16507936507936508 0.016883116883116882 0.011111111111111112
1 0.4623376623376623 0.14444444444444443 0.012987012987012988 0.015873015873015872
1 0.461038961038961 0.13174603174603175 0.011688311688311689 0.007936507936507936
1 0.4779220779220779 0.13333333333333333 0.011688311688311689 0.01746031746031746
1 0.4792207792207792 0.1380952380952381 0.01038961038961039 0.007936507936507936
1 0.4636363636363636 0.1253968253968254 0.011688311688311689 0.012698412698412698
1 0.4662337662337662 0.12063492063492064 0.00909090909090909 0.014285714285714285
1 0.4779220779220779 0.12380952380952381 0.00909090909090909 0.011111111111111112
1 0.4831168831168831 0.11428571428571428 0.01038961038961039 0.015873015873015872
1 0.4688311688311688 0.10952380952380952 0.01038961038961039 0.009523809523809525
1 0.4766233766233766 0.10476190476190476 0.006493506493506494 0.015873015873015872
1 0.4818181818181818 0.10317460317460317 0.006493506493506494 0.015873015873015872
1 0.4896103896103896 0.10158730158730159 0.01038961038961039 0.01746031746031746
1 0.5 0.10476190476190476 0.00909090909090909 0.01904761904761905
1 0.4974025974025974 0.09206349206349207 0.007792207792207792 0.012698412698412698
1 0.5051948051948052 0.09206349206349207 0.005194805194805195 0.015873015873015872