2 0.6636363636363637 0.953968253968254 0.03766233766233766 0.09206349206349207
2 0.6831168831168831 0.8746031746031746 0.045454545454545456 0.13333333333333333
2 0.6363636363636364 0.8206349206349206 0.02987012987012987 0.13968253968253969
2 0.6155844155844156 0.7333333333333333 0.02987012987012987 0.10158730158730159
2 0.6038961038961039 0.6555555555555556 0.04415584415584416 0.12380952380952381
2 0.9246753246753247 0.9714285714285714 0.02857142857142857 0.047619047619047616
2 0.9623376623376624 0.9301587301587302 0.05194805194805195 0.13968253968253969
2 0.8896103896103896 0.9349206349206349 0.03766233766233766 0.10952380952380952
2 0.9012987012987013 0.9174603174603174 0.03896103896103896 0.12380952380952381
2 0.8584415584415584 0.9492063492063492 0.032467532467532464 0.09206349206349207
2 0.8077922077922078 0.9444444444444444 0.03636363636363636 0.09047619047619047
2 0.7792207792207793 0.8682539682539683 0.032467532467532464 0.11587301587301588
2 0.8207792207792208 0.8761904761904762 0.032467532467532464 0.10952380952380952
2 0.8493506493506493 0.8571428571428571 0.033766233766233764 0.09047619047619047
2 0.8584415584415584 0.8142857142857143 0.03896103896103896 0.10793650793650794
2 0.9454545454545454 0.7428571428571429 0.02857142857142857 0.10952380952380952
2 0.8922077922077922 0.7015873015873015 0.04155844155844156 0.11587301587301588
2 0.7922077922077922 0.7936507936507936 0.02077922077922078 0.08571428571428572
2 0.8116883116883117 0.7634920634920634 0.04025974025974026 0.11904761904761904
2 0.8077922077922078 0.6984126984126984 0.033766233766233764 0.09523809523809523
2 0.7454545454545455 0.7841269841269841 0.033766233766233764 0.10634920634920635
2 0.7701298701298701 0.7380952380952381 0.04415584415584416 0.11746031746031746
2 0.7714285714285715 0.6587301587301587 0.03116883116883117 0.10158730158730159
2 0.7545454545454545 0.6682539682539682 0.033766233766233764 0.06984126984126984
2 0.7337662337662337 0.6968253968253968 0.033766233766233764 0.07142857142857142
2 0.712987012987013 0.6460317460317461 0.025974025974025976 0.06984126984126984
2 0.7389610389610389 0.6317460317460317 0.02987012987012987 0.06825396825396825
1 0.6675324675324675 0.6555555555555556 0.09220779220779221 0.19206349206349208
2 0.7025974025974026 0.6126984126984127 0.024675324675324677 0.09206349206349207
2 0.7428571428571429 0.5920634920634921 0.02987012987012987 0.06984126984126984
2 0.7272727272727273 0.5619047619047619 0.023376623376623377 0.06825396825396825
2 0.7376623376623377 0.5253968253968254 0.032467532467532464 0.1
2 0.8051948051948052 0.5015873015873016 0.03896103896103896 0.09682539682539683
2 0.577922077922078 0.5174603174603175 0.02727272727272727 0.09682539682539683
2 0.7025974025974026 0.5587301587301587 0.02727272727272727 0.05873015873015873
2 0.6883116883116883 0.5380952380952381 0.023376623376623377 0.06507936507936508
2 0.6714285714285714 0.5587301587301587 0.025974025974025976 0.050793650793650794
1 0.6298701298701299 0.5015873015873016 0.05974025974025974 0.11904761904761904
2 0.638961038961039 0.546031746031746 0.02727272727272727 0.05238095238095238
2 0.6987012987012987 0.49682539682539684 0.01948051948051948 0.06507936507936508
2 0.6688311688311688 0.5063492063492063 0.024675324675324677 0.06825396825396825
2 0.6805194805194805 0.4666666666666667 0.025974025974025976 0.06666666666666667
2 0.6571428571428571 0.46190476190476193 0.01948051948051948 0.050793650793650794
2 0.638961038961039 0.44126984126984126 0.02207792207792208 0.044444444444444446
2 0.6623376623376623 0.43492063492063493 0.02077922077922078 0.05555555555555555
2 0.625974025974026 0.4095238095238095 0.01818181818181818 0.05396825396825397
2 0.638961038961039 0.3952380952380952 0.016883116883116882 0.05873015873015873
2 0.6181818181818182 0.3888888888888889 0.023376623376623377 0.04285714285714286
2 0.6194805194805195 0.3619047619047619 0.014285714285714285 0.0380952380952381
1 0.5155844155844156 0.44603174603174606 0.06233766233766234 0.11428571428571428
2 0.5454545454545454 0.40476190476190477 0.016883116883116882 0.05873015873015873
2 0.535064935064935 0.36666666666666664 0.016883116883116882 0.05396825396825397
2 0.5428571428571428 0.353968253968254 0.01818181818181818 0.05714285714285714
2 0.4779220779220779 0.3523809523809524 0.01948051948051948 0.050793650793650794
2 0.4779220779220779 0.319047619047619 0.024675324675324677 0.049206349206349205
1 0.5051948051948052 0.37142857142857144 0.046753246753246755 0.10158730158730159
2 0.522077922077922 0.33174603174603173 0.01038961038961039 0.0380952380952381
2 0.5948051948051948 0.33174603174603173 0.011688311688311689 0.047619047619047616
2 0.6155844155844156 0.3253968253968254 0.015584415584415584 0.03650793650793651
1 0.5714285714285714 0.2904761904761905 0.03896103896103896 0.05396825396825397
2 0.5896103896103896 0.28888888888888886 0.01038961038961039 0.03650793650793651
2 0.6 0.2920634920634921 0.012987012987012988 0.03968253968253968
1 0.5272727272727272 0.28888888888888886 0.025974025974025976 0.044444444444444446
2 0.5428571428571428 0.2746031746031746 0.00909090909090909 0.031746031746031744
2 0.5402597402597402 0.24603174603174602 0.012987012987012988 0.02857142857142857
1 0.5623376623376624 0.2634920634920635 0.024675324675324677 0.023809523809523808
2 0.5558441558441558 0.24603174603174602 0.007792207792207792 0.025396825396825397
2 0.5701298701298702 0.2396825396825397 0.00909090909090909 0.025396825396825397
1 0.5454545454545454 0.22380952380952382 0.023376623376623377 0.04285714285714286
2 0.561038961038961 0.21904761904761905 0.011688311688311689 0.02857142857142857
2 0.535064935064935 0.19047619047619047 0.007792207792207792 0.025396825396825397
2 0.5298701298701298 0.16825396825396827 0.007792207792207792 0.023809523809523808
1 0.4883116883116883 0.1619047619047619 0.014285714285714285 0.022222222222222223
0 0.509090909090909 0.1349206349206349 0.03116883116883117 0.049206349206349205
2 0.4961038961038961 0.15079365079365079 0.00909090909090909 0.020634920634920634
1 0.4922077922077922 0.1873015873015873 0.014285714285714285 0.02857142857142857
2 0.5103896103896104 0.15873015873015872 0.005194805194805195 0.014285714285714285
2 0.522077922077922 0.14603174603174604 0.005194805194805195 0.01746031746031746
1 0.4636363636363636 0.15714285714285714 0.016883116883116882 0.014285714285714285
2 0.4662337662337662 0.1380952380952381 0.005194805194805195 0.020634920634920634
2 0.4701298701298701 0.11904761904761904 0.00909090909090909 0.01904761904761905
1 0.5727272727272728 0.8571428571428571 0.09220779220779221 0.27936507936507937
1 0.5792207792207792 0.9761904761904762 0.09480519480519481 0.046031746031746035
1 0.7532467532467533 0.9349206349206349 0.10519480519480519 0.13015873015873017
1 0.5545454545454546 0.6698412698412698 0.06363636363636363 0.13015873015873017
1 0.5337662337662338 0.5444444444444444 0.053246753246753244 0.13015873015873017
1 0.5675324675324676 0.4380952380952381 0.046753246753246755 0.1253968253968254
1 0.5584415584415584 0.3238095238095238 0.02857142857142857 0.05396825396825397
1 0.587012987012987 0.3873015873015873 0.04415584415584416 0.06507936507936508
1 0.5194805194805194 0.24444444444444444 0.02857142857142857 0.04285714285714286
1 0.4649350649350649 0.19365079365079366 0.01818181818181818 0.015873015873015872
1 0.4623376623376623 0.1761904761904762 0.014285714285714285 0.01904761904761905
1 0.4779220779220779 0.1380952380952381 0.01038961038961039 0.01746031746031746
3 0.4883116883116883 0.2619047619047619 0.045454545454545456 0.11428571428571428