1 0.8025974025974026 0.9571428571428572 0.11948051948051948 0.08571428571428572
2 0.9246753246753247 0.973015873015873 0.046753246753246755 0.05396825396825397
2 0.8506493506493507 0.8682539682539683 0.05194805194805195 0.1619047619047619
2 0.7779220779220779 0.7031746031746032 0.04155844155844156 0.14603174603174604
2 0.7285714285714285 0.6063492063492063 0.03636363636363636 0.1
2 0.6064935064935065 0.5634920634920635 0.024675324675324677 0.12222222222222222
2 0.6701298701298701 0.49206349206349204 0.03766233766233766 0.09682539682539683
2 0.5792207792207792 0.6063492063492063 0.03766233766233766 0.12063492063492064
2 0.5974025974025974 0.48253968253968255 0.023376623376623377 0.09206349206349207
1 0.5467532467532468 0.4714285714285714 0.05974025974025974 0.13015873015873017
2 0.564935064935065 0.4158730158730159 0.02077922077922078 0.0761904761904762
2 0.6025974025974026 0.42857142857142855 0.023376623376623377 0.050793650793650794
2 0.5974025974025974 0.3888888888888889 0.02207792207792208 0.06507936507936508
2 0.5623376623376624 0.373015873015873 0.016883116883116882 0.05396825396825397
1 0.6441558441558441 0.8142857142857143 0.13116883116883116 0.28888888888888886
1 0.5337662337662338 0.7 0.08571428571428572 0.2111111111111111
1 0.512987012987013 0.37142857142857144 0.046753246753246755 0.1
1 0.5064935064935064 0.2920634920634921 0.03766233766233766 0.06825396825396825
2 0.5116883116883116 0.3142857142857143 0.015584415584415584 0.01904761904761905
2 0.5324675324675324 0.2873015873015873 0.014285714285714285 0.050793650793650794
2 0.5168831168831168 0.26031746031746034 0.011688311688311689 0.04126984126984127
2 0.5272727272727272 0.2698412698412698 0.011688311688311689 0.04285714285714286
2 0.5441558441558442 0.2746031746031746 0.01038961038961039 0.044444444444444446
1 0.5623376623376624 0.3253968253968254 0.04025974025974026 0.0746031746031746
2 0.5532467532467532 0.28095238095238095 0.014285714285714285 0.03015873015873016
2 0.5155844155844156 0.26031746031746034 0.015584415584415584 0.0380952380952381
2 0.4961038961038961 0.2523809523809524 0.014285714285714285 0.026984126984126985
2 0.5402597402597402 0.2365079365079365 0.012987012987012988 0.0380952380952381
2 0.5506493506493506 0.2492063492063492 0.00909090909090909 0.026984126984126985
1 0.564935064935065 0.26666666666666666 0.02857142857142857 0.047619047619047616
2 0.5662337662337662 0.23809523809523808 0.012987012987012988 0.02857142857142857
1 0.5155844155844156 0.23809523809523808 0.02727272727272727 0.03968253968253968
2 0.5233766233766234 0.20952380952380953 0.00909090909090909 0.03333333333333333
2 0.5298701298701298 0.2015873015873016 0.006493506493506494 0.03015873015873016
2 0.538961038961039 0.20952380952380953 0.00909090909090909 0.03015873015873016
2 0.535064935064935 0.2 0.006493506493506494 0.025396825396825397
1 0.4987012987012987 0.20634920634920634 0.02077922077922078 0.04126984126984127
2 0.5103896103896104 0.1873015873015873 0.005194805194805195 0.026984126984126985
2 0.5181818181818182 0.1873015873015873 0.007792207792207792 0.02857142857142857
2 0.5272727272727272 0.18571428571428572 0.006493506493506494 0.026984126984126985
1 0.5818181818181818 0.2984126984126984 0.032467532467532464 0.05555555555555555
1 0.4935064935064935 0.18095238095238095 0.02077922077922078 0.02857142857142857
3 0.4636363636363636 0.1634920634920635 0.02077922077922078 0.06349206349206349
1 0.4857142857142857 0.16984126984126985 0.016883116883116882 0.03333333333333333
2 0.4987012987012987 0.16031746031746033 0.006493506493506494 0.01746031746031746
1 0.4857142857142857 0.15079365079365079 0.014285714285714285 0.015873015873015872
1 0.5038961038961038 0.14603174603174604 0.011688311688311689 0.023809523809523808
2 0.5038961038961038 0.15396825396825398 0.006493506493506494 0.025396825396825397
2 0.5168831168831168 0.16031746031746033 0.007792207792207792 0.01746031746031746
2 0.5207792207792208 0.16666666666666666 0.006493506493506494 0.014285714285714285
2 0.512987012987013 0.14761904761904762 0.006493506493506494 0.020634920634920634
1 0.4675324675324675 0.1349206349206349 0.012987012987012988 0.01904761904761905
2 0.4805194805194805 0.13968253968253969 0.007792207792207792 0.022222222222222223
2 0.4857142857142857 0.1349206349206349 0.006493506493506494 0.02857142857142857
1 0.4922077922077922 0.13174603174603175 0.011688311688311689 0.023809523809523808
1 0.4818181818181818 0.12063492063492064 0.012987012987012988 0.020634920634920634
2 0.5025974025974026 0.13015873015873017 0.005194805194805195 0.015873015873015872
2 0.5064935064935064 0.1349206349206349 0.006493506493506494 0.012698412698412698
1 0.461038961038961 0.12063492063492064 0.012987012987012988 0.014285714285714285
2 0.4753246753246753 0.1126984126984127 0.005194805194805195 0.020634920634920634
1 0.4844155844155844 0.10793650793650794 0.011688311688311689 0.015873015873015872
2 0.4922077922077922 0.10952380952380952 0.006493506493506494 0.01746031746031746
1 0.5025974025974026 0.10476190476190476 0.012987012987012988 0.01904761904761905
2 0.5064935064935064 0.10793650793650794 0.007792207792207792 0.01904761904761905
2 0.5025974025974026 0.10952380952380952 0.006493506493506494 0.020634920634920634
1 0.4909090909090909 0.1 0.007792207792207792 0.01746031746031746
1 0.5012987012987012 0.09206349206349207 0.01038961038961039 0.01746031746031746