2 0.5402597402597402 0.746031746031746 0.053246753246753244 0.16984126984126985
2 0.6727272727272727 0.6888888888888889 0.05194805194805195 0.1634920634920635
2 0.7467532467532467 0.6904761904761905 0.04025974025974026 0.13968253968253969
2 0.8012987012987013 0.9031746031746032 0.06233766233766234 0.173015873015873
2 0.5285714285714286 0.4111111111111111 0.025974025974025976 0.08888888888888889
1 0.4844155844155844 0.24603174603174602 0.03896103896103896 0.08253968253968254
3 0.4662337662337662 0.11587301587301588 0.016883116883116882 0.0380952380952381
3 0.4857142857142857 0.10476190476190476 0.01818181818181818 0.04285714285714286
2 0.4753246753246753 0.10952380952380952 0.00909090909090909 0.022222222222222223
2 0.4909090909090909 0.1380952380952381 0.007792207792207792 0.020634920634920634
2 0.4974025974025974 0.1349206349206349 0.005194805194805195 0.025396825396825397
2 0.4974025974025974 0.1619047619047619 0.01038961038961039 0.031746031746031744
2 0.5064935064935064 0.19682539682539682 0.011688311688311689 0.03492063492063492
2 0.5168831168831168 0.173015873015873 0.01038961038961039 0.0380952380952381
2 0.5402597402597402 0.22857142857142856 0.015584415584415584 0.04126984126984127