2 0.7493506493506493 0.9555555555555556 0.05584415584415584 0.08888888888888889
2 0.6701298701298701 0.9746031746031746 0.03636363636363636 0.049206349206349205
2 0.6805194805194805 0.8365079365079365 0.04025974025974026 0.1761904761904762
2 0.5805194805194805 0.7841269841269841 0.033766233766233764 0.15079365079365079
2 0.674025974025974 0.734920634920635 0.03636363636363636 0.10317460317460317
2 0.6675324675324675 0.6365079365079365 0.03116883116883117 0.11587301587301588
2 0.7155844155844155 0.5936507936507937 0.02727272727272727 0.0746031746031746
2 0.6532467532467533 0.553968253968254 0.025974025974025976 0.09206349206349207
2 0.6701298701298701 0.5126984126984127 0.025974025974025976 0.09523809523809523
2 0.6324675324675325 0.5047619047619047 0.023376623376623377 0.08412698412698413
2 0.6194805194805195 0.4793650793650794 0.02207792207792208 0.07936507936507936
2 0.5987012987012987 0.49047619047619045 0.01818181818181818 0.0761904761904762
2 0.6337662337662338 0.44285714285714284 0.02207792207792208 0.08571428571428572
2 0.5324675324675324 0.6492063492063492 0.025974025974025976 0.0873015873015873
2 0.5194805194805194 0.5555555555555556 0.025974025974025976 0.10317460317460317
2 0.4792207792207792 0.5873015873015873 0.024675324675324677 0.1111111111111111
2 0.5675324675324676 0.46984126984126984 0.02077922077922078 0.05238095238095238
2 0.5467532467532468 0.4492063492063492 0.014285714285714285 0.07142857142857142
2 0.5441558441558442 0.4031746031746032 0.01818181818181818 0.05714285714285714
2 0.5688311688311688 0.4396825396825397 0.02077922077922078 0.06666666666666667
2 0.5675324675324676 0.4031746031746032 0.01818181818181818 0.06507936507936508
2 0.5818181818181818 0.3968253968253968 0.016883116883116882 0.06825396825396825
2 0.5909090909090909 0.3634920634920635 0.02077922077922078 0.06190476190476191
2 0.6 0.3476190476190476 0.016883116883116882 0.050793650793650794
2 0.612987012987013 0.3761904761904762 0.014285714285714285 0.06190476190476191
2 0.625974025974026 0.4031746031746032 0.00909090909090909 0.05714285714285714
2 0.564935064935065 0.35714285714285715 0.014285714285714285 0.050793650793650794
2 0.5753246753246753 0.326984126984127 0.016883116883116882 0.04285714285714286
2 0.5844155844155844 0.32857142857142857 0.016883116883116882 0.03650793650793651
2 0.5818181818181818 0.30793650793650795 0.012987012987012988 0.025396825396825397
2 0.5753246753246753 0.2920634920634921 0.016883116883116882 0.03015873015873016
2 0.5636363636363636 0.2873015873015873 0.003896103896103896 0.026984126984126985
2 0.5545454545454546 0.32222222222222224 0.012987012987012988 0.05396825396825397
2 0.551948051948052 0.2841269841269841 0.014285714285714285 0.023809523809523808
2 0.5363636363636364 0.3047619047619048 0.016883116883116882 0.04126984126984127
2 0.5233766233766234 0.27936507936507937 0.011688311688311689 0.0380952380952381
2 0.535064935064935 0.2714285714285714 0.00909090909090909 0.03650793650793651
2 0.5493506493506494 0.2746031746031746 0.014285714285714285 0.03333333333333333
2 0.5233766233766234 0.2492063492063492 0.012987012987012988 0.01746031746031746
2 0.5168831168831168 0.22380952380952382 0.012987012987012988 0.023809523809523808
2 0.5324675324675324 0.21746031746031746 0.016883116883116882 0.03333333333333333
2 0.5363636363636364 0.24126984126984127 0.02077922077922078 0.022222222222222223
2 0.5701298701298702 0.28888888888888886 0.02077922077922078 0.046031746031746035
2 0.43766233766233764 0.26825396825396824 0.01818181818181818 0.06190476190476191
2 0.4779220779220779 0.28095238095238095 0.00909090909090909 0.025396825396825397
2 0.42597402597402595 0.14126984126984127 0.00909090909090909 0.023809523809523808
2 0.45454545454545453 0.15079365079365079 0.011688311688311689 0.026984126984126985
2 0.44805194805194803 0.11746031746031746 0.007792207792207792 0.031746031746031744
2 0.45714285714285713 0.1 0.0025974025974025974 0.011111111111111112
2 0.4662337662337662 0.09523809523809523 0.005194805194805195 0.01746031746031746
2 0.45324675324675323 0.08888888888888889 0.006493506493506494 0.012698412698412698
2 0.5012987012987012 0.19365079365079366 0.011688311688311689 0.02857142857142857
2 0.4909090909090909 0.1634920634920635 0.011688311688311689 0.025396825396825397
2 0.4844155844155844 0.15873015873015872 0.01038961038961039 0.03015873015873016
1 0.5142857142857142 0.7714285714285715 0.08441558441558442 0.23809523809523808
1 0.7376623376623377 0.7253968253968254 0.10519480519480519 0.2253968253968254
1 0.5857142857142857 0.5634920634920635 0.07662337662337662 0.15396825396825398
1 0.4896103896103896 0.4126984126984127 0.05064935064935065 0.10158730158730159
1 0.5194805194805194 0.33174603174603173 0.03506493506493506 0.07301587301587302
1 0.4727272727272727 0.346031746031746 0.045454545454545456 0.08571428571428572
1 0.4974025974025974 0.29365079365079366 0.033766233766233764 0.06031746031746032
1 0.461038961038961 0.3047619047619048 0.03506493506493506 0.06666666666666667
1 0.45714285714285713 0.26666666666666666 0.025974025974025976 0.03492063492063492
1 0.4922077922077922 0.2650793650793651 0.024675324675324677 0.046031746031746035
1 0.4883116883116883 0.23492063492063492 0.02207792207792208 0.03492063492063492
1 0.4844155844155844 0.21587301587301588 0.02727272727272727 0.03650793650793651
1 0.4831168831168831 0.19206349206349208 0.01818181818181818 0.020634920634920634
1 0.4766233766233766 0.18253968253968253 0.01948051948051948 0.01746031746031746
1 0.44545454545454544 0.21904761904761905 0.01818181818181818 0.020634920634920634
1 0.45584415584415583 0.23492063492063492 0.02987012987012987 0.031746031746031744
1 0.45324675324675323 0.20793650793650795 0.01948051948051948 0.03333333333333333
1 0.44285714285714284 0.18888888888888888 0.01818181818181818 0.03015873015873016
1 0.44155844155844154 0.1746031746031746 0.01948051948051948 0.03333333333333333
1 0.43896103896103894 0.15555555555555556 0.01948051948051948 0.026984126984126985
1 0.43636363636363634 0.13333333333333333 0.011688311688311689 0.026984126984126985
3 0.43506493506493504 0.11904761904761904 0.02077922077922078 0.02857142857142857
3 0.4675324675324675 0.14126984126984127 0.03116883116883117 0.07936507936507936