2 0.7350649350649351 0.9873015873015873 0.032467532467532464 0.025396825396825397
2 0.7909090909090909 0.9650793650793651 0.05454545454545454 0.06984126984126984
2 0.9545454545454546 0.9698412698412698 0.05454545454545454 0.05873015873015873
2 0.8090909090909091 0.8634920634920635 0.045454545454545456 0.16666666666666666
2 0.8389610389610389 0.8333333333333334 0.06103896103896104 0.17777777777777778
2 0.7467532467532467 0.7698412698412699 0.045454545454545456 0.15079365079365079
2 0.6545454545454545 0.780952380952381 0.046753246753246755 0.1619047619047619
2 0.7597402597402597 0.6746031746031746 0.04285714285714286 0.12857142857142856
2 0.6324675324675325 0.6714285714285714 0.03506493506493506 0.12698412698412698
2 0.6168831168831169 0.6031746031746031 0.032467532467532464 0.12063492063492064
2 0.6207792207792208 0.5412698412698412 0.02987012987012987 0.10317460317460317
2 0.6558441558441559 0.49523809523809526 0.02077922077922078 0.09047619047619047
2 0.5844155844155844 0.48253968253968255 0.02077922077922078 0.0873015873015873
2 0.6493506493506493 0.41904761904761906 0.01948051948051948 0.0746031746031746
2 0.6207792207792208 0.42063492063492064 0.02207792207792208 0.07936507936507936
2 0.5688311688311688 0.4396825396825397 0.024675324675324677 0.08095238095238096
2 0.5909090909090909 0.39206349206349206 0.02727272727272727 0.0761904761904762
2 0.5441558441558442 0.4015873015873016 0.01948051948051948 0.06825396825396825
2 0.487012987012987 0.3984126984126984 0.02207792207792208 0.07301587301587302
2 0.5051948051948052 0.31746031746031744 0.016883116883116882 0.05238095238095238
2 0.5493506493506494 0.3238095238095238 0.01948051948051948 0.06031746031746032
2 0.5324675324675324 0.2619047619047619 0.011688311688311689 0.04285714285714286
2 0.4688311688311688 0.2492063492063492 0.015584415584415584 0.04126984126984127
2 0.4896103896103896 0.2507936507936508 0.016883116883116882 0.049206349206349205
2 0.4766233766233766 0.20476190476190476 0.011688311688311689 0.03015873015873016
2 0.4961038961038961 0.18888888888888888 0.012987012987012988 0.03650793650793651
2 0.4727272727272727 0.16984126984126985 0.011688311688311689 0.031746031746031744
2 0.4818181818181818 0.1619047619047619 0.01038961038961039 0.02857142857142857
2 0.4909090909090909 0.16666666666666666 0.00909090909090909 0.026984126984126985
2 0.4714285714285714 0.11428571428571428 0.007792207792207792 0.015873015873015872
2 0.4779220779220779 0.12698412698412698 0.007792207792207792 0.020634920634920634
2 0.4818181818181818 0.1365079365079365 0.007792207792207792 0.020634920634920634
2 0.4922077922077922 0.14444444444444443 0.006493506493506494 0.022222222222222223
2 0.4896103896103896 0.12380952380952381 0.006493506493506494 0.01746031746031746
2 0.4987012987012987 0.13968253968253969 0.006493506493506494 0.022222222222222223
2 0.5155844155844156 0.15714285714285714 0.014285714285714285 0.023809523809523808
2 0.509090909090909 0.14126984126984127 0.006493506493506494 0.01746031746031746
1 0.4844155844155844 0.10476190476190476 0.01038961038961039 0.014285714285714285
2 0.4948051948051948 0.10793650793650794 0.003896103896103896 0.014285714285714285
2 0.5 0.10952380952380952 0.0025974025974025974 0.01746031746031746
2 0.5038961038961038 0.10317460317460317 0.005194805194805195 0.014285714285714285
1 0.5194805194805194 0.19047619047619047 0.023376623376623377 0.04126984126984127
1 0.5142857142857142 0.24761904761904763 0.02727272727272727 0.050793650793650794
1 0.5454545454545454 0.23015873015873015 0.025974025974025976 0.046031746031746035
1 0.5675324675324676 0.27936507936507937 0.03636363636363636 0.06507936507936508
1 0.5233766233766234 0.4238095238095238 0.045454545454545456 0.08095238095238096
1 0.5493506493506494 0.5507936507936508 0.07272727272727272 0.1492063492063492
1 0.5766233766233766 0.9 0.10909090909090909 0.2