2 0.8727272727272727 0.9365079365079365 0.05454545454545454 0.1253968253968254
2 0.8285714285714286 0.8285714285714286 0.046753246753246755 0.15396825396825398
2 0.7610389610389611 0.7206349206349206 0.04025974025974026 0.14126984126984127
2 0.7077922077922078 0.6079365079365079 0.033766233766233764 0.11587301587301588
2 0.5571428571428572 0.4396825396825397 0.012987012987012988 0.05873015873015873
2 0.5688311688311688 0.4031746031746032 0.02077922077922078 0.06031746031746032
2 0.551948051948052 0.3761904761904762 0.01818181818181818 0.07142857142857142
2 0.5532467532467532 0.3412698412698413 0.011688311688311689 0.06031746031746032
2 0.561038961038961 0.30952380952380953 0.016883116883116882 0.05873015873015873
2 0.5402597402597402 0.319047619047619 0.015584415584415584 0.05873015873015873
2 0.5272727272727272 0.2714285714285714 0.00909090909090909 0.04126984126984127
2 0.5363636363636364 0.24603174603174602 0.014285714285714285 0.049206349206349205
2 0.4623376623376623 0.26031746031746034 0.01818181818181818 0.047619047619047616
2 0.44155844155844154 0.18888888888888888 0.014285714285714285 0.03333333333333333
2 0.44025974025974024 0.15396825396825398 0.01038961038961039 0.03333333333333333
2 0.43506493506493504 0.1349206349206349 0.01038961038961039 0.026984126984126985
2 0.4584415584415584 0.10952380952380952 0.007792207792207792 0.01904761904761905
2 0.4688311688311688 0.10952380952380952 0.0025974025974025974 0.014285714285714285
2 0.4649350649350649 0.09682539682539683 0.007792207792207792 0.014285714285714285
2 0.4675324675324675 0.08571428571428572 0.005194805194805195 0.012698412698412698
1 0.7441558441558441 0.9206349206349206 0.12727272727272726 0.15873015873015872
1 0.6675324675324675 0.6587301587301587 0.08571428571428572 0.18412698412698414
1 0.5805194805194805 0.4984126984126984 0.06493506493506493 0.12857142857142856
1 0.6194805194805195 0.43174603174603177 0.05584415584415584 0.09841269841269841
1 0.5181818181818182 0.42857142857142855 0.04285714285714286 0.09206349206349207
1 0.5 0.2968253968253968 0.04025974025974026 0.0761904761904762
1 0.4857142857142857 0.21746031746031746 0.02727272727272727 0.05555555555555555
1 0.44805194805194803 0.1365079365079365 0.00909090909090909 0.03650793650793651
1 0.4675324675324675 0.12222222222222222 0.025974025974025976 0.022222222222222223
1 0.4584415584415584 0.08095238095238096 0.011688311688311689 0.025396825396825397
1 0.4766233766233766 0.0761904761904762 0.007792207792207792 0.01746031746031746
3 0.4974025974025974 0.5031746031746032 0.08051948051948052 0.18888888888888888
3 0.4701298701298701 0.16507936507936508 0.04025974025974026 0.08253968253968254