2 0.9493506493506494 0.9634920634920635 0.05454545454545454 0.07301587301587302
2 0.8597402597402597 0.8904761904761904 0.05844155844155844 0.1492063492063492
2 0.7961038961038961 0.8095238095238095 0.05194805194805195 0.14444444444444443
2 0.7597402597402597 0.7380952380952381 0.03506493506493506 0.1365079365079365
2 0.7883116883116883 0.6936507936507936 0.04025974025974026 0.09682539682539683
2 0.7350649350649351 0.6507936507936508 0.032467532467532464 0.1111111111111111
2 0.7532467532467533 0.6190476190476191 0.02857142857142857 0.09682539682539683
2 0.6857142857142857 0.6015873015873016 0.04285714285714286 0.0873015873015873
2 0.7 0.5206349206349207 0.02857142857142857 0.05714285714285714
2 0.7116883116883117 0.5968253968253968 0.03636363636363636 0.10476190476190476
2 0.6610389610389611 0.49206349206349204 0.03116883116883117 0.08253968253968254
2 0.6623376623376623 0.42698412698412697 0.03116883116883117 0.044444444444444446
2 0.6480519480519481 0.40793650793650793 0.02207792207792208 0.07301587301587302
2 0.522077922077922 0.6936507936507936 0.04285714285714286 0.13015873015873017
2 0.5727272727272728 0.36984126984126986 0.01818181818181818 0.049206349206349205
2 0.5558441558441558 0.34444444444444444 0.014285714285714285 0.05714285714285714
2 0.487012987012987 0.3047619047619048 0.012987012987012988 0.047619047619047616
2 0.5727272727272728 0.3142857142857143 0.015584415584415584 0.04285714285714286
2 0.6233766233766234 0.34285714285714286 0.02077922077922078 0.05714285714285714
2 0.5714285714285714 0.3126984126984127 0.01818181818181818 0.04285714285714286
2 0.6025974025974026 0.3 0.01818181818181818 0.023809523809523808
2 0.5961038961038961 0.2904761904761905 0.012987012987012988 0.031746031746031744
2 0.5818181818181818 0.3 0.011688311688311689 0.03333333333333333
2 0.5558441558441558 0.29523809523809524 0.012987012987012988 0.03968253968253968
2 0.5311688311688312 0.2650793650793651 0.007792207792207792 0.0031746031746031746
2 0.5077922077922078 0.2904761904761905 0.011688311688311689 0.012698412698412698
2 0.5051948051948052 0.273015873015873 0.00909090909090909 0.022222222222222223
2 0.5 0.26031746031746034 0.01038961038961039 0.03968253968253968
2 0.4987012987012987 0.23174603174603176 0.011688311688311689 0.012698412698412698
2 0.4909090909090909 0.23333333333333334 0.006493506493506494 0.025396825396825397
2 0.5714285714285714 0.28253968253968254 0.00909090909090909 0.014285714285714285
2 0.5792207792207792 0.273015873015873 0.011688311688311689 0.022222222222222223
2 0.574025974025974 0.24761904761904763 0.014285714285714285 0.03968253968253968
2 0.5597402597402598 0.22063492063492063 0.014285714285714285 0.015873015873015872
2 0.5441558441558442 0.2222222222222222 0.01818181818181818 0.01746031746031746
2 0.5415584415584416 0.24444444444444444 0.01038961038961039 0.026984126984126985
2 0.5506493506493506 0.20317460317460317 0.011688311688311689 0.014285714285714285
2 0.5428571428571428 0.18888888888888888 0.00909090909090909 0.011111111111111112
2 0.4961038961038961 0.21587301587301588 0.01818181818181818 0.014285714285714285
1 0.5948051948051948 0.8968253968253969 0.12207792207792208 0.20634920634920634
1 0.6727272727272727 0.7158730158730159 0.10649350649350649 0.20952380952380953
1 0.525974025974026 0.5015873015873016 0.05714285714285714 0.11904761904761904
1 0.5857142857142857 0.4603174603174603 0.07012987012987013 0.11428571428571428
1 0.5025974025974026 0.40476190476190477 0.048051948051948054 0.09206349206349207
1 0.5064935064935064 0.3349206349206349 0.04155844155844156 0.08095238095238096
1 0.6103896103896104 0.38095238095238093 0.05194805194805195 0.08888888888888889
1 0.5948051948051948 0.32063492063492066 0.03636363636363636 0.04126984126984127
1 0.5376623376623376 0.3 0.03636363636363636 0.06190476190476191
1 0.4805194805194805 0.2619047619047619 0.03116883116883117 0.050793650793650794
1 0.474025974025974 0.22857142857142856 0.024675324675324677 0.020634920634920634
1 0.4688311688311688 0.20634920634920634 0.02207792207792208 0.023809523809523808
1 0.4623376623376623 0.20317460317460317 0.024675324675324677 0.046031746031746035
3 0.5207792207792208 0.22063492063492063 0.03636363636363636 0.06825396825396825
1 0.5298701298701298 0.2714285714285714 0.02987012987012987 0.02857142857142857
1 0.5376623376623376 0.30317460317460315 0.03506493506493506 0.05873015873015873
2 0.4831168831168831 0.1984126984126984 0.015584415584415584 0.03015873015873016
2 0.509090909090909 0.1761904761904762 0.006493506493506494 0.011111111111111112
2 0.5246753246753246 0.17777777777777778 0.01038961038961039 0.014285714285714285
2 0.5155844155844156 0.1761904761904762 0.003896103896103896 0.015873015873015872
2 0.5545454545454546 0.2619047619047619 0.015584415584415584 0.01746031746031746
1 0.5584415584415584 0.2507936507936508 0.02207792207792208 0.03492063492063492
1 0.4974025974025974 0.1984126984126984 0.014285714285714285 0.020634920634920634
1 0.4935064935064935 0.18571428571428572 0.015584415584415584 0.01746031746031746
1 0.4636363636363636 0.16984126984126985 0.016883116883116882 0.015873015873015872
1 0.4649350649350649 0.16031746031746033 0.016883116883116882 0.009523809523809525
1 0.4922077922077922 0.17142857142857143 0.016883116883116882 0.009523809523809525
1 0.4688311688311688 0.14444444444444443 0.015584415584415584 0.020634920634920634
1 0.509090909090909 0.1492063492063492 0.01948051948051948 0.015873015873015872
1 0.4623376623376623 0.13015873015873017 0.00909090909090909 0.007936507936507936
1 0.4844155844155844 0.1349206349206349 0.015584415584415584 0.012698412698412698
1 0.5051948051948052 0.13333333333333333 0.011688311688311689 0.011111111111111112
1 0.5012987012987012 0.12698412698412698 0.011688311688311689 0.009523809523809525
1 0.4909090909090909 0.15714285714285714 0.01818181818181818 0.026984126984126985
1 0.4701298701298701 0.12222222222222222 0.014285714285714285 0.011111111111111112
1 0.4636363636363636 0.11904761904761904 0.00909090909090909 0.011111111111111112
1 0.4701298701298701 0.1111111111111111 0.01038961038961039 0.015873015873015872
1 0.4766233766233766 0.09841269841269841 0.00909090909090909 0.011111111111111112
0 0.4857142857142857 0.11587301587301588 0.015584415584415584 0.025396825396825397
2 0.4766233766233766 0.16984126984126985 0.011688311688311689 0.015873015873015872
2 0.45324675324675323 0.14761904761904762 0.012987012987012988 0.022222222222222223
2 0.512987012987013 0.16984126984126985 0.02727272727272727 0.025396825396825397
1 0.5038961038961038 0.09682539682539683 0.006493506493506494 0.009523809523809525
1 0.4987012987012987 0.10952380952380952 0.003896103896103896 0.014285714285714285
2 0.5077922077922078 0.11428571428571428 0.005194805194805195 0.014285714285714285