2 0.8519480519480519 0.9666666666666667 0.06233766233766234 0.06666666666666667
2 0.787012987012987 0.873015873015873 0.05584415584415584 0.18571428571428572
2 0.712987012987013 0.7746031746031746 0.04025974025974026 0.15079365079365079
2 0.587012987012987 0.719047619047619 0.033766233766233764 0.14761904761904762
2 0.551948051948052 0.6412698412698413 0.025974025974025976 0.12698412698412698
2 0.5181818181818182 0.6793650793650794 0.033766233766233764 0.10158730158730159
2 0.6467532467532467 0.40476190476190477 0.02077922077922078 0.07142857142857142
2 0.5636363636363636 0.326984126984127 0.01818181818181818 0.044444444444444446
2 0.5948051948051948 0.35873015873015873 0.02207792207792208 0.05396825396825397
2 0.6103896103896104 0.3396825396825397 0.01818181818181818 0.047619047619047616
2 0.5857142857142857 0.2857142857142857 0.01818181818181818 0.044444444444444446
2 0.5506493506493506 0.2634920634920635 0.015584415584415584 0.049206349206349205
2 0.5207792207792208 0.23333333333333334 0.014285714285714285 0.044444444444444446
2 0.5454545454545454 0.22380952380952382 0.014285714285714285 0.04126984126984127
2 0.5012987012987012 0.173015873015873 0.01038961038961039 0.03015873015873016
2 0.4896103896103896 0.16507936507936508 0.01038961038961039 0.026984126984126985
2 0.5012987012987012 0.1492063492063492 0.011688311688311689 0.026984126984126985
2 0.5012987012987012 0.10476190476190476 0.00909090909090909 0.022222222222222223
2 0.487012987012987 0.10158730158730159 0.007792207792207792 0.01904761904761905
1 0.4753246753246753 0.10158730158730159 0.014285714285714285 0.03015873015873016
1 0.4909090909090909 0.13333333333333333 0.011688311688311689 0.026984126984126985
1 0.4831168831168831 0.2365079365079365 0.02727272727272727 0.06031746031746032
1 0.512987012987013 0.3142857142857143 0.03636363636363636 0.06825396825396825
1 0.5025974025974026 0.37777777777777777 0.04935064935064935 0.10317460317460317
1 0.5558441558441558 0.37936507936507935 0.048051948051948054 0.09206349206349207
1 0.6168831168831169 0.4111111111111111 0.053246753246753244 0.09682539682539683
1 0.5766233766233766 0.46825396825396826 0.06233766233766234 0.1253968253968254
1 0.6792207792207792 0.580952380952381 0.08181818181818182 0.15714285714285714
1 0.5116883116883116 0.4650793650793651 0.05584415584415584 0.12857142857142856
2 0.6883116883116883 0.5079365079365079 0.05584415584415584 0.06984126984126984
1 0.6753246753246753 0.873015873015873 0.11428571428571428 0.24126984126984127
1 0.5584415584415584 0.8253968253968254 0.09090909090909091 0.23809523809523808
3 0.4701298701298701 0.14126984126984127 0.01948051948051948 0.05238095238095238
2 0.4805194805194805 0.12222222222222222 0.006493506493506494 0.01904761904761905