2 0.5532467532467532 0.28888888888888886 0.025974025974025976 0.07142857142857142
2 0.5272727272727272 0.2111111111111111 0.015584415584415584 0.04285714285714286
2 0.5155844155844156 0.18571428571428572 0.011688311688311689 0.031746031746031744
2 0.5103896103896104 0.15555555555555556 0.011688311688311689 0.03015873015873016
2 0.4896103896103896 0.15396825396825398 0.011688311688311689 0.023809523809523808
2 0.4701298701298701 0.12698412698412698 0.00909090909090909 0.025396825396825397
2 0.4779220779220779 0.1111111111111111 0.00909090909090909 0.01904761904761905
2 0.4948051948051948 0.10793650793650794 0.007792207792207792 0.01904761904761905
2 0.5077922077922078 0.10476190476190476 0.006493506493506494 0.025396825396825397
1 0.4974025974025974 0.09365079365079365 0.01038961038961039 0.015873015873015872
1 0.4766233766233766 0.2365079365079365 0.025974025974025976 0.06031746031746032