3 0.6077922077922078 0.8412698412698413 0.1974025974025974 0.31587301587301586
1 0.5987012987012987 0.5396825396825397 0.06623376623376623 0.12063492063492064
2 0.8454545454545455 0.8222222222222222 0.05584415584415584 0.09365079365079365
2 0.9103896103896104 0.9793650793650793 0.09090909090909091 0.04126984126984127
2 0.7246753246753247 0.5825396825396826 0.08571428571428572 0.10158730158730159
2 0.5662337662337662 0.3603174603174603 0.02987012987012987 0.06031746031746032
2 0.5805194805194805 0.32857142857142857 0.04025974025974026 0.05873015873015873
2 0.5597402597402598 0.28095238095238095 0.023376623376623377 0.05396825396825397
2 0.5909090909090909 0.2904761904761905 0.04155844155844156 0.04285714285714286
2 0.5441558441558442 0.2968253968253968 0.03116883116883117 0.05714285714285714
2 0.4857142857142857 0.13015873015873017 0.011688311688311689 0.02857142857142857
2 0.4714285714285714 0.12063492063492064 0.00909090909090909 0.025396825396825397
2 0.5012987012987012 0.1380952380952381 0.007792207792207792 0.03333333333333333
2 0.5064935064935064 0.18253968253968253 0.015584415584415584 0.0380952380952381
2 0.5103896103896104 0.1492063492063492 0.007792207792207792 0.023809523809523808
2 0.4701298701298701 0.1111111111111111 0.007792207792207792 0.009523809523809525
2 0.4805194805194805 0.10634920634920635 0.01038961038961039 0.012698412698412698
2 0.5064935064935064 0.10793650793650794 0.007792207792207792 0.015873015873015872
1 0.5 0.09841269841269841 0.011688311688311689 0.01904761904761905