1 0.7519480519480519 0.9380952380952381 0.13766233766233765 0.12222222222222222
1 0.5493506493506494 0.7952380952380952 0.11168831168831168 0.21428571428571427
1 0.6909090909090909 0.7857142857142857 0.08441558441558442 0.18888888888888888
1 0.6285714285714286 0.6174603174603175 0.08311688311688312 0.1523809523809524
1 0.5493506493506494 0.3825396825396825 0.05844155844155844 0.1
1 0.4714285714285714 0.15714285714285714 0.014285714285714285 0.025396825396825397
1 0.474025974025974 0.13333333333333333 0.00909090909090909 0.022222222222222223
2 0.4818181818181818 0.14126984126984127 0.011688311688311689 0.01904761904761905
2 0.4883116883116883 0.13333333333333333 0.016883116883116882 0.023809523809523808
1 0.4844155844155844 0.11587301587301588 0.014285714285714285 0.022222222222222223
2 0.4987012987012987 0.10634920634920635 0.003896103896103896 0.014285714285714285
1 0.5051948051948052 0.10634920634920635 0.007792207792207792 0.023809523809523808
2 0.5727272727272728 0.9634920634920635 0.05194805194805195 0.05714285714285714
2 0.6519480519480519 0.9682539682539683 0.04285714285714286 0.06349206349206349
2 0.9064935064935065 0.9904761904761905 0.032467532467532464 0.01904761904761905
2 0.8142857142857143 0.873015873015873 0.046753246753246755 0.1349206349206349
2 0.7883116883116883 0.773015873015873 0.04285714285714286 0.12063492063492064
2 0.8 0.7253968253968254 0.02857142857142857 0.12380952380952381
2 0.7545454545454545 0.653968253968254 0.04285714285714286 0.09365079365079365
2 0.6922077922077922 0.6253968253968254 0.033766233766233764 0.08253968253968254
2 0.5714285714285714 0.6222222222222222 0.025974025974025976 0.09841269841269841
2 0.512987012987013 0.5523809523809524 0.01948051948051948 0.08888888888888889
2 0.7168831168831169 0.5650793650793651 0.02207792207792208 0.08571428571428572
2 0.6584415584415585 0.5523809523809524 0.02987012987012987 0.0761904761904762
2 0.6701298701298701 0.49523809523809526 0.03506493506493506 0.07301587301587302
2 0.5103896103896104 0.4126984126984127 0.023376623376623377 0.05714285714285714
2 0.6012987012987013 0.3619047619047619 0.01818181818181818 0.06031746031746032
2 0.5701298701298702 0.34444444444444444 0.03116883116883117 0.06031746031746032
2 0.5896103896103896 0.2984126984126984 0.02207792207792208 0.06031746031746032
2 0.564935064935065 0.29365079365079366 0.024675324675324677 0.05714285714285714
2 0.5077922077922078 0.3126984126984127 0.02987012987012987 0.05873015873015873
2 0.535064935064935 0.2634920634920635 0.012987012987012988 0.03968253968253968
2 0.5506493506493506 0.24285714285714285 0.012987012987012988 0.047619047619047616
2 0.5324675324675324 0.2365079365079365 0.01818181818181818 0.031746031746031744
2 0.5285714285714286 0.2222222222222222 0.015584415584415584 0.04126984126984127
2 0.5103896103896104 0.19682539682539682 0.012987012987012988 0.031746031746031744
2 0.5012987012987012 0.13968253968253969 0.007792207792207792 0.020634920634920634
2 0.509090909090909 0.14444444444444443 0.00909090909090909 0.01904761904761905
2 0.5012987012987012 0.1253968253968254 0.007792207792207792 0.012698412698412698
2 0.4948051948051948 0.10793650793650794 0.006493506493506494 0.01746031746031746