2 0.6025974025974026 0.9126984126984127 0.05194805194805195 0.17142857142857143
2 0.6805194805194805 0.9619047619047619 0.04025974025974026 0.0761904761904762
2 0.7272727272727273 0.953968253968254 0.04155844155844156 0.0873015873015873
2 0.6636363636363637 0.8587301587301587 0.03636363636363636 0.15396825396825398
2 0.6207792207792208 0.753968253968254 0.032467532467532464 0.1492063492063492
2 0.6337662337662338 0.6936507936507936 0.03636363636363636 0.1349206349206349
2 0.6792207792207792 0.7587301587301587 0.03506493506493506 0.1365079365079365
2 0.6844155844155844 0.6666666666666666 0.033766233766233764 0.11746031746031746
2 0.7428571428571429 0.7619047619047619 0.04155844155844156 0.11587301587301588
2 0.7649350649350649 0.7238095238095238 0.03766233766233766 0.12380952380952381
2 0.8428571428571429 0.819047619047619 0.053246753246753244 0.13015873015873017
2 0.8805194805194805 0.9317460317460318 0.05194805194805195 0.1365079365079365
2 0.5584415584415584 0.5079365079365079 0.025974025974025976 0.0873015873015873
2 0.6467532467532467 0.526984126984127 0.024675324675324677 0.09206349206349207
2 0.6961038961038961 0.49206349206349204 0.02207792207792208 0.05555555555555555
2 0.6558441558441559 0.4857142857142857 0.01818181818181818 0.05555555555555555
2 0.6220779220779221 0.4777777777777778 0.016883116883116882 0.046031746031746035
2 0.6077922077922078 0.45555555555555555 0.02077922077922078 0.07142857142857142
2 0.4961038961038961 0.4031746031746032 0.014285714285714285 0.05873015873015873
2 0.5064935064935064 0.3761904761904762 0.00909090909090909 0.044444444444444446
2 0.5272727272727272 0.3873015873015873 0.011688311688311689 0.03015873015873016
2 0.6363636363636364 0.3682539682539683 0.014285714285714285 0.04285714285714286
2 0.6142857142857143 0.34444444444444444 0.015584415584415584 0.050793650793650794
2 0.6025974025974026 0.3142857142857143 0.015584415584415584 0.049206349206349205
2 0.5948051948051948 0.29523809523809524 0.014285714285714285 0.04285714285714286
2 0.5558441558441558 0.3238095238095238 0.01038961038961039 0.050793650793650794
2 0.5688311688311688 0.3142857142857143 0.015584415584415584 0.044444444444444446
2 0.5792207792207792 0.2920634920634921 0.014285714285714285 0.02857142857142857
2 0.5415584415584416 0.29523809523809524 0.015584415584415584 0.050793650793650794
2 0.4779220779220779 0.2571428571428571 0.01038961038961039 0.03650793650793651
2 0.4714285714285714 0.25396825396825395 0.012987012987012988 0.03650793650793651
2 0.4909090909090909 0.2492063492063492 0.011688311688311689 0.022222222222222223
2 0.5324675324675324 0.25396825396825395 0.01038961038961039 0.031746031746031744
2 0.5753246753246753 0.25555555555555554 0.00909090909090909 0.0380952380952381
2 0.5636363636363636 0.24603174603174602 0.01038961038961039 0.03650793650793651
2 0.5545454545454546 0.2365079365079365 0.01038961038961039 0.023809523809523808
2 0.5545454545454546 0.22063492063492063 0.006493506493506494 0.022222222222222223
2 0.5467532467532468 0.2126984126984127 0.011688311688311689 0.03968253968253968
2 0.535064935064935 0.22857142857142856 0.01038961038961039 0.01904761904761905
2 0.535064935064935 0.2111111111111111 0.005194805194805195 0.01904761904761905
2 0.5246753246753246 0.2126984126984127 0.00909090909090909 0.022222222222222223
2 0.5285714285714286 0.18888888888888888 0.006493506493506494 0.023809523809523808
2 0.5142857142857142 0.1984126984126984 0.007792207792207792 0.020634920634920634
2 0.5207792207792208 0.18412698412698414 0.00909090909090909 0.020634920634920634
2 0.5142857142857142 0.17777777777777778 0.006493506493506494 0.01746031746031746
2 0.5064935064935064 0.18253968253968253 0.006493506493506494 0.01904761904761905
2 0.5025974025974026 0.16984126984126985 0.005194805194805195 0.01746031746031746
2 0.5298701298701298 0.16666666666666666 0.00909090909090909 0.025396825396825397
2 0.522077922077922 0.16507936507936508 0.003896103896103896 0.020634920634920634
2 0.5181818181818182 0.1634920634920635 0.006493506493506494 0.014285714285714285
2 0.5116883116883116 0.16031746031746033 0.00909090909090909 0.01746031746031746
2 0.5038961038961038 0.15555555555555556 0.006493506493506494 0.01904761904761905
2 0.4974025974025974 0.14761904761904762 0.006493506493506494 0.020634920634920634
2 0.5077922077922078 0.14444444444444443 0.007792207792207792 0.015873015873015872
2 0.5064935064935064 0.13333333333333333 0.006493506493506494 0.014285714285714285
2 0.509090909090909 0.1253968253968254 0.007792207792207792 0.014285714285714285
2 0.4987012987012987 0.1349206349206349 0.007792207792207792 0.012698412698412698
2 0.4935064935064935 0.1365079365079365 0.00909090909090909 0.020634920634920634
2 0.5103896103896104 0.1126984126984127 0.0025974025974025974 0.012698412698412698
2 0.5077922077922078 0.10793650793650794 0.005194805194805195 0.01904761904761905
2 0.4688311688311688 0.1492063492063492 0.006493506493506494 0.023809523809523808
2 0.4701298701298701 0.1253968253968254 0.005194805194805195 0.014285714285714285
2 0.4727272727272727 0.11746031746031746 0.003896103896103896 0.014285714285714285
2 0.4753246753246753 0.10952380952380952 0.005194805194805195 0.012698412698412698
1 0.8181818181818182 0.9126984126984127 0.12987012987012986 0.1746031746031746
1 0.5415584415584416 0.6031746031746031 0.07012987012987013 0.173015873015873
1 0.6194805194805195 0.5634920634920635 0.06883116883116883 0.14603174603174604
1 0.7038961038961039 0.5793650793650794 0.06883116883116883 0.14444444444444443
1 0.625974025974026 0.4095238095238095 0.04285714285714286 0.0873015873015873
1 0.5246753246753246 0.45396825396825397 0.045454545454545456 0.12222222222222222
1 0.5506493506493506 0.36507936507936506 0.04025974025974026 0.07936507936507936
1 0.587012987012987 0.35714285714285715 0.045454545454545456 0.1111111111111111
1 0.5142857142857142 0.31746031746031744 0.03506493506493506 0.07301587301587302
1 0.4935064935064935 0.28253968253968254 0.025974025974025976 0.06666666666666667
1 0.5181818181818182 0.2650793650793651 0.02987012987012987 0.049206349206349205
1 0.5545454545454546 0.2698412698412698 0.03116883116883117 0.06031746031746032
1 0.5155844155844156 0.23333333333333334 0.02987012987012987 0.044444444444444446
1 0.5025974025974026 0.20952380952380953 0.016883116883116882 0.0380952380952381
1 0.4974025974025974 0.1873015873015873 0.01948051948051948 0.020634920634920634
1 0.4883116883116883 0.16984126984126985 0.02207792207792208 0.022222222222222223
1 0.4623376623376623 0.17777777777777778 0.014285714285714285 0.012698412698412698
1 0.4649350649350649 0.16825396825396827 0.01948051948051948 0.020634920634920634
1 0.4844155844155844 0.14761904761904762 0.016883116883116882 0.01904761904761905
1 0.4831168831168831 0.13333333333333333 0.014285714285714285 0.01746031746031746
1 0.4649350649350649 0.11428571428571428 0.012987012987012988 0.020634920634920634
1 0.4948051948051948 0.12063492063492064 0.011688311688311689 0.015873015873015872
1 0.4961038961038961 0.1111111111111111 0.01038961038961039 0.007936507936507936
1 0.4948051948051948 0.10158730158730159 0.011688311688311689 0.014285714285714285
1 0.4831168831168831 0.10634920634920635 0.00909090909090909 0.015873015873015872
1 0.4623376623376623 0.14603174603174604 0.016883116883116882 0.023809523809523808
1 0.4623376623376623 0.13015873015873017 0.01038961038961039 0.009523809523809525
1 0.5038961038961038 0.09206349206349207 0.012987012987012988 0.012698412698412698
3 0.4792207792207792 0.21587301587301588 0.02727272727272727 0.06825396825396825
0 0.4688311688311688 0.2015873015873016 0.023376623376623377 0.06190476190476191
0 0.487012987012987 0.08412698412698413 0.025974025974025976 0.025396825396825397
1 0.474025974025974 0.10317460317460317 0.01038961038961039 0.009523809523809525