2 0.5987012987012987 0.4126984126984127 0.012987012987012988 0.07142857142857142
2 0.625974025974026 0.3952380952380952 0.016883116883116882 0.05238095238095238
2 0.5935064935064935 0.37142857142857144 0.011688311688311689 0.05714285714285714
2 0.5142857142857142 0.2396825396825397 0.014285714285714285 0.03333333333333333
2 0.5155844155844156 0.22063492063492063 0.007792207792207792 0.0380952380952381
2 0.5 0.17142857142857143 0.00909090909090909 0.03968253968253968
2 0.4883116883116883 0.15555555555555556 0.01038961038961039 0.022222222222222223
2 0.4792207792207792 0.1634920634920635 0.00909090909090909 0.012698412698412698
2 0.4779220779220779 0.1380952380952381 0.007792207792207792 0.02857142857142857
2 0.4766233766233766 0.11587301587301588 0.005194805194805195 0.012698412698412698
2 0.4662337662337662 0.11904761904761904 0.006493506493506494 0.014285714285714285
2 0.4688311688311688 0.10634920634920635 0.006493506493506494 0.020634920634920634
2 0.4701298701298701 0.1 0.007792207792207792 0.01746031746031746
2 0.4675324675324675 0.08412698412698413 0.006493506493506494 0.01904761904761905
2 0.45584415584415583 0.08412698412698413 0.007792207792207792 0.01746031746031746
1 0.5272727272727272 0.6285714285714286 0.07662337662337662 0.16031746031746033
1 0.6038961038961039 0.5444444444444444 0.06623376623376623 0.1492063492063492
1 0.6272727272727273 0.46190476190476193 0.05194805194805195 0.09365079365079365
1 0.5636363636363636 0.43174603174603177 0.06363636363636363 0.12380952380952381
1 0.5324675324675324 0.3 0.04155844155844156 0.08095238095238096
1 0.4922077922077922 0.2650793650793651 0.023376623376623377 0.07142857142857142
1 0.4779220779220779 0.1984126984126984 0.024675324675324677 0.046031746031746035
1 0.4649350649350649 0.15555555555555556 0.016883116883116882 0.03333333333333333
1 0.4584415584415584 0.12857142857142856 0.014285714285714285 0.025396825396825397
1 0.45714285714285713 0.10634920634920635 0.014285714285714285 0.015873015873015872
3 0.4714285714285714 0.3142857142857143 0.053246753246753244 0.14603174603174604
3 0.43246753246753245 0.10476190476190476 0.015584415584415584 0.04285714285714286
3 0.44285714285714284 0.08888888888888889 0.00909090909090909 0.02857142857142857
3 0.5714285714285714 0.8492063492063492 0.17272727272727273 0.3
3 0.7896103896103897 0.7444444444444445 0.33506493506493507 0.5111111111111111