2 0.9467532467532468 0.8634920634920635 0.048051948051948054 0.15079365079365079
2 0.6701298701298701 0.746031746031746 0.03116883116883117 0.13333333333333333
2 0.8103896103896104 0.7111111111111111 0.02987012987012987 0.12698412698412698
2 0.8064935064935065 0.6253968253968254 0.03766233766233766 0.1126984126984127
2 0.7714285714285715 0.4857142857142857 0.024675324675324677 0.08888888888888889
2 0.7233766233766233 0.4650793650793651 0.01818181818181818 0.08888888888888889
2 0.7402597402597403 0.44285714285714284 0.02077922077922078 0.08253968253968254
2 0.6519480519480519 0.4365079365079365 0.01948051948051948 0.07777777777777778
2 0.6493506493506493 0.3619047619047619 0.016883116883116882 0.06984126984126984
2 0.7025974025974026 0.36984126984126986 0.016883116883116882 0.07936507936507936
2 0.7233766233766233 0.35079365079365077 0.015584415584415584 0.06825396825396825
2 0.6961038961038961 0.30158730158730157 0.01818181818181818 0.05714285714285714
2 0.6545454545454545 0.25555555555555554 0.014285714285714285 0.049206349206349205
2 0.6168831168831169 0.2492063492063492 0.012987012987012988 0.03968253968253968
2 0.6376623376623377 0.23015873015873015 0.011688311688311689 0.02857142857142857
2 0.6194805194805195 0.21428571428571427 0.011688311688311689 0.03492063492063492
2 0.625974025974026 0.20317460317460317 0.01038961038961039 0.02857142857142857
2 0.6077922077922078 0.19206349206349208 0.007792207792207792 0.03492063492063492
2 0.6181818181818182 0.17936507936507937 0.00909090909090909 0.031746031746031744
2 0.6285714285714286 0.15873015873015872 0.007792207792207792 0.02857142857142857
2 0.587012987012987 0.16825396825396827 0.006493506493506494 0.03333333333333333
2 0.6 0.16666666666666666 0.007792207792207792 0.031746031746031744
2 0.6090909090909091 0.16031746031746033 0.007792207792207792 0.026984126984126985
2 0.6090909090909091 0.10952380952380952 0.00909090909090909 0.014285714285714285
2 0.6220779220779221 0.08571428571428572 0.007792207792207792 0.011111111111111112
2 0.6155844155844156 0.0873015873015873 0.006493506493506494 0.012698412698412698
2 0.6103896103896104 0.08888888888888889 0.007792207792207792 0.015873015873015872
1 0.6701298701298701 0.9285714285714286 0.09350649350649351 0.14285714285714285
1 0.7636363636363637 0.7714285714285715 0.1 0.2015873015873016
1 0.612987012987013 0.36666666666666664 0.04285714285714286 0.07777777777777778
1 0.6 0.28888888888888886 0.03116883116883117 0.05873015873015873
1 0.6363636363636364 0.2714285714285714 0.032467532467532464 0.0746031746031746
1 0.5818181818181818 0.2222222222222222 0.02727272727272727 0.050793650793650794
1 0.5753246753246753 0.14285714285714285 0.01818181818181818 0.03333333333333333
1 0.6 0.1380952380952381 0.01818181818181818 0.03492063492063492