2 0.977922077922078 0.9714285714285714 0.04415584415584416 0.05555555555555555
2 0.8844155844155844 0.9666666666666667 0.032467532467532464 0.06507936507936508
2 0.9155844155844156 0.9492063492063492 0.04935064935064935 0.10158730158730159
2 0.8441558441558441 0.9349206349206349 0.03636363636363636 0.13015873015873017
2 0.8636363636363636 0.8825396825396825 0.03766233766233766 0.13968253968253969
2 0.8181818181818182 0.8301587301587302 0.033766233766233764 0.15079365079365079
2 0.8038961038961039 0.7492063492063492 0.03506493506493506 0.11428571428571428
1 0.7493506493506493 0.780952380952381 0.11558441558441558 0.25555555555555554
2 0.7714285714285715 0.6904761904761905 0.02207792207792208 0.09523809523809523
2 0.7597402597402597 0.6428571428571429 0.025974025974025976 0.09206349206349207
2 0.7168831168831169 0.6238095238095238 0.023376623376623377 0.08571428571428572
2 0.687012987012987 0.6396825396825396 0.02857142857142857 0.10793650793650794
2 0.7077922077922078 0.6476190476190476 0.011688311688311689 0.03015873015873016
2 0.7376623376623377 0.6492063492063492 0.015584415584415584 0.03968253968253968
2 0.7324675324675325 0.6031746031746031 0.02077922077922078 0.09047619047619047
2 0.7103896103896103 0.5380952380952381 0.02207792207792208 0.08571428571428572
2 0.7259740259740259 0.5603174603174603 0.025974025974025976 0.06666666666666667
2 0.7402597402597403 0.546031746031746 0.01818181818181818 0.09841269841269841
2 0.6727272727272727 0.5873015873015873 0.025974025974025976 0.06190476190476191
2 0.6909090909090909 0.5698412698412698 0.024675324675324677 0.09682539682539683
2 0.6558441558441559 0.5523809523809524 0.023376623376623377 0.0873015873015873
2 0.6454545454545455 0.5190476190476191 0.023376623376623377 0.08888888888888889
2 0.6688311688311688 0.5301587301587302 0.01818181818181818 0.08095238095238096
2 0.6688311688311688 0.4873015873015873 0.016883116883116882 0.05555555555555555
2 0.6948051948051948 0.5063492063492063 0.02207792207792208 0.06666666666666667
2 0.687012987012987 0.4777777777777778 0.015584415584415584 0.05555555555555555
2 0.6480519480519481 0.4523809523809524 0.01948051948051948 0.06031746031746032
2 0.6597402597402597 0.4587301587301587 0.015584415584415584 0.047619047619047616
2 0.6701298701298701 0.4507936507936508 0.01948051948051948 0.06190476190476191
2 0.6415584415584416 0.42063492063492064 0.015584415584415584 0.044444444444444446
2 0.6623376623376623 0.42857142857142855 0.02077922077922078 0.050793650793650794
1 0.612987012987013 0.44603174603174606 0.06103896103896104 0.10158730158730159
2 0.6246753246753247 0.38571428571428573 0.01948051948051948 0.05396825396825397
2 0.6324675324675325 0.4015873015873016 0.016883116883116882 0.04126984126984127
2 0.6480519480519481 0.3904761904761905 0.014285714285714285 0.03650793650793651
1 0.5961038961038961 0.3873015873015873 0.05064935064935065 0.08888888888888889
2 0.6142857142857143 0.36507936507936506 0.007792207792207792 0.0380952380952381
2 0.6428571428571429 0.373015873015873 0.015584415584415584 0.0380952380952381
1 0.5558441558441558 0.3396825396825397 0.04025974025974026 0.05714285714285714
2 0.574025974025974 0.33015873015873015 0.014285714285714285 0.047619047619047616
1 0.5961038961038961 0.32063492063492066 0.03766233766233766 0.06666666666666667
2 0.6012987012987013 0.3476190476190476 0.015584415584415584 0.03492063492063492
2 0.6168831168831169 0.3476190476190476 0.011688311688311689 0.046031746031746035
2 0.6337662337662338 0.3603174603174603 0.014285714285714285 0.03650793650793651
2 0.6181818181818182 0.9238095238095239 0.03896103896103896 0.15079365079365079
2 0.5727272727272728 0.8555555555555555 0.03766233766233766 0.10634920634920635
2 0.5064935064935064 0.8793650793650793 0.032467532467532464 0.1619047619047619
2 0.6155844155844156 0.8507936507936508 0.03116883116883117 0.1111111111111111
2 0.5948051948051948 0.7968253968253968 0.033766233766233764 0.1380952380952381
2 0.6025974025974026 0.734920634920635 0.03766233766233766 0.10793650793650794
2 0.587012987012987 0.6777777777777778 0.03116883116883117 0.12222222222222222
2 0.5766233766233766 0.6063492063492063 0.02727272727272727 0.0873015873015873
2 0.561038961038961 0.5698412698412698 0.02207792207792208 0.09682539682539683
2 0.5818181818181818 0.5888888888888889 0.025974025974025976 0.07301587301587302
2 0.5584415584415584 0.5190476190476191 0.02077922077922078 0.06507936507936508
2 0.5376623376623376 0.46984126984126984 0.024675324675324677 0.06825396825396825
2 0.5636363636363636 0.4888888888888889 0.011688311688311689 0.049206349206349205
2 0.5545454545454546 0.4507936507936508 0.01038961038961039 0.05714285714285714
2 0.564935064935065 0.4650793650793651 0.012987012987012988 0.03968253968253968
1 0.6090909090909091 0.5238095238095238 0.06493506493506493 0.13015873015873017
2 0.5831168831168831 0.46190476190476193 0.016883116883116882 0.05396825396825397
2 0.5805194805194805 0.4444444444444444 0.015584415584415584 0.047619047619047616
2 0.5441558441558442 0.42063492063492064 0.023376623376623377 0.04126984126984127
2 0.5636363636363636 0.42698412698412697 0.014285714285714285 0.04126984126984127
2 0.5428571428571428 0.39206349206349206 0.01948051948051948 0.05714285714285714
2 0.5623376623376624 0.40793650793650793 0.015584415584415584 0.047619047619047616
2 0.5636363636363636 0.3888888888888889 0.01948051948051948 0.049206349206349205
2 0.5415584415584416 0.3619047619047619 0.012987012987012988 0.04126984126984127
2 0.535064935064935 0.3492063492063492 0.00909090909090909 0.03968253968253968
1 0.5454545454545454 0.29523809523809524 0.033766233766233764 0.049206349206349205
1 0.564935064935065 0.27936507936507937 0.04025974025974026 0.06031746031746032
2 0.5441558441558442 0.2650793650793651 0.006493506493506494 0.03650793650793651
3 0.5012987012987012 0.30158730158730157 0.06233766233766234 0.1634920634920635
1 0.522077922077922 0.24603174603174602 0.015584415584415584 0.0380952380952381
2 0.5337662337662338 0.25555555555555554 0.007792207792207792 0.02857142857142857
2 0.535064935064935 0.24285714285714285 0.01038961038961039 0.025396825396825397
1 0.5 0.20793650793650795 0.01948051948051948 0.031746031746031744
1 0.5025974025974026 0.21746031746031746 0.01818181818181818 0.01904761904761905
2 0.5168831168831168 0.21746031746031746 0.007792207792207792 0.03015873015873016
2 0.5246753246753246 0.2253968253968254 0.01038961038961039 0.025396825396825397
2 0.5324675324675324 0.22857142857142856 0.012987012987012988 0.03015873015873016
1 0.551948051948052 0.23492063492063492 0.025974025974025976 0.03968253968253968
2 0.5675324675324676 0.24603174603174602 0.003896103896103896 0.031746031746031744
2 0.577922077922078 0.2492063492063492 0.007792207792207792 0.03333333333333333
1 0.522077922077922 0.2 0.01948051948051948 0.03650793650793651
1 0.5324675324675324 0.2111111111111111 0.01948051948051948 0.03492063492063492
2 0.548051948051948 0.20952380952380953 0.00909090909090909 0.022222222222222223
1 0.4896103896103896 0.19047619047619047 0.01818181818181818 0.044444444444444446
1 0.5155844155844156 0.18412698412698414 0.01948051948051948 0.023809523809523808
1 0.4883116883116883 0.17142857142857143 0.016883116883116882 0.03333333333333333
2 0.5181818181818182 0.16984126984126985 0.00909090909090909 0.022222222222222223
2 0.5272727272727272 0.16984126984126985 0.01038961038961039 0.02857142857142857
2 0.525974025974026 0.17936507936507937 0.00909090909090909 0.01904761904761905
2 0.5363636363636364 0.18095238095238095 0.011688311688311689 0.023809523809523808
2 0.5324675324675324 0.19206349206349208 0.00909090909090909 0.014285714285714285
2 0.538961038961039 0.19682539682539682 0.005194805194805195 0.015873015873015872
1 0.4584415584415584 0.18253968253968253 0.012987012987012988 0.026984126984126985
1 0.4701298701298701 0.18253968253968253 0.01948051948051948 0.026984126984126985
1 0.4701298701298701 0.16031746031746033 0.01818181818181818 0.026984126984126985
1 0.4662337662337662 0.15079365079365079 0.01038961038961039 0.01746031746031746
1 0.4922077922077922 0.15873015873015872 0.015584415584415584 0.01904761904761905
1 0.4922077922077922 0.1619047619047619 0.012987012987012988 0.014285714285714285
1 0.4922077922077922 0.14761904761904762 0.015584415584415584 0.01904761904761905
2 0.5012987012987012 0.15396825396825398 0.00909090909090909 0.01746031746031746
2 0.512987012987013 0.1619047619047619 0.01038961038961039 0.01746031746031746
1 0.4662337662337662 0.16984126984126985 0.016883116883116882 0.022222222222222223
2 0.4597402597402597 0.1365079365079365 0.005194805194805195 0.01746031746031746
1 0.4662337662337662 0.13968253968253969 0.006493506493506494 0.012698412698412698
2 0.4974025974025974 0.14126984126984127 0.011688311688311689 0.01904761904761905
1 0.4714285714285714 0.1253968253968254 0.011688311688311689 0.01904761904761905
2 0.4974025974025974 0.13174603174603175 0.006493506493506494 0.020634920634920634
1 0.4792207792207792 0.1126984126984127 0.00909090909090909 0.01904761904761905
2 0.5064935064935064 0.12063492063492064 0.007792207792207792 0.020634920634920634
2 0.4584415584415584 0.2365079365079365 0.00909090909090909 0.03333333333333333
2 0.4584415584415584 0.22063492063492063 0.00909090909090909 0.02857142857142857
2 0.45194805194805193 0.17142857142857143 0.005194805194805195 0.023809523809523808
1 0.5753246753246753 0.9476190476190476 0.09610389610389611 0.10476190476190476
1 0.6766233766233766 0.8285714285714286 0.10779220779220779 0.2714285714285714
1 0.6363636363636364 0.6460317460317461 0.07402597402597402 0.1380952380952381
1 0.535064935064935 0.7285714285714285 0.07142857142857142 0.15079365079365079
1 0.5246753246753246 0.5888888888888889 0.06233766233766234 0.14444444444444443
1 0.512987012987013 0.49047619047619045 0.04155844155844156 0.1
1 0.5155844155844156 0.4222222222222222 0.04025974025974026 0.09523809523809523
1 0.4727272727272727 0.20793650793650795 0.01948051948051948 0.031746031746031744
1 0.4766233766233766 0.21904761904761905 0.014285714285714285 0.015873015873015872
1 0.4948051948051948 0.10158730158730159 0.02207792207792208 0.015873015873015872