1 0.6285714285714286 0.5174603174603175 0.05974025974025974 0.11587301587301588
1 0.4961038961038961 0.20476190476190476 0.02077922077922078 0.06031746031746032
1 0.509090909090909 0.18253968253968253 0.02727272727272727 0.03333333333333333
1 0.4649350649350649 0.1619047619047619 0.02077922077922078 0.02857142857142857
3 0.525974025974026 0.4301587301587302 0.07142857142857142 0.1873015873015873
0 0.4844155844155844 0.1126984126984127 0.01948051948051948 0.04126984126984127
2 0.474025974025974 0.23015873015873015 0.015584415584415584 0.03968253968253968
2 0.4701298701298701 0.18253968253968253 0.007792207792207792 0.03015873015873016
2 0.5181818181818182 0.1619047619047619 0.014285714285714285 0.025396825396825397
2 0.4792207792207792 0.15396825396825398 0.011688311688311689 0.023809523809523808
2 0.4961038961038961 0.14126984126984127 0.00909090909090909 0.025396825396825397
2 0.5051948051948052 0.09523809523809523 0.005194805194805195 0.025396825396825397