2 0.5857142857142857 0.9555555555555556 0.04285714285714286 0.08888888888888889
2 0.5194805194805194 0.819047619047619 0.03766233766233766 0.13968253968253969
2 0.6779220779220779 0.8888888888888888 0.046753246753246755 0.1619047619047619
2 0.8623376623376623 0.9174603174603174 0.032467532467532464 0.1253968253968254
1 0.7636363636363637 0.8968253968253969 0.12987012987012986 0.20634920634920634
2 0.8090909090909091 0.8269841269841269 0.04155844155844156 0.14126984126984127
2 0.8337662337662337 0.7666666666666667 0.04935064935064935 0.14603174603174604
2 0.9623376623376624 0.7476190476190476 0.03636363636363636 0.13333333333333333
2 0.7727272727272727 0.7126984126984127 0.02987012987012987 0.1111111111111111
2 0.7519480519480519 0.7476190476190476 0.032467532467532464 0.0873015873015873
2 0.7480519480519481 0.6365079365079365 0.025974025974025976 0.1126984126984127
2 0.7259740259740259 0.6793650793650794 0.023376623376623377 0.1126984126984127
2 0.6727272727272727 0.7031746031746032 0.04155844155844156 0.13174603174603175
2 0.6493506493506493 0.6063492063492063 0.033766233766233764 0.10158730158730159
2 0.6077922077922078 0.5873015873015873 0.02987012987012987 0.1111111111111111
2 0.5688311688311688 0.5285714285714286 0.024675324675324677 0.08412698412698413
2 0.525974025974026 0.5777777777777777 0.032467532467532464 0.08571428571428572
2 0.5064935064935064 0.6603174603174603 0.03766233766233766 0.11746031746031746
2 0.5337662337662338 0.49682539682539684 0.03116883116883117 0.07936507936507936
2 0.574025974025974 0.4492063492063492 0.016883116883116882 0.07936507936507936
2 0.6233766233766234 0.4888888888888889 0.02727272727272727 0.08888888888888889
2 0.6467532467532467 0.4650793650793651 0.01818181818181818 0.07142857142857142
2 0.6701298701298701 0.4507936507936508 0.014285714285714285 0.06825396825396825
2 0.6896103896103896 0.5047619047619047 0.01818181818181818 0.05714285714285714
2 0.7 0.6174603174603175 0.024675324675324677 0.11428571428571428
2 0.7103896103896103 0.5619047619047619 0.024675324675324677 0.0746031746031746
2 0.6103896103896104 0.42857142857142855 0.025974025974025976 0.06507936507936508
2 0.5831168831168831 0.4095238095238095 0.02077922077922078 0.07142857142857142
2 0.5961038961038961 0.40476190476190477 0.01948051948051948 0.06507936507936508
2 0.587012987012987 0.36507936507936506 0.01818181818181818 0.06190476190476191
2 0.6090909090909091 0.36507936507936506 0.015584415584415584 0.06507936507936508
2 0.6207792207792208 0.35873015873015873 0.00909090909090909 0.046031746031746035
2 0.6506493506493507 0.42063492063492064 0.023376623376623377 0.06031746031746032
2 0.6454545454545455 0.38412698412698415 0.01948051948051948 0.031746031746031744
2 0.6441558441558441 0.35873015873015873 0.015584415584415584 0.06031746031746032
2 0.5948051948051948 0.3253968253968254 0.014285714285714285 0.06190476190476191
2 0.6116883116883117 0.33015873015873015 0.02207792207792208 0.04126984126984127
2 0.5831168831168831 0.31746031746031744 0.00909090909090909 0.031746031746031744
2 0.6038961038961039 0.30317460317460315 0.014285714285714285 0.06031746031746032
1 0.5493506493506494 0.35873015873015873 0.04025974025974026 0.06984126984126984
2 0.564935064935065 0.326984126984127 0.01818181818181818 0.03650793650793651
1 0.5376623376623376 0.30634920634920637 0.03636363636363636 0.06190476190476191
2 0.5636363636363636 0.30317460317460315 0.012987012987012988 0.03650793650793651
2 0.5675324675324676 0.28888888888888886 0.00909090909090909 0.022222222222222223
2 0.5805194805194805 0.3 0.014285714285714285 0.044444444444444446
2 0.5948051948051948 0.28095238095238095 0.023376623376623377 0.03333333333333333
2 0.5311688311688312 0.2761904761904762 0.012987012987012988 0.031746031746031744
2 0.5428571428571428 0.273015873015873 0.01818181818181818 0.03333333333333333
2 0.564935064935065 0.26666666666666666 0.00909090909090909 0.03015873015873016
2 0.5857142857142857 0.26666666666666666 0.007792207792207792 0.023809523809523808
2 0.5493506493506494 0.2396825396825397 0.01038961038961039 0.0380952380952381
2 0.5701298701298702 0.2523809523809524 0.003896103896103896 0.01904761904761905
1 0.4857142857142857 0.2873015873015873 0.024675324675324677 0.049206349206349205
1 0.4792207792207792 0.25873015873015875 0.03116883116883117 0.06349206349206349
2 0.5064935064935064 0.24761904761904763 0.023376623376623377 0.04126984126984127
1 0.525974025974026 0.23333333333333334 0.02857142857142857 0.047619047619047616
2 0.5402597402597402 0.24444444444444444 0.006493506493506494 0.031746031746031744
2 0.561038961038961 0.23174603174603176 0.011688311688311689 0.0380952380952381
2 0.5415584415584416 0.21428571428571427 0.011688311688311689 0.031746031746031744
1 0.5 0.1984126984126984 0.01948051948051948 0.0380952380952381
2 0.5168831168831168 0.2015873015873016 0.011688311688311689 0.03015873015873016
2 0.5311688311688312 0.20317460317460317 0.007792207792207792 0.03333333333333333
2 0.5506493506493506 0.20952380952380953 0.007792207792207792 0.020634920634920634
2 0.5207792207792208 0.1873015873015873 0.007792207792207792 0.02857142857142857
2 0.5285714285714286 0.17777777777777778 0.00909090909090909 0.020634920634920634
3 0.5064935064935064 0.16984126984126985 0.02857142857142857 0.044444444444444446
2 0.5168831168831168 0.15714285714285714 0.006493506493506494 0.022222222222222223
2 0.5246753246753246 0.1634920634920635 0.006493506493506494 0.01904761904761905
1 0.4805194805194805 0.14126984126984127 0.02207792207792208 0.04126984126984127
2 0.4935064935064935 0.15079365079365079 0.006493506493506494 0.014285714285714285
1 0.4974025974025974 0.14126984126984127 0.015584415584415584 0.01904761904761905
2 0.5181818181818182 0.13968253968253969 0.005194805194805195 0.022222222222222223
1 0.4623376623376623 0.20793650793650795 0.01948051948051948 0.02857142857142857
2 0.4779220779220779 0.18571428571428572 0.006493506493506494 0.02857142857142857
1 0.4727272727272727 0.22698412698412698 0.02077922077922078 0.04126984126984127
2 0.4896103896103896 0.23333333333333334 0.007792207792207792 0.03492063492063492
1 0.4662337662337662 0.1761904761904762 0.01948051948051948 0.01904761904761905
2 0.4818181818181818 0.1746031746031746 0.005194805194805195 0.025396825396825397
2 0.4896103896103896 0.17142857142857143 0.011688311688311689 0.026984126984126985
1 0.4649350649350649 0.15555555555555556 0.02207792207792208 0.020634920634920634
2 0.4714285714285714 0.1365079365079365 0.007792207792207792 0.015873015873015872
1 0.4792207792207792 0.12222222222222222 0.014285714285714285 0.014285714285714285
2 0.4714285714285714 0.12380952380952381 0.005194805194805195 0.01904761904761905
1 0.4662337662337662 0.10476190476190476 0.00909090909090909 0.015873015873015872
2 0.474025974025974 0.10634920634920635 0.0012987012987012987 0.009523809523809525
1 0.5831168831168831 0.726984126984127 0.09090909090909091 0.23333333333333334
1 0.487012987012987 0.1111111111111111 0.015584415584415584 0.012698412698412698
1 0.5012987012987012 0.12698412698412698 0.014285714285714285 0.026984126984126985
0 0.5 0.09841269841269841 0.01818181818181818 0.0380952380952381
3 0.5051948051948052 0.3761904761904762 0.05194805194805195 0.14761904761904762