1 0.4805194805194805 0.20793650793650795 0.01948051948051948 0.05396825396825397
1 0.577922077922078 0.9412698412698413 0.09220779220779221 0.11746031746031746
1 0.9506493506493506 0.9333333333333333 0.07792207792207792 0.13333333333333333
1 0.5935064935064935 0.43174603174603177 0.03116883116883117 0.08888888888888889
1 0.6285714285714286 0.473015873015873 0.03896103896103896 0.05555555555555555
1 0.577922077922078 0.3619047619047619 0.032467532467532464 0.07936507936507936
1 0.512987012987013 0.22063492063492063 0.01948051948051948 0.04126984126984127
1 0.4896103896103896 0.15873015873015872 0.016883116883116882 0.031746031746031744
2 0.5025974025974026 0.16666666666666666 0.00909090909090909 0.02857142857142857
1 0.5025974025974026 0.14761904761904762 0.011688311688311689 0.025396825396825397
3 0.4675324675324675 0.11746031746031746 0.011688311688311689 0.0380952380952381
3 0.4792207792207792 0.10317460317460317 0.01038961038961039 0.03333333333333333
3 0.4935064935064935 0.3349206349206349 0.02077922077922078 0.1111111111111111
3 0.6168831168831169 0.6015873015873016 0.05974025974025974 0.20793650793650795
3 0.7389610389610389 0.8158730158730159 0.13766233766233765 0.3682539682539683
0 0.5376623376623376 0.4222222222222222 0.06233766233766234 0.26031746031746034
0 0.5467532467532468 0.25555555555555554 0.04285714285714286 0.12063492063492064
2 0.4948051948051948 0.12857142857142856 0.003896103896103896 0.023809523809523808
2 0.5077922077922078 0.13333333333333333 0.006493506493506494 0.020634920634920634
2 0.5103896103896104 0.19047619047619047 0.00909090909090909 0.023809523809523808
2 0.5194805194805194 0.18888888888888888 0.007792207792207792 0.031746031746031744
2 0.638961038961039 0.4031746031746032 0.01818181818181818 0.07142857142857142
2 0.6961038961038961 0.5507936507936508 0.02207792207792208 0.0746031746031746
2 0.5805194805194805 0.8301587301587302 0.03506493506493506 0.09365079365079365