2 0.509090909090909 0.30158730158730157 0.016883116883116882 0.03650793650793651
2 0.964935064935065 0.5746031746031746 0.02727272727272727 0.09047619047619047
2 0.8519480519480519 0.5603174603174603 0.045454545454545456 0.09047619047619047
2 0.7922077922077922 0.5412698412698412 0.045454545454545456 0.1
2 0.7415584415584415 0.5190476190476191 0.02077922077922078 0.02857142857142857
2 0.7597402597402597 0.5746031746031746 0.05064935064935065 0.09682539682539683
2 0.8727272727272727 0.9619047619047619 0.05064935064935065 0.0761904761904762
2 0.8272727272727273 0.946031746031746 0.04415584415584416 0.10634920634920635
2 0.8324675324675325 0.873015873015873 0.053246753246753244 0.15873015873015872
2 0.7857142857142857 0.8412698412698413 0.046753246753246755 0.14444444444444443
2 0.787012987012987 0.7714285714285715 0.032467532467532464 0.09365079365079365
2 0.7480519480519481 0.746031746031746 0.032467532467532464 0.12698412698412698
2 0.6025974025974026 0.7857142857142857 0.04935064935064935 0.1492063492063492
2 0.5142857142857142 0.7857142857142857 0.02857142857142857 0.14603174603174604
2 0.6311688311688312 0.9095238095238095 0.03636363636363636 0.18095238095238095
2 0.6792207792207792 0.9476190476190476 0.05454545454545454 0.10317460317460317
2 0.6753246753246753 0.6619047619047619 0.032467532467532464 0.08253968253968254
2 0.6935064935064935 0.6396825396825396 0.03116883116883117 0.07936507936507936
2 0.6779220779220779 0.5841269841269842 0.01818181818181818 0.07142857142857142
2 0.6714285714285714 0.49523809523809526 0.02077922077922078 0.07777777777777778
2 0.7012987012987013 0.5174603174603175 0.02857142857142857 0.07777777777777778
2 0.6844155844155844 0.5333333333333333 0.02077922077922078 0.06825396825396825
2 0.6831168831168831 0.47619047619047616 0.012987012987012988 0.05396825396825397
2 0.6675324675324675 0.45714285714285713 0.01818181818181818 0.07142857142857142
2 0.6493506493506493 0.3825396825396825 0.015584415584415584 0.03968253968253968
2 0.6454545454545455 0.4 0.015584415584415584 0.03015873015873016
2 0.6558441558441559 0.42063492063492064 0.01818181818181818 0.03333333333333333
2 0.5831168831168831 0.38095238095238093 0.01818181818181818 0.049206349206349205
2 0.5909090909090909 0.4126984126984127 0.01948051948051948 0.07142857142857142
2 0.551948051948052 0.4095238095238095 0.01038961038961039 0.031746031746031744
2 0.4896103896103896 0.5063492063492063 0.02077922077922078 0.07936507936507936
2 0.4688311688311688 0.3238095238095238 0.012987012987012988 0.046031746031746035
2 0.4766233766233766 0.3634920634920635 0.016883116883116882 0.06507936507936508
2 0.5272727272727272 0.40793650793650793 0.015584415584415584 0.05396825396825397
2 0.538961038961039 0.43333333333333335 0.015584415584415584 0.06666666666666667
2 0.6376623376623377 0.353968253968254 0.02077922077922078 0.047619047619047616
2 0.6116883116883117 0.3904761904761905 0.012987012987012988 0.01746031746031746
2 0.6272727272727273 0.39365079365079364 0.01818181818181818 0.012698412698412698
2 0.6025974025974026 0.3111111111111111 0.00909090909090909 0.023809523809523808
2 0.6038961038961039 0.33015873015873015 0.015584415584415584 0.03015873015873016
2 0.45584415584415583 0.24761904761904763 0.01038961038961039 0.03650793650793651
2 0.574025974025974 0.2507936507936508 0.007792207792207792 0.023809523809523808
2 0.5415584415584416 0.25873015873015875 0.00909090909090909 0.031746031746031744
2 0.5467532467532468 0.2777777777777778 0.012987012987012988 0.031746031746031744
2 0.551948051948052 0.2507936507936508 0.007792207792207792 0.026984126984126985
2 0.5571428571428572 0.23333333333333334 0.01038961038961039 0.03015873015873016
2 0.5558441558441558 0.2746031746031746 0.00909090909090909 0.02857142857142857
2 0.5636363636363636 0.273015873015873 0.012987012987012988 0.04126984126984127
2 0.5168831168831168 0.33015873015873015 0.012987012987012988 0.06349206349206349
2 0.4987012987012987 0.26031746031746034 0.01038961038961039 0.03650793650793651
2 0.4922077922077922 0.22857142857142856 0.011688311688311689 0.03333333333333333
2 0.4792207792207792 0.18888888888888888 0.005194805194805195 0.023809523809523808
2 0.5116883116883116 0.14444444444444443 0.005194805194805195 0.012698412698412698
2 0.5142857142857142 0.15555555555555556 0.007792207792207792 0.014285714285714285
2 0.5194805194805194 0.16984126984126985 0.00909090909090909 0.01904761904761905
2 0.5272727272727272 0.1761904761904762 0.006493506493506494 0.01904761904761905
2 0.538961038961039 0.1873015873015873 0.007792207792207792 0.01904761904761905
2 0.5012987012987012 0.18412698412698414 0.007792207792207792 0.014285714285714285
2 0.4727272727272727 0.15555555555555556 0.005194805194805195 0.014285714285714285
2 0.4753246753246753 0.16666666666666666 0.006493506493506494 0.012698412698412698
2 0.4766233766233766 0.19682539682539682 0.00909090909090909 0.023809523809523808
1 0.7532467532467533 0.919047619047619 0.13116883116883116 0.1619047619047619
1 0.564935064935065 0.8777777777777778 0.1012987012987013 0.24444444444444444
1 0.7090909090909091 0.7714285714285715 0.1 0.1984126984126984
1 0.7402597402597403 0.6349206349206349 0.10909090909090909 0.19523809523809524
1 0.5233766233766234 0.5285714285714286 0.06363636363636363 0.10634920634920635
1 0.5337662337662338 0.653968253968254 0.07532467532467532 0.173015873015873
1 0.6337662337662338 0.4507936507936508 0.06363636363636363 0.10634920634920635
1 0.6155844155844156 0.3682539682539683 0.04155844155844156 0.050793650793650794
1 0.5792207792207792 0.33015873015873015 0.03766233766233766 0.06190476190476191
1 0.5532467532467532 0.37777777777777777 0.048051948051948054 0.05714285714285714
1 0.5116883116883116 0.44603174603174606 0.046753246753246755 0.09047619047619047
1 0.4987012987012987 0.39206349206349206 0.04155844155844156 0.08412698412698413
1 0.5857142857142857 0.2920634920634921 0.04025974025974026 0.05714285714285714
1 0.5298701298701298 0.2920634920634921 0.03116883116883117 0.03650793650793651
1 0.4857142857142857 0.2857142857142857 0.032467532467532464 0.05396825396825397
1 0.4961038961038961 0.33174603174603173 0.03766233766233766 0.05555555555555555
1 0.474025974025974 0.23174603174603176 0.025974025974025976 0.026984126984126985
1 0.4779220779220779 0.26031746031746034 0.02987012987012987 0.047619047619047616
1 0.5194805194805194 0.2650793650793651 0.02857142857142857 0.03968253968253968
1 0.538961038961039 0.23015873015873015 0.032467532467532464 0.0380952380952381
1 0.538961038961039 0.20317460317460317 0.02207792207792208 0.01746031746031746
1 0.5181818181818182 0.2015873015873016 0.016883116883116882 0.02857142857142857
1 0.4922077922077922 0.19682539682539682 0.015584415584415584 0.022222222222222223
1 0.5025974025974026 0.2126984126984127 0.02207792207792208 0.02857142857142857
1 0.5103896103896104 0.23174603174603176 0.02727272727272727 0.0380952380952381
1 0.4688311688311688 0.20793650793650795 0.02077922077922078 0.026984126984126985
1 0.5727272727272728 0.4650793650793651 0.06103896103896104 0.11746031746031746
3 0.5428571428571428 0.33015873015873015 0.04415584415584416 0.06666666666666667
3 0.625974025974026 0.5682539682539682 0.11038961038961038 0.16666666666666666
1 0.4857142857142857 0.17777777777777778 0.015584415584415584 0.022222222222222223
1 0.4636363636363636 0.18412698412698414 0.016883116883116882 0.031746031746031744
1 0.5038961038961038 0.16507936507936508 0.02207792207792208 0.023809523809523808
1 0.5012987012987012 0.1492063492063492 0.012987012987012988 0.01746031746031746
3 0.4831168831168831 0.15396825396825398 0.016883116883116882 0.026984126984126985
1 0.4636363636363636 0.15873015873015872 0.01818181818181818 0.022222222222222223
1 0.4623376623376623 0.14285714285714285 0.011688311688311689 0.012698412698412698
1 0.4636363636363636 0.13333333333333333 0.014285714285714285 0.009523809523809525
1 0.4636363636363636 0.12380952380952381 0.012987012987012988 0.011111111111111112
1 0.4688311688311688 0.11587301587301588 0.00909090909090909 0.007936507936507936
1 0.4779220779220779 0.13015873015873017 0.01038961038961039 0.012698412698412698
1 0.4805194805194805 0.12063492063492064 0.007792207792207792 0.007936507936507936
1 0.487012987012987 0.11746031746031746 0.00909090909090909 0.012698412698412698
1 0.4766233766233766 0.10952380952380952 0.00909090909090909 0.012698412698412698
1 0.4883116883116883 0.10476190476190476 0.00909090909090909 0.009523809523809525
0 0.5 0.12063492063492064 0.01818181818181818 0.03968253968253968
1 0.5116883116883116 0.19047619047619047 0.01818181818181818 0.025396825396825397
2 0.5831168831168831 0.2571428571428571 0.006493506493506494 0.009523809523809525
2 0.564935064935065 0.2396825396825397 0.006493506493506494 0.020634920634920634
2 0.4883116883116883 0.13015873015873017 0.006493506493506494 0.011111111111111112
1 0.5025974025974026 0.09682539682539683 0.00909090909090909 0.006349206349206349