1 0.7571428571428571 0.9285714285714286 0.16493506493506493 0.14285714285714285
1 0.6896103896103896 0.7873015873015873 0.11688311688311688 0.16666666666666666
1 0.4831168831168831 0.25555555555555554 0.02857142857142857 0.06031746031746032
1 0.487012987012987 0.14603174603174604 0.01818181818181818 0.0380952380952381
1 0.4688311688311688 0.10793650793650794 0.011688311688311689 0.025396825396825397
2 0.4805194805194805 0.1253968253968254 0.00909090909090909 0.01746031746031746
2 0.4883116883116883 0.12380952380952381 0.007792207792207792 0.014285714285714285
1 0.5 0.11587301587301588 0.014285714285714285 0.026984126984126985
2 0.4779220779220779 0.11428571428571428 0.007792207792207792 0.011111111111111112
1 0.4818181818181818 0.10317460317460317 0.011688311688311689 0.025396825396825397
2 0.4896103896103896 0.1111111111111111 0.014285714285714285 0.01904761904761905
2 0.4948051948051948 0.09841269841269841 0.00909090909090909 0.014285714285714285
2 0.5025974025974026 0.10158730158730159 0.012987012987012988 0.01904761904761905
2 0.4727272727272727 0.16031746031746033 0.012987012987012988 0.020634920634920634
2 0.4805194805194805 0.20634920634920634 0.014285714285714285 0.03650793650793651
2 0.4922077922077922 0.21428571428571427 0.014285714285714285 0.02857142857142857
2 0.512987012987013 0.19523809523809524 0.014285714285714285 0.03015873015873016
2 0.574025974025974 0.26031746031746034 0.015584415584415584 0.03650793650793651
2 0.5415584415584416 0.2698412698412698 0.023376623376623377 0.02857142857142857
2 0.5376623376623376 0.2904761904761905 0.03116883116883117 0.05714285714285714
2 0.5662337662337662 0.30952380952380953 0.02727272727272727 0.05238095238095238
2 0.5974025974025974 0.3142857142857143 0.02077922077922078 0.047619047619047616
2 0.5883116883116883 0.3634920634920635 0.024675324675324677 0.05714285714285714
2 0.6337662337662338 0.44761904761904764 0.024675324675324677 0.0746031746031746
2 0.6571428571428571 0.5126984126984127 0.033766233766233764 0.07936507936507936
2 0.6961038961038961 0.5873015873015873 0.02987012987012987 0.10634920634920635
2 0.7285714285714285 0.6587301587301587 0.04935064935064935 0.10793650793650794
2 0.7584415584415585 0.7555555555555555 0.04415584415584416 0.13174603174603175
2 0.8038961038961039 0.9238095238095239 0.053246753246753244 0.1523809523809524
2 0.9077922077922078 0.9682539682539683 0.06233766233766234 0.06349206349206349
2 0.8402597402597403 0.9777777777777777 0.07012987012987013 0.044444444444444446