1 0.8389610389610389 0.8555555555555555 0.16103896103896104 0.28888888888888886
1 0.5701298701298702 0.5396825396825397 0.07662337662337662 0.16666666666666666
1 0.4896103896103896 0.10952380952380952 0.01038961038961039 0.02857142857142857
1 0.487012987012987 0.09523809523809523 0.011688311688311689 0.020634920634920634
2 0.5025974025974026 0.10634920634920635 0.006493506493506494 0.01746031746031746
2 0.5 0.1253968253968254 0.007792207792207792 0.020634920634920634
2 0.4896103896103896 0.1380952380952381 0.00909090909090909 0.020634920634920634
2 0.5103896103896104 0.1523809523809524 0.01038961038961039 0.01904761904761905
2 0.5025974025974026 0.17142857142857143 0.007792207792207792 0.026984126984126985
2 0.525974025974026 0.18571428571428572 0.005194805194805195 0.020634920634920634
2 0.5207792207792208 0.2015873015873016 0.00909090909090909 0.023809523809523808
2 0.535064935064935 0.20634920634920634 0.011688311688311689 0.03015873015873016
2 0.5506493506493506 0.24126984126984127 0.007792207792207792 0.03650793650793651
2 0.6480519480519481 0.5095238095238095 0.02987012987012987 0.06666666666666667
2 0.6571428571428571 0.5888888888888889 0.033766233766233764 0.07777777777777778
2 0.6974025974025974 0.5888888888888889 0.02207792207792208 0.09206349206349207