1 0.5454545454545454 0.6492063492063492 0.03896103896103896 0.1523809523809524
1 0.6194805194805195 0.5714285714285714 0.03896103896103896 0.12380952380952381
1 0.525974025974026 0.5380952380952381 0.03116883116883117 0.08095238095238096
1 0.512987012987013 0.4587301587301587 0.02857142857142857 0.07142857142857142
1 0.5727272727272728 0.4238095238095238 0.032467532467532464 0.07142857142857142
1 0.6350649350649351 0.4444444444444444 0.024675324675324677 0.06031746031746032
1 0.5025974025974026 0.35555555555555557 0.02077922077922078 0.06031746031746032
1 0.577922077922078 0.3619047619047619 0.025974025974025976 0.044444444444444446
1 0.5467532467532468 0.33650793650793653 0.023376623376623377 0.0380952380952381
1 0.4831168831168831 0.3142857142857143 0.02207792207792208 0.049206349206349205
1 0.4779220779220779 0.2714285714285714 0.015584415584415584 0.03015873015873016
1 0.4857142857142857 0.24444444444444444 0.014285714285714285 0.023809523809523808
1 0.5103896103896104 0.2365079365079365 0.015584415584415584 0.03650793650793651
1 0.4805194805194805 0.2253968253968254 0.012987012987012988 0.012698412698412698
3 0.5415584415584416 0.273015873015873 0.033766233766233764 0.08571428571428572
1 0.5363636363636364 0.20476190476190476 0.014285714285714285 0.03015873015873016
2 0.522077922077922 0.2 0.003896103896103896 0.01746031746031746
1 0.525974025974026 0.18412698412698414 0.011688311688311689 0.01904761904761905
1 0.5051948051948052 0.20476190476190476 0.016883116883116882 0.020634920634920634
1 0.4935064935064935 0.1761904761904762 0.01038961038961039 0.03015873015873016
3 0.4792207792207792 0.16031746031746033 0.00909090909090909 0.025396825396825397
3 0.4636363636363636 0.15873015873015872 0.00909090909090909 0.03333333333333333
2 0.4636363636363636 0.2015873015873016 0.00909090909090909 0.026984126984126985
2 0.461038961038961 0.23015873015873015 0.007792207792207792 0.031746031746031744
2 0.4688311688311688 0.23174603174603176 0.005194805194805195 0.026984126984126985
2 0.4662337662337662 0.26666666666666666 0.007792207792207792 0.04126984126984127
2 0.4948051948051948 0.42857142857142855 0.00909090909090909 0.05238095238095238
2 0.487012987012987 0.4111111111111111 0.01038961038961039 0.050793650793650794
1 0.7506493506493507 0.6825396825396826 0.05064935064935065 0.1634920634920635
1 0.8688311688311688 0.946031746031746 0.053246753246753244 0.09682539682539683
1 0.7272727272727273 0.919047619047619 0.06623376623376623 0.1619047619047619
2 0.7545454545454545 0.834920634920635 0.024675324675324677 0.12698412698412698
2 0.7883116883116883 0.9 0.02077922077922078 0.13333333333333333
2 0.8064935064935065 0.846031746031746 0.02077922077922078 0.12380952380952381
2 0.8376623376623377 0.8746031746031746 0.01948051948051948 0.07777777777777778
2 0.8714285714285714 0.8555555555555555 0.025974025974025976 0.09841269841269841
2 0.9064935064935065 0.9142857142857143 0.02987012987012987 0.09047619047619047
2 0.9584415584415584 0.8714285714285714 0.045454545454545456 0.1365079365079365
2 0.9597402597402598 0.9841269841269841 0.02727272727272727 0.031746031746031744
2 0.6636363636363637 0.9634920634920635 0.02857142857142857 0.07142857142857142
2 0.6441558441558441 0.8873015873015873 0.02857142857142857 0.1492063492063492
2 0.6636363636363637 0.8095238095238095 0.02857142857142857 0.10317460317460317
2 0.6181818181818182 0.7571428571428571 0.03116883116883117 0.12063492063492064
2 0.6480519480519481 0.6761904761904762 0.02077922077922078 0.1111111111111111
2 0.6194805194805195 0.692063492063492 0.024675324675324677 0.0761904761904762
2 0.5974025974025974 0.6523809523809524 0.023376623376623377 0.1126984126984127
2 0.5701298701298702 0.7619047619047619 0.02727272727272727 0.1126984126984127
2 0.551948051948052 0.8095238095238095 0.03116883116883117 0.10952380952380952
2 0.5168831168831168 0.7714285714285715 0.045454545454545456 0.09682539682539683
2 0.5181818181818182 0.8555555555555555 0.032467532467532464 0.12063492063492064
2 0.5168831168831168 0.9523809523809523 0.02987012987012987 0.09365079365079365
2 0.8350649350649351 0.7777777777777778 0.033766233766233764 0.13015873015873017
2 0.8 0.707936507936508 0.032467532467532464 0.13015873015873017
2 0.7077922077922078 0.765079365079365 0.025974025974025976 0.10476190476190476
2 0.6701298701298701 0.7492063492063492 0.02987012987012987 0.09682539682539683
2 0.6727272727272727 0.7031746031746032 0.01948051948051948 0.09206349206349207
2 0.6896103896103896 0.6793650793650794 0.01948051948051948 0.10634920634920635
2 0.6779220779220779 0.6238095238095238 0.01818181818181818 0.08571428571428572
2 0.6701298701298701 0.5793650793650794 0.01948051948051948 0.08888888888888889
2 0.5766233766233766 0.5904761904761905 0.02077922077922078 0.09206349206349207
2 0.5714285714285714 0.5523809523809524 0.014285714285714285 0.0746031746031746
2 0.5766233766233766 0.5126984126984127 0.014285714285714285 0.06666666666666667
2 0.5584415584415584 0.5 0.016883116883116882 0.07301587301587302
2 0.6077922077922078 0.4888888888888889 0.01038961038961039 0.04126984126984127
2 0.6428571428571429 0.4984126984126984 0.012987012987012988 0.06190476190476191
2 0.6428571428571429 0.5349206349206349 0.016883116883116882 0.06984126984126984
2 0.6714285714285714 0.44603174603174606 0.015584415584415584 0.06984126984126984
2 0.6857142857142857 0.4746031746031746 0.016883116883116882 0.06666666666666667
2 0.7012987012987013 0.5190476190476191 0.016883116883116882 0.06825396825396825
2 0.7116883116883117 0.580952380952381 0.01948051948051948 0.05873015873015873
2 0.7675324675324675 0.6 0.02077922077922078 0.050793650793650794
2 0.5441558441558442 0.45555555555555555 0.01818181818181818 0.06507936507936508
1 0.4649350649350649 0.18412698412698414 0.011688311688311689 0.026984126984126985
2 0.4753246753246753 0.18888888888888888 0.006493506493506494 0.022222222222222223
2 0.4844155844155844 0.1984126984126984 0.006493506493506494 0.03015873015873016
1 0.4753246753246753 0.20793650793650795 0.01038961038961039 0.015873015873015872
1 0.5662337662337662 0.2714285714285714 0.01038961038961039 0.03015873015873016
2 0.6545454545454545 0.40793650793650793 0.01038961038961039 0.05873015873015873
2 0.6025974025974026 0.4222222222222222 0.012987012987012988 0.06825396825396825
2 0.6441558441558441 0.36507936507936506 0.011688311688311689 0.0380952380952381
2 0.6025974025974026 0.3492063492063492 0.01038961038961039 0.0380952380952381
2 0.6012987012987013 0.37936507936507935 0.00909090909090909 0.023809523809523808
2 0.6324675324675325 0.3888888888888889 0.007792207792207792 0.022222222222222223
2 0.535064935064935 0.4158730158730159 0.011688311688311689 0.05555555555555555
2 0.5506493506493506 0.38412698412698415 0.01038961038961039 0.0380952380952381
2 0.5402597402597402 0.3984126984126984 0.015584415584415584 0.05238095238095238
2 0.474025974025974 0.1253968253968254 0.006493506493506494 0.031746031746031744
2 0.4831168831168831 0.11746031746031746 0.003896103896103896 0.012698412698412698
2 0.487012987012987 0.13174603174603175 0.003896103896103896 0.015873015873015872
2 0.4844155844155844 0.12222222222222222 0.003896103896103896 0.014285714285714285
2 0.4922077922077922 0.10952380952380952 0.005194805194805195 0.01904761904761905
2 0.4896103896103896 0.11428571428571428 0.003896103896103896 0.011111111111111112
1 0.4948051948051948 0.11746031746031746 0.006493506493506494 0.011111111111111112
2 0.522077922077922 0.21746031746031746 0.00909090909090909 0.031746031746031744
2 0.5194805194805194 0.34444444444444444 0.01038961038961039 0.06190476190476191
2 0.5324675324675324 0.3619047619047619 0.007792207792207792 0.04285714285714286
2 0.5038961038961038 0.3 0.006493506493506494 0.04126984126984127
2 0.5103896103896104 0.28253968253968254 0.007792207792207792 0.03650793650793651
2 0.6155844155844156 0.38571428571428573 0.011688311688311689 0.046031746031746035
2 0.6285714285714286 0.36666666666666664 0.01038961038961039 0.03492063492063492
2 0.6168831168831169 0.35555555555555557 0.00909090909090909 0.02857142857142857
2 0.6246753246753247 0.34285714285714286 0.01038961038961039 0.03333333333333333
2 0.6155844155844156 0.3238095238095238 0.01038961038961039 0.05238095238095238
2 0.5675324675324676 0.32222222222222224 0.00909090909090909 0.03492063492063492
2 0.5805194805194805 0.326984126984127 0.00909090909090909 0.03492063492063492
2 0.5922077922077922 0.30158730158730157 0.007792207792207792 0.03968253968253968
2 0.6038961038961039 0.326984126984127 0.007792207792207792 0.0380952380952381
2 0.6051948051948052 0.2984126984126984 0.00909090909090909 0.03333333333333333
2 0.509090909090909 0.1873015873015873 0.006493506493506494 0.025396825396825397
2 0.5155844155844156 0.1746031746031746 0.006493506493506494 0.022222222222222223
2 0.5805194805194805 0.2650793650793651 0.007792207792207792 0.03650793650793651
2 0.5844155844155844 0.29365079365079366 0.006493506493506494 0.03650793650793651
2 0.5753246753246753 0.29365079365079366 0.007792207792207792 0.026984126984126985
2 0.574025974025974 0.2507936507936508 0.005194805194805195 0.03015873015873016
2 0.5688311688311688 0.24126984126984127 0.006493506493506494 0.025396825396825397
2 0.5636363636363636 0.2507936507936508 0.006493506493506494 0.01746031746031746
2 0.5792207792207792 0.24444444444444444 0.003896103896103896 0.01746031746031746
2 0.5753246753246753 0.23333333333333334 0.006493506493506494 0.014285714285714285
2 0.5623376623376624 0.23492063492063492 0.005194805194805195 0.020634920634920634
2 0.5584415584415584 0.2253968253968254 0.005194805194805195 0.022222222222222223
2 0.5493506493506494 0.2222222222222222 0.005194805194805195 0.01746031746031746
2 0.5038961038961038 0.18253968253968253 0.005194805194805195 0.022222222222222223
2 0.5077922077922078 0.16825396825396827 0.003896103896103896 0.01746031746031746
2 0.5012987012987012 0.16507936507936508 0.005194805194805195 0.020634920634920634
1 0.4649350649350649 0.1380952380952381 0.01038961038961039 0.014285714285714285
3 0.4753246753246753 0.10793650793650794 0.01038961038961039 0.02857142857142857
2 0.4883116883116883 0.15079365079365079 0.005194805194805195 0.01904761904761905
1 0.4961038961038961 0.13174603174603175 0.00909090909090909 0.01904761904761905
1 0.4948051948051948 0.14761904761904762 0.007792207792207792 0.015873015873015872
2 0.5025974025974026 0.1492063492063492 0.003896103896103896 0.015873015873015872
2 0.522077922077922 0.17142857142857143 0.003896103896103896 0.020634920634920634
2 0.5 0.2571428571428571 0.007792207792207792 0.02857142857142857
2 0.5077922077922078 0.13968253968253969 0.003896103896103896 0.023809523809523808
2 0.512987012987013 0.14761904761904762 0.005194805194805195 0.023809523809523808
2 0.4987012987012987 0.1111111111111111 0.003896103896103896 0.01904761904761905
2 0.5064935064935064 0.12698412698412698 0.006493506493506494 0.022222222222222223