2 0.9753246753246754 0.9571428571428572 0.04415584415584416 0.08412698412698413
2 0.9116883116883117 0.9365079365079365 0.04155844155844156 0.1253968253968254
2 0.8688311688311688 0.953968253968254 0.03116883116883117 0.09047619047619047
2 0.7987012987012987 0.9126984126984127 0.033766233766233764 0.14285714285714285
2 0.8636363636363636 0.8428571428571429 0.03116883116883117 0.12380952380952381
2 0.8272727272727273 0.8825396825396825 0.024675324675324677 0.14444444444444443
2 0.8311688311688312 0.7746031746031746 0.02077922077922078 0.10317460317460317
2 0.7896103896103897 0.7841269841269841 0.03506493506493506 0.11746031746031746
2 0.7649350649350649 0.8206349206349206 0.01948051948051948 0.12380952380952381
2 0.7428571428571429 0.8428571428571429 0.033766233766233764 0.1253968253968254
2 0.6545454545454545 0.773015873015873 0.01948051948051948 0.10158730158730159
2 0.6961038961038961 0.7571428571428571 0.02727272727272727 0.06666666666666667
2 0.6363636363636364 0.7222222222222222 0.02077922077922078 0.11587301587301588
2 0.638961038961039 0.6253968253968254 0.01948051948051948 0.09682539682539683
2 0.6090909090909091 0.6238095238095238 0.02987012987012987 0.09682539682539683
2 0.5675324675324676 0.5825396825396826 0.01948051948051948 0.03333333333333333
2 0.8064935064935065 0.7063492063492064 0.02207792207792208 0.12857142857142856
2 0.7441558441558441 0.7301587301587301 0.02987012987012987 0.10158730158730159
2 0.7753246753246753 0.6857142857142857 0.033766233766233764 0.09206349206349207
2 0.7480519480519481 0.6666666666666666 0.02987012987012987 0.09047619047619047
2 0.7324675324675325 0.6317460317460317 0.024675324675324677 0.10793650793650794
2 0.7623376623376623 0.6174603174603175 0.01948051948051948 0.08253968253968254
2 0.7337662337662337 0.5603174603174603 0.01818181818181818 0.08412698412698413
2 0.6909090909090909 0.5666666666666667 0.02077922077922078 0.07142857142857142
2 0.6597402597402597 0.553968253968254 0.02727272727272727 0.06984126984126984
2 0.7103896103896103 0.5523809523809524 0.025974025974025976 0.09365079365079365
2 0.6883116883116883 0.5095238095238095 0.023376623376623377 0.06984126984126984
2 0.7051948051948052 0.4777777777777778 0.023376623376623377 0.0873015873015873
2 0.561038961038961 0.5142857142857142 0.02857142857142857 0.06984126984126984
2 0.6090909090909091 0.41904761904761906 0.025974025974025976 0.08571428571428572
2 0.5792207792207792 0.45396825396825397 0.01818181818181818 0.06825396825396825
2 0.5428571428571428 0.4380952380952381 0.016883116883116882 0.05238095238095238
2 0.538961038961039 0.47619047619047616 0.014285714285714285 0.049206349206349205
2 0.5623376623376624 0.45555555555555555 0.014285714285714285 0.06190476190476191
2 0.4831168831168831 0.39365079365079364 0.016883116883116882 0.06349206349206349
2 0.5038961038961038 0.373015873015873 0.011688311688311689 0.026984126984126985
2 0.5181818181818182 0.36984126984126986 0.015584415584415584 0.049206349206349205
2 0.674025974025974 0.4158730158730159 0.015584415584415584 0.046031746031746035
2 0.5831168831168831 0.3476190476190476 0.015584415584415584 0.044444444444444446
2 0.5701298701298702 0.3333333333333333 0.014285714285714285 0.03650793650793651
2 0.6415584415584416 0.3603174603174603 0.01818181818181818 0.03492063492063492
2 0.4818181818181818 0.31746031746031744 0.014285714285714285 0.023809523809523808
2 0.4766233766233766 0.29523809523809524 0.011688311688311689 0.03492063492063492
2 0.5558441558441558 0.2873015873015873 0.014285714285714285 0.03650793650793651
2 0.5584415584415584 0.22380952380952382 0.011688311688311689 0.023809523809523808
2 0.5662337662337662 0.22063492063492063 0.015584415584415584 0.022222222222222223
2 0.5662337662337662 0.24444444444444444 0.014285714285714285 0.026984126984126985
2 0.5558441558441558 0.24126984126984127 0.011688311688311689 0.014285714285714285
2 0.4922077922077922 0.22063492063492063 0.01948051948051948 0.025396825396825397
2 0.5272727272727272 0.18571428571428572 0.016883116883116882 0.01746031746031746
2 0.5116883116883116 0.14761904761904762 0.00909090909090909 0.011111111111111112
2 0.4779220779220779 0.15396825396825398 0.012987012987012988 0.009523809523809525
2 0.4883116883116883 0.15555555555555556 0.00909090909090909 0.020634920634920634
2 0.5012987012987012 0.13174603174603175 0.01038961038961039 0.014285714285714285
2 0.4883116883116883 0.09841269841269841 0.01038961038961039 0.014285714285714285
2 0.5077922077922078 0.09682539682539683 0.00909090909090909 0.014285714285714285
2 0.512987012987013 0.10476190476190476 0.03766233766233766 0.015873015873015872
2 0.5025974025974026 0.1126984126984127 0.014285714285714285 0.007936507936507936
2 0.5142857142857142 0.09206349206349207 0.01038961038961039 0.014285714285714285
2 0.4753246753246753 0.13333333333333333 0.011688311688311689 0.01746031746031746
2 0.487012987012987 0.13333333333333333 0.00909090909090909 0.011111111111111112
2 0.4844155844155844 0.12222222222222222 0.005194805194805195 0.011111111111111112
2 0.4935064935064935 0.12063492063492064 0.006493506493506494 0.007936507936507936
2 0.4948051948051948 0.28253968253968254 0.014285714285714285 0.014285714285714285
2 0.5181818181818182 0.3142857142857143 0.00909090909090909 0.025396825396825397
1 0.7168831168831169 0.8888888888888888 0.09480519480519481 0.2222222222222222
3 0.5688311688311688 0.7714285714285715 0.1038961038961039 0.35714285714285715
1 0.6909090909090909 0.6523809523809524 0.07922077922077922 0.16984126984126985
1 0.5298701298701298 0.5634920634920635 0.046753246753246755 0.12857142857142856
1 0.6012987012987013 0.5301587301587302 0.05844155844155844 0.10634920634920635
1 0.6363636363636364 0.5095238095238095 0.06623376623376623 0.11746031746031746
1 0.6532467532467533 0.4380952380952381 0.06493506493506493 0.10634920634920635
1 0.5116883116883116 0.4396825396825397 0.05454545454545454 0.12380952380952381
1 0.574025974025974 0.3968253968253968 0.04285714285714286 0.09047619047619047
1 0.6142857142857143 0.3349206349206349 0.045454545454545456 0.08095238095238096
1 0.5753246753246753 0.2777777777777778 0.024675324675324677 0.06349206349206349
1 0.5441558441558442 0.3492063492063492 0.03896103896103896 0.06666666666666667
1 0.4961038961038961 0.32222222222222224 0.04155844155844156 0.07777777777777778
1 0.548051948051948 0.34444444444444444 0.03896103896103896 0.0761904761904762
1 0.5272727272727272 0.29365079365079366 0.03116883116883117 0.05873015873015873
1 0.4896103896103896 0.26031746031746034 0.03896103896103896 0.05555555555555555
1 0.5103896103896104 0.24761904761904763 0.023376623376623377 0.049206349206349205
1 0.4688311688311688 0.22698412698412698 0.024675324675324677 0.05396825396825397
1 0.4688311688311688 0.18412698412698414 0.025974025974025976 0.02857142857142857
1 0.509090909090909 0.20476190476190476 0.014285714285714285 0.023809523809523808
1 0.5285714285714286 0.22380952380952382 0.02207792207792208 0.0380952380952381
1 0.5441558441558442 0.24285714285714285 0.023376623376623377 0.05555555555555555
1 0.5467532467532468 0.19206349206349208 0.01948051948051948 0.03968253968253968
1 0.5038961038961038 0.1873015873015873 0.01948051948051948 0.01746031746031746
1 0.5051948051948052 0.173015873015873 0.033766233766233764 0.022222222222222223
1 0.5025974025974026 0.15079365079365079 0.02207792207792208 0.020634920634920634
1 0.5 0.15079365079365079 0.02207792207792208 0.022222222222222223
1 0.4675324675324675 0.14126984126984127 0.016883116883116882 0.025396825396825397
1 0.4922077922077922 0.1380952380952381 0.01038961038961039 0.015873015873015872
1 0.4688311688311688 0.10793650793650794 0.014285714285714285 0.026984126984126985
1 0.4766233766233766 0.10158730158730159 0.01038961038961039 0.01746031746031746
1 0.5025974025974026 0.07777777777777778 0.01038961038961039 0.014285714285714285
1 0.4909090909090909 0.1126984126984127 0.01038961038961039 0.012698412698412698