2 0.6948051948051948 0.9666666666666667 0.053246753246753244 0.06507936507936508
2 0.7077922077922078 0.7952380952380952 0.04935064935064935 0.15079365079365079
2 0.7207792207792207 0.6476190476190476 0.03636363636363636 0.12857142857142856
2 0.6636363636363637 0.5142857142857142 0.033766233766233764 0.10476190476190476
2 0.577922077922078 0.4015873015873016 0.02727272727272727 0.08571428571428572
2 0.6142857142857143 0.3904761904761905 0.024675324675324677 0.0873015873015873
2 0.5324675324675324 0.30634920634920637 0.023376623376623377 0.05714285714285714
3 0.5038961038961038 0.3952380952380952 0.06883116883116883 0.15714285714285714
2 0.5597402597402598 0.2650793650793651 0.015584415584415584 0.05396825396825397
2 0.5493506493506494 0.24285714285714285 0.015584415584415584 0.046031746031746035
2 0.4987012987012987 0.22857142857142856 0.015584415584415584 0.05396825396825397
1 0.5246753246753246 0.25873015873015875 0.02987012987012987 0.06031746031746032
2 0.5324675324675324 0.2126984126984127 0.016883116883116882 0.03968253968253968
2 0.487012987012987 0.15873015873015872 0.01038961038961039 0.031746031746031744
2 0.4909090909090909 0.14126984126984127 0.01038961038961039 0.020634920634920634
2 0.4831168831168831 0.1349206349206349 0.00909090909090909 0.023809523809523808
2 0.4909090909090909 0.1253968253968254 0.006493506493506494 0.01904761904761905
2 0.5025974025974026 0.13015873015873017 0.00909090909090909 0.023809523809523808
2 0.5038961038961038 0.10793650793650794 0.006493506493506494 0.01904761904761905
2 0.4922077922077922 0.10952380952380952 0.005194805194805195 0.01904761904761905
2 0.4896103896103896 0.09841269841269841 0.005194805194805195 0.01904761904761905
2 0.5 0.10317460317460317 0.006493506493506494 0.01746031746031746
2 0.5051948051948052 0.09682539682539683 0.006493506493506494 0.015873015873015872