2 0.5376623376623376 0.6222222222222222 0.02857142857142857 0.12380952380952381
2 0.6792207792207792 0.6238095238095238 0.03766233766233766 0.1365079365079365
2 0.6 0.4253968253968254 0.023376623376623377 0.08571428571428572
2 0.6350649350649351 0.4222222222222222 0.023376623376623377 0.07777777777777778
1 0.564935064935065 0.3047619047619048 0.03636363636363636 0.0761904761904762
2 0.7844155844155845 0.8285714285714286 0.03766233766233766 0.16666666666666666
1 0.7259740259740259 0.926984126984127 0.08571428571428572 0.14603174603174604
2 0.4896103896103896 0.14444444444444443 0.01038961038961039 0.026984126984126985
2 0.4714285714285714 0.12857142857142856 0.006493506493506494 0.020634920634920634
2 0.4974025974025974 0.11746031746031746 0.005194805194805195 0.01746031746031746
2 0.4948051948051948 0.10476190476190476 0.003896103896103896 0.01904761904761905
2 0.5051948051948052 0.1 0.003896103896103896 0.014285714285714285
2 0.5064935064935064 0.10476190476190476 0.005194805194805195 0.015873015873015872