3 0.5675324675324676 0.765079365079365 0.11428571428571428 0.3888888888888889
2 0.5337662337662338 0.44285714285714284 0.02077922077922078 0.08571428571428572
2 0.587012987012987 0.33650793650793653 0.02207792207792208 0.06984126984126984
2 0.4909090909090909 0.28095238095238095 0.01818181818181818 0.06031746031746032
2 0.5558441558441558 0.25873015873015875 0.015584415584415584 0.049206349206349205
2 0.4896103896103896 0.24126984126984127 0.014285714285714285 0.0380952380952381
2 0.5181818181818182 0.21746031746031746 0.015584415584415584 0.03333333333333333
2 0.5064935064935064 0.18412698412698414 0.011688311688311689 0.02857142857142857
2 0.509090909090909 0.14444444444444443 0.005194805194805195 0.022222222222222223
1 0.487012987012987 0.17142857142857143 0.01818181818181818 0.04126984126984127
2 0.4948051948051948 0.15396825396825398 0.012987012987012988 0.025396825396825397