2 0.8987012987012987 0.9650793650793651 0.04155844155844156 0.06984126984126984
2 0.8103896103896104 0.8634920634920635 0.04935064935064935 0.16666666666666666
2 0.7506493506493507 0.807936507936508 0.04285714285714286 0.1492063492063492
2 0.9636363636363636 0.7555555555555555 0.033766233766233764 0.11904761904761904
2 0.977922077922078 0.6841269841269841 0.02727272727272727 0.08888888888888889
2 0.9636363636363636 0.5952380952380952 0.023376623376623377 0.0746031746031746
2 0.7467532467532467 0.6428571428571429 0.04155844155844156 0.13015873015873017
2 0.6987012987012987 0.6666666666666666 0.03116883116883117 0.10952380952380952
2 0.7441558441558441 0.4777777777777778 0.03896103896103896 0.08888888888888889
2 0.6987012987012987 0.5111111111111111 0.025974025974025976 0.08571428571428572
1 0.6363636363636364 0.49047619047619045 0.06883116883116883 0.11746031746031746
2 0.6675324675324675 0.48095238095238096 0.02077922077922078 0.07142857142857142
2 0.6779220779220779 0.4492063492063492 0.02077922077922078 0.05714285714285714
2 0.6467532467532467 0.4111111111111111 0.012987012987012988 0.05555555555555555
1 0.6103896103896104 0.4015873015873016 0.046753246753246755 0.08571428571428572
2 0.6415584415584416 0.38571428571428573 0.023376623376623377 0.06984126984126984
2 0.6155844155844156 0.35555555555555557 0.016883116883116882 0.03650793650793651
2 0.6 0.326984126984127 0.015584415584415584 0.05238095238095238
2 0.6168831168831169 0.33650793650793653 0.015584415584415584 0.026984126984126985
1 0.5662337662337662 0.42063492063492064 0.05064935064935065 0.12222222222222222
2 0.5818181818181818 0.36666666666666664 0.012987012987012988 0.05555555555555555
2 0.5714285714285714 0.3476190476190476 0.015584415584415584 0.046031746031746035
1 0.4961038961038961 0.373015873015873 0.03896103896103896 0.08253968253968254
2 0.5103896103896104 0.3396825396825397 0.014285714285714285 0.03968253968253968
2 0.487012987012987 0.32857142857142857 0.01038961038961039 0.026984126984126985
1 0.4896103896103896 0.2920634920634921 0.032467532467532464 0.06349206349206349
1 0.474025974025974 0.23333333333333334 0.02857142857142857 0.04285714285714286
2 0.4844155844155844 0.24444444444444444 0.01038961038961039 0.04126984126984127
2 0.5961038961038961 0.28888888888888886 0.016883116883116882 0.03015873015873016
1 0.525974025974026 0.30158730158730157 0.03896103896103896 0.06666666666666667
2 0.5441558441558442 0.2714285714285714 0.00909090909090909 0.03333333333333333
1 0.5662337662337662 0.29365079365079366 0.03766233766233766 0.07777777777777778
2 0.574025974025974 0.25873015873015875 0.012987012987012988 0.025396825396825397
2 0.538961038961039 0.2619047619047619 0.01038961038961039 0.03015873015873016
1 0.509090909090909 0.24126984126984127 0.02077922077922078 0.044444444444444446
2 0.522077922077922 0.23809523809523808 0.007792207792207792 0.025396825396825397
2 0.538961038961039 0.23809523809523808 0.01038961038961039 0.025396825396825397
1 0.4948051948051948 0.2015873015873016 0.023376623376623377 0.049206349206349205
2 0.5077922077922078 0.2 0.01038961038961039 0.026984126984126985
1 0.5285714285714286 0.2111111111111111 0.02987012987012987 0.03968253968253968
2 0.5376623376623376 0.19206349206349208 0.003896103896103896 0.01904761904761905
1 0.5064935064935064 0.1619047619047619 0.014285714285714285 0.01904761904761905
1 0.5246753246753246 0.173015873015873 0.01818181818181818 0.031746031746031744
1 0.5077922077922078 0.15079365079365079 0.015584415584415584 0.01904761904761905
2 0.5194805194805194 0.15079365079365079 0.01038961038961039 0.012698412698412698
1 0.4701298701298701 0.17777777777777778 0.01818181818181818 0.031746031746031744
1 0.4623376623376623 0.16031746031746033 0.014285714285714285 0.01904761904761905
1 0.487012987012987 0.1634920634920635 0.014285714285714285 0.012698412698412698
2 0.4805194805194805 0.1619047619047619 0.01038961038961039 0.023809523809523808
1 0.564935064935065 0.8777777777777778 0.10649350649350649 0.24444444444444444
1 0.6857142857142857 0.8063492063492064 0.11428571428571428 0.22857142857142856
1 0.5324675324675324 0.6095238095238096 0.05454545454545454 0.1746031746031746
1 0.5441558441558442 0.36507936507936506 0.04155844155844156 0.07142857142857142
1 0.4623376623376623 0.2 0.02207792207792208 0.026984126984126985
1 0.4649350649350649 0.14603174603174604 0.015584415584415584 0.01746031746031746
1 0.4649350649350649 0.13174603174603175 0.015584415584415584 0.01746031746031746
1 0.4649350649350649 0.12063492063492064 0.011688311688311689 0.012698412698412698
1 0.4662337662337662 0.1111111111111111 0.007792207792207792 0.006349206349206349
3 0.4857142857142857 0.1253968253968254 0.02077922077922078 0.04126984126984127