2 0.8506493506493507 0.926984126984127 0.05194805194805195 0.14603174603174604
2 0.7792207792207793 0.7936507936507936 0.04415584415584416 0.12380952380952381
2 0.8025974025974026 0.7698412698412699 0.03896103896103896 0.1349206349206349
2 0.7467532467532467 0.6111111111111112 0.02857142857142857 0.09047619047619047
2 0.7662337662337663 0.6793650793650794 0.045454545454545456 0.10952380952380952
2 0.6948051948051948 0.6682539682539682 0.033766233766233764 0.06825396825396825
2 0.7025974025974026 0.6206349206349207 0.02987012987012987 0.09682539682539683
2 0.6961038961038961 0.5603174603174603 0.025974025974025976 0.07777777777777778
2 0.6948051948051948 0.5142857142857142 0.025974025974025976 0.07301587301587302
2 0.6480519480519481 0.5476190476190477 0.02727272727272727 0.09523809523809523
2 0.522077922077922 0.5857142857142857 0.02727272727272727 0.09206349206349207
2 0.561038961038961 0.6031746031746031 0.01948051948051948 0.050793650793650794
2 0.5532467532467532 0.5666666666666667 0.025974025974025976 0.0873015873015873
2 0.5038961038961038 0.5253968253968254 0.023376623376623377 0.09047619047619047
2 0.6311688311688312 0.4777777777777778 0.025974025974025976 0.08571428571428572
2 0.6649350649350649 0.4873015873015873 0.024675324675324677 0.08253968253968254
2 0.674025974025974 0.4396825396825397 0.01948051948051948 0.03492063492063492
2 0.6467532467532467 0.4253968253968254 0.01948051948051948 0.08412698412698413
2 0.6220779220779221 0.4158730158730159 0.023376623376623377 0.07301587301587302
2 0.6233766233766234 0.36507936507936506 0.02077922077922078 0.05396825396825397
2 0.5792207792207792 0.2984126984126984 0.014285714285714285 0.04126984126984127
2 0.525974025974026 0.2984126984126984 0.016883116883116882 0.05396825396825397
2 0.4792207792207792 0.37777777777777777 0.012987012987012988 0.05714285714285714
2 0.4805194805194805 0.2619047619047619 0.006493506493506494 0.015873015873015872
2 0.4818181818181818 0.2920634920634921 0.014285714285714285 0.044444444444444446
2 0.5142857142857142 0.24761904761904763 0.014285714285714285 0.04285714285714286
2 0.4792207792207792 0.22063492063492063 0.01038961038961039 0.03492063492063492
2 0.4948051948051948 0.20634920634920634 0.01038961038961039 0.03333333333333333
2 0.5194805194805194 0.1984126984126984 0.00909090909090909 0.03333333333333333
2 0.5337662337662338 0.19523809523809524 0.011688311688311689 0.031746031746031744
2 0.5155844155844156 0.16666666666666666 0.01038961038961039 0.023809523809523808
2 0.4831168831168831 0.1365079365079365 0.007792207792207792 0.01904761904761905
2 0.5077922077922078 0.14444444444444443 0.00909090909090909 0.02857142857142857
2 0.4896103896103896 0.11587301587301588 0.005194805194805195 0.015873015873015872
2 0.4805194805194805 0.12063492063492064 0.003896103896103896 0.014285714285714285
2 0.4922077922077922 0.1253968253968254 0.003896103896103896 0.011111111111111112
2 0.5012987012987012 0.11428571428571428 0.007792207792207792 0.01746031746031746
2 0.5025974025974026 0.13015873015873017 0.006493506493506494 0.015873015873015872
2 0.5714285714285714 0.26666666666666666 0.011688311688311689 0.04126984126984127
3 0.4662337662337662 0.1349206349206349 0.016883116883116882 0.047619047619047616
1 0.4935064935064935 0.1492063492063492 0.01948051948051948 0.03650793650793651
1 0.5467532467532468 0.26666666666666666 0.03506493506493506 0.06031746031746032
1 0.4935064935064935 0.30793650793650795 0.03506493506493506 0.06349206349206349
1 0.5116883116883116 0.3682539682539683 0.04415584415584416 0.09206349206349207
1 0.5064935064935064 0.44126984126984126 0.04415584415584416 0.09841269841269841
1 0.548051948051948 0.7222222222222222 0.07792207792207792 0.20476190476190476
1 0.6272727272727273 0.6460317460317461 0.07792207792207792 0.18571428571428572
1 0.5948051948051948 0.5333333333333333 0.06753246753246753 0.12857142857142856
3 0.5844155844155844 0.40476190476190477 0.07532467532467532 0.18253968253968253
3 0.7389610389610389 0.8412698412698413 0.2025974025974026 0.31587301587301586
2 0.5064935064935064 0.09841269841269841 0.005194805194805195 0.014285714285714285