1 0.8038961038961039 0.9206349206349206 0.12077922077922078 0.15714285714285714
1 0.6610389610389611 0.5841269841269842 0.09480519480519481 0.1365079365079365
1 0.6415584415584416 0.45555555555555555 0.07012987012987013 0.10158730158730159
1 0.5714285714285714 0.4015873015873016 0.05194805194805195 0.08095238095238096
1 0.5532467532467532 0.34444444444444444 0.032467532467532464 0.05555555555555555
1 0.5857142857142857 0.30952380952380953 0.033766233766233764 0.06984126984126984
1 0.5454545454545454 0.3111111111111111 0.03116883116883117 0.046031746031746035
1 0.5402597402597402 0.28095238095238095 0.03116883116883117 0.0380952380952381
1 0.5298701298701298 0.2571428571428571 0.024675324675324677 0.044444444444444446
2 0.5558441558441558 0.2714285714285714 0.015584415584415584 0.0380952380952381
1 0.5571428571428572 0.2571428571428571 0.025974025974025976 0.03650793650793651
1 0.548051948051948 0.22857142857142856 0.024675324675324677 0.04126984126984127
1 0.4961038961038961 0.173015873015873 0.016883116883116882 0.03333333333333333
1 0.4961038961038961 0.16507936507936508 0.015584415584415584 0.020634920634920634
1 0.509090909090909 0.15079365079365079 0.015584415584415584 0.023809523809523808
1 0.4883116883116883 0.15555555555555556 0.00909090909090909 0.03015873015873016
1 0.487012987012987 0.14444444444444443 0.012987012987012988 0.022222222222222223
1 0.487012987012987 0.1349206349206349 0.01818181818181818 0.011111111111111112
1 0.487012987012987 0.12698412698412698 0.014285714285714285 0.020634920634920634
1 0.5012987012987012 0.18888888888888888 0.02077922077922078 0.03333333333333333
3 0.4688311688311688 0.20952380952380953 0.03506493506493506 0.07301587301587302
1 0.4649350649350649 0.19047619047619047 0.025974025974025976 0.03492063492063492
3 0.4675324675324675 0.14444444444444443 0.02857142857142857 0.05238095238095238
3 0.4935064935064935 0.2571428571428571 0.03506493506493506 0.09365079365079365
3 0.509090909090909 0.36666666666666664 0.04415584415584416 0.1365079365079365
1 0.5181818181818182 0.23492063492063492 0.016883116883116882 0.03333333333333333
2 0.487012987012987 0.11587301587301588 0.007792207792207792 0.009523809523809525
2 0.4922077922077922 0.11587301587301588 0.007792207792207792 0.009523809523809525
2 0.5012987012987012 0.1365079365079365 0.006493506493506494 0.009523809523809525
2 0.5012987012987012 0.13015873015873017 0.005194805194805195 0.011111111111111112
2 0.4987012987012987 0.12063492063492064 0.003896103896103896 0.009523809523809525
2 0.4987012987012987 0.10476190476190476 0.006493506493506494 0.012698412698412698
2 0.5051948051948052 0.12857142857142856 0.005194805194805195 0.007936507936507936
2 0.5025974025974026 0.12063492063492064 0.003896103896103896 0.009523809523809525
2 0.509090909090909 0.1365079365079365 0.005194805194805195 0.009523809523809525
2 0.5064935064935064 0.12222222222222222 0.003896103896103896 0.007936507936507936
2 0.5077922077922078 0.10634920634920635 0.007792207792207792 0.014285714285714285
1 0.509090909090909 0.09523809523809523 0.016883116883116882 0.031746031746031744
3 0.5571428571428572 0.692063492063492 0.10779220779220779 0.4015873015873016
2 0.9454545454545454 0.9634920634920635 0.05194805194805195 0.07301587301587302
2 0.8974025974025974 0.9619047619047619 0.05714285714285714 0.0746031746031746
2 0.7155844155844155 0.9555555555555556 0.03766233766233766 0.07301587301587302
2 0.6701298701298701 0.8746031746031746 0.04415584415584416 0.14603174603174604
2 0.7168831168831169 0.834920634920635 0.02987012987012987 0.14285714285714285
2 0.8714285714285714 0.8650793650793651 0.04025974025974026 0.1126984126984127
2 0.8701298701298701 0.807936507936508 0.05714285714285714 0.11587301587301588
2 0.8025974025974026 0.792063492063492 0.04415584415584416 0.08888888888888889
2 0.7766233766233767 0.8095238095238095 0.053246753246753244 0.09047619047619047
2 0.6844155844155844 0.7634920634920634 0.03636363636363636 0.09841269841269841
2 0.7038961038961039 0.7317460317460317 0.02857142857142857 0.13015873015873017
2 0.6350649350649351 0.7523809523809524 0.03506493506493506 0.13333333333333333
2 0.7493506493506493 0.7253968253968254 0.03766233766233766 0.1
2 0.7948051948051948 0.7301587301587301 0.03636363636363636 0.1111111111111111
2 0.7324675324675325 0.6523809523809524 0.03896103896103896 0.09682539682539683
2 0.7922077922077922 0.6682539682539682 0.03506493506493506 0.08412698412698413
2 0.7493506493506493 0.6142857142857143 0.03766233766233766 0.10793650793650794
2 0.6142857142857143 0.6111111111111112 0.03506493506493506 0.08888888888888889
2 0.6935064935064935 0.5523809523809524 0.03116883116883117 0.09523809523809523
2 0.5987012987012987 0.5285714285714286 0.023376623376623377 0.07142857142857142
2 0.6116883116883117 0.5063492063492063 0.016883116883116882 0.08253968253968254
2 0.7 0.5031746031746032 0.015584415584415584 0.05555555555555555
2 0.6883116883116883 0.48253968253968255 0.024675324675324677 0.06031746031746032
2 0.4974025974025974 0.5904761904761905 0.02207792207792208 0.08571428571428572
2 0.5012987012987012 0.5126984126984127 0.024675324675324677 0.07142857142857142
2 0.5662337662337662 0.4746031746031746 0.024675324675324677 0.05714285714285714
2 0.6 0.45714285714285713 0.014285714285714285 0.05555555555555555
2 0.5909090909090909 0.43492063492063493 0.01038961038961039 0.06349206349206349
2 0.538961038961039 0.3761904761904762 0.016883116883116882 0.05873015873015873
2 0.6844155844155844 0.4523809523809524 0.02727272727272727 0.03968253968253968
2 0.6753246753246753 0.42698412698412697 0.02207792207792208 0.047619047619047616
2 0.6519480519480519 0.4142857142857143 0.016883116883116882 0.0380952380952381
2 0.6597402597402597 0.4031746031746032 0.014285714285714285 0.03333333333333333
2 0.4753246753246753 0.32222222222222224 0.01818181818181818 0.05396825396825397
2 0.4701298701298701 0.2968253968253968 0.02077922077922078 0.03650793650793651
2 0.4766233766233766 0.11746031746031746 0.01038961038961039 0.020634920634920634
2 0.4883116883116883 0.10317460317460317 0.005194805194805195 0.012698412698412698
2 0.6077922077922078 0.3952380952380952 0.015584415584415584 0.04285714285714286
2 0.5922077922077922 0.38412698412698415 0.014285714285714285 0.04285714285714286
2 0.6285714285714286 0.3873015873015873 0.016883116883116882 0.02857142857142857
2 0.6428571428571429 0.38571428571428573 0.012987012987012988 0.050793650793650794
2 0.6246753246753247 0.3603174603174603 0.01818181818181818 0.03650793650793651
2 0.612987012987013 0.3825396825396825 0.01818181818181818 0.047619047619047616
2 0.6116883116883117 0.3412698412698413 0.024675324675324677 0.026984126984126985
2 0.6025974025974026 0.353968253968254 0.02077922077922078 0.022222222222222223
2 0.5883116883116883 0.35873015873015873 0.016883116883116882 0.02857142857142857
2 0.5792207792207792 0.34285714285714286 0.016883116883116882 0.03492063492063492
2 0.5675324675324676 0.30952380952380953 0.015584415584415584 0.03650793650793651
2 0.6077922077922078 0.30793650793650795 0.015584415584415584 0.04285714285714286
2 0.612987012987013 0.31746031746031744 0.015584415584415584 0.031746031746031744
2 0.5987012987012987 0.2904761904761905 0.011688311688311689 0.02857142857142857
2 0.5662337662337662 0.2714285714285714 0.01038961038961039 0.023809523809523808
2 0.5792207792207792 0.25873015873015875 0.012987012987012988 0.023809523809523808
2 0.5662337662337662 0.2571428571428571 0.012987012987012988 0.026984126984126985
2 0.5909090909090909 0.26666666666666666 0.016883116883116882 0.022222222222222223
2 0.5311688311688312 0.20317460317460317 0.01038961038961039 0.03015873015873016
2 0.5454545454545454 0.20317460317460317 0.014285714285714285 0.023809523809523808
2 0.5337662337662338 0.19206349206349208 0.011688311688311689 0.025396825396825397
2 0.5246753246753246 0.173015873015873 0.007792207792207792 0.015873015873015872
2 0.5194805194805194 0.16031746031746033 0.007792207792207792 0.011111111111111112