2 0.9506493506493506 0.9523809523809523 0.03896103896103896 0.09523809523809523
2 0.9441558441558442 0.9095238095238095 0.032467532467532464 0.08888888888888889
2 0.9688311688311688 0.9063492063492063 0.03116883116883117 0.1492063492063492
2 0.8805194805194805 0.9349206349206349 0.04155844155844156 0.13015873015873017
2 0.8909090909090909 0.8809523809523809 0.02987012987012987 0.13015873015873017
2 0.9116883116883117 0.8428571428571429 0.033766233766233764 0.14126984126984127
2 0.9246753246753247 0.8031746031746032 0.03116883116883117 0.14603174603174604
2 0.8402597402597403 0.8650793650793651 0.033766233766233764 0.1365079365079365
2 0.8779220779220779 0.7619047619047619 0.032467532467532464 0.1126984126984127
2 0.8324675324675325 0.7666666666666667 0.02987012987012987 0.10317460317460317
2 0.8493506493506493 0.7126984126984127 0.02207792207792208 0.1349206349206349
2 0.8675324675324675 0.6777777777777778 0.025974025974025976 0.09841269841269841
2 0.9038961038961039 0.665079365079365 0.04415584415584416 0.1365079365079365
2 0.7948051948051948 0.7365079365079366 0.024675324675324677 0.07936507936507936
2 0.8168831168831169 0.6952380952380952 0.02857142857142857 0.10317460317460317
2 0.8181818181818182 0.6555555555555556 0.032467532467532464 0.08571428571428572
2 0.7532467532467533 0.7126984126984127 0.02857142857142857 0.07936507936507936
2 0.7701298701298701 0.6936507936507936 0.02857142857142857 0.12222222222222222
2 0.7831168831168831 0.626984126984127 0.02207792207792208 0.10793650793650794
2 0.812987012987013 0.6190476190476191 0.02077922077922078 0.06190476190476191
2 0.8298701298701299 0.580952380952381 0.024675324675324677 0.10634920634920635
2 0.8194805194805195 0.5222222222222223 0.01818181818181818 0.07777777777777778
2 0.7922077922077922 0.5587301587301587 0.025974025974025976 0.09682539682539683
2 0.7675324675324675 0.5793650793650794 0.024675324675324677 0.0873015873015873
2 0.7493506493506493 0.5396825396825397 0.02207792207792208 0.07936507936507936
2 0.7831168831168831 0.4714285714285714 0.02857142857142857 0.046031746031746035
2 0.7376623376623377 0.4793650793650794 0.02077922077922078 0.07777777777777778
2 0.7441558441558441 0.44126984126984126 0.02077922077922078 0.08253968253968254
2 0.7389610389610389 0.36984126984126986 0.01948051948051948 0.06984126984126984
2 0.6714285714285714 0.24444444444444444 0.01818181818181818 0.050793650793650794
2 0.612987012987013 0.12698412698412698 0.011688311688311689 0.031746031746031744
2 0.6168831168831169 0.0873015873015873 0.007792207792207792 0.022222222222222223
2 0.6831168831168831 0.7365079365079366 0.02857142857142857 0.06666666666666667
2 0.7116883116883117 0.6507936507936508 0.03506493506493506 0.1126984126984127
2 0.6792207792207792 0.6047619047619047 0.02207792207792208 0.10158730158730159
2 0.6714285714285714 0.5523809523809524 0.01818181818181818 0.07142857142857142
2 0.6727272727272727 0.5190476190476191 0.02077922077922078 0.07936507936507936
2 0.6584415584415585 0.4142857142857143 0.01818181818181818 0.07777777777777778
1 0.6831168831168831 0.8746031746031746 0.1038961038961039 0.2507936507936508
1 0.7922077922077922 0.8682539682539683 0.11038961038961038 0.25555555555555554
1 0.6441558441558441 0.6555555555555556 0.07662337662337662 0.19047619047619047
1 0.7181818181818181 0.5666666666666667 0.05844155844155844 0.13174603174603175
1 0.6896103896103896 0.4587301587301587 0.04415584415584416 0.10952380952380952
3 0.625974025974026 0.5047619047619047 0.06753246753246753 0.19047619047619047
3 0.6181818181818182 0.33650793650793653 0.07662337662337662 0.2