2 0.7688311688311689 0.8301587301587302 0.05974025974025974 0.16825396825396827
2 0.7532467532467533 0.6523809523809524 0.046753246753246755 0.15079365079365079
1 0.5545454545454546 0.40634920634920635 0.048051948051948054 0.12698412698412698
2 0.6051948051948052 0.3412698412698413 0.02727272727272727 0.0761904761904762
2 0.5441558441558442 0.22063492063492063 0.016883116883116882 0.050793650793650794
2 0.4766233766233766 0.18095238095238095 0.007792207792207792 0.03650793650793651
1 0.4987012987012987 0.173015873015873 0.01818181818181818 0.047619047619047616
1 0.4701298701298701 0.12063492063492064 0.012987012987012988 0.031746031746031744
2 0.4909090909090909 0.12698412698412698 0.006493506493506494 0.01746031746031746
1 0.4961038961038961 0.10634920634920635 0.01038961038961039 0.01904761904761905
1 0.5103896103896104 0.09523809523809523 0.007792207792207792 0.01746031746031746
2 0.5012987012987012 0.12063492063492064 0.003896103896103896 0.01904761904761905
2 0.5064935064935064 0.1365079365079365 0.007792207792207792 0.025396825396825397