2 0.6116883116883117 0.6666666666666666 0.045454545454545456 0.15555555555555556
2 0.8857142857142857 0.9222222222222223 0.04025974025974026 0.15555555555555556
2 0.7948051948051948 0.7063492063492064 0.04415584415584416 0.10158730158730159
2 0.7545454545454545 0.6507936507936508 0.033766233766233764 0.10476190476190476
2 0.6363636363636364 0.5936507936507937 0.02857142857142857 0.1111111111111111
2 0.6623376623376623 0.5428571428571428 0.024675324675324677 0.12380952380952381
2 0.7220779220779221 0.553968253968254 0.03766233766233766 0.09206349206349207
2 0.6818181818181818 0.5063492063492063 0.033766233766233764 0.08571428571428572
2 0.4935064935064935 0.580952380952381 0.025974025974025976 0.10317460317460317
2 0.5376623376623376 0.5349206349206349 0.025974025974025976 0.1126984126984127
2 0.5025974025974026 0.5158730158730159 0.02727272727272727 0.05555555555555555
2 0.4961038961038961 0.44761904761904764 0.02727272727272727 0.07777777777777778
2 0.6701298701298701 0.4523809523809524 0.025974025974025976 0.06666666666666667
1 0.6064935064935065 0.4111111111111111 0.05454545454545454 0.11587301587301588
2 0.638961038961039 0.4 0.02207792207792208 0.0746031746031746
2 0.6610389610389611 0.4158730158730159 0.01948051948051948 0.06984126984126984
2 0.5168831168831168 0.473015873015873 0.02727272727272727 0.08888888888888889
2 0.5311688311688312 0.44126984126984126 0.02727272727272727 0.08888888888888889
1 0.4987012987012987 0.38412698412698415 0.03636363636363636 0.09841269841269841
1 0.5454545454545454 0.37142857142857144 0.053246753246753244 0.07777777777777778
1 0.5402597402597402 0.3238095238095238 0.03506493506493506 0.0746031746031746
2 0.5883116883116883 0.3380952380952381 0.016883116883116882 0.04126984126984127
2 0.6103896103896104 0.3492063492063492 0.01818181818181818 0.046031746031746035
2 0.6272727272727273 0.35714285714285715 0.016883116883116882 0.05873015873015873
2 0.4948051948051948 0.3253968253968254 0.016883116883116882 0.03650793650793651
1 0.574025974025974 0.30793650793650795 0.023376623376623377 0.05238095238095238
2 0.5883116883116883 0.28253968253968254 0.011688311688311689 0.03492063492063492
2 0.4857142857142857 0.30317460317460315 0.01038961038961039 0.050793650793650794
2 0.5038961038961038 0.30634920634920637 0.02077922077922078 0.06031746031746032
2 0.4714285714285714 0.2777777777777778 0.014285714285714285 0.049206349206349205
2 0.4649350649350649 0.25396825396825395 0.011688311688311689 0.03492063492063492
2 0.474025974025974 0.2904761904761905 0.014285714285714285 0.044444444444444446
2 0.5207792207792208 0.2857142857142857 0.012987012987012988 0.044444444444444446
1 0.487012987012987 0.26666666666666666 0.024675324675324677 0.044444444444444446
2 0.5324675324675324 0.273015873015873 0.00909090909090909 0.03968253968253968
2 0.5441558441558442 0.28095238095238095 0.01038961038961039 0.023809523809523808
2 0.5597402597402598 0.2777777777777778 0.01038961038961039 0.022222222222222223
2 0.574025974025974 0.26031746031746034 0.00909090909090909 0.03492063492063492
2 0.5727272727272728 0.2714285714285714 0.01038961038961039 0.022222222222222223
2 0.509090909090909 0.25555555555555554 0.01038961038961039 0.03650793650793651
3 0.4714285714285714 0.2253968253968254 0.03116883116883117 0.06825396825396825
2 0.4935064935064935 0.23174603174603176 0.01038961038961039 0.026984126984126985
2 0.522077922077922 0.2571428571428571 0.011688311688311689 0.02857142857142857
1 0.548051948051948 0.6888888888888889 0.07792207792207792 0.18888888888888888
1 0.7792207792207793 0.8476190476190476 0.1 0.2396825396825397
1 0.7 0.6730158730158731 0.08181818181818182 0.15396825396825398
1 0.574025974025974 0.49523809523809526 0.06103896103896104 0.13015873015873017
1 0.5142857142857142 0.22857142857142856 0.01818181818181818 0.03968253968253968
2 0.4831168831168831 0.2126984126984127 0.011688311688311689 0.046031746031746035
1 0.4961038961038961 0.20476190476190476 0.016883116883116882 0.03650793650793651
1 0.4623376623376623 0.17777777777777778 0.01948051948051948 0.03333333333333333
1 0.4961038961038961 0.18412698412698414 0.015584415584415584 0.026984126984126985
2 0.4792207792207792 0.18253968253968253 0.00909090909090909 0.022222222222222223
1 0.4883116883116883 0.16825396825396827 0.015584415584415584 0.03015873015873016
1 0.4636363636363636 0.1523809523809524 0.014285714285714285 0.026984126984126985
2 0.4753246753246753 0.15079365079365079 0.00909090909090909 0.02857142857142857
1 0.487012987012987 0.15079365079365079 0.015584415584415584 0.025396825396825397
1 0.4636363636363636 0.13333333333333333 0.014285714285714285 0.022222222222222223
2 0.474025974025974 0.13015873015873017 0.00909090909090909 0.01904761904761905
1 0.4844155844155844 0.13333333333333333 0.012987012987012988 0.023809523809523808
1 0.5051948051948052 0.1523809523809524 0.01818181818181818 0.023809523809523808
2 0.5025974025974026 0.14126984126984127 0.005194805194805195 0.012698412698412698
1 0.5025974025974026 0.13333333333333333 0.014285714285714285 0.020634920634920634
1 0.4649350649350649 0.11746031746031746 0.012987012987012988 0.02857142857142857
1 0.4753246753246753 0.10793650793650794 0.01038961038961039 0.023809523809523808
1 0.4857142857142857 0.11746031746031746 0.01038961038961039 0.01746031746031746
1 0.4857142857142857 0.10158730158730159 0.012987012987012988 0.01904761904761905
1 0.4948051948051948 0.09841269841269841 0.011688311688311689 0.020634920634920634
2 0.4974025974025974 0.12063492063492064 0.005194805194805195 0.009523809523809525
2 0.4974025974025974 0.11428571428571428 0.003896103896103896 0.009523809523809525
2 0.5025974025974026 0.11587301587301588 0.005194805194805195 0.012698412698412698
1 0.5025974025974026 0.09523809523809523 0.01038961038961039 0.023809523809523808
2 0.5103896103896104 0.2 0.012987012987012988 0.01746031746031746
2 0.5103896103896104 0.18095238095238095 0.01038961038961039 0.020634920634920634
1 0.5116883116883116 0.173015873015873 0.015584415584415584 0.02857142857142857
2 0.5077922077922078 0.12857142857142856 0.006493506493506494 0.011111111111111112
2 0.5064935064935064 0.11587301587301588 0.005194805194805195 0.015873015873015872
2 0.5064935064935064 0.10952380952380952 0.007792207792207792 0.009523809523809525
2 0.512987012987013 0.14761904761904762 0.006493506493506494 0.011111111111111112
2 0.5207792207792208 0.2015873015873016 0.011688311688311689 0.020634920634920634
2 0.5181818181818182 0.18253968253968253 0.006493506493506494 0.015873015873015872
2 0.5207792207792208 0.17142857142857143 0.00909090909090909 0.01746031746031746
2 0.5194805194805194 0.15555555555555556 0.006493506493506494 0.011111111111111112
2 0.5337662337662338 0.24444444444444444 0.015584415584415584 0.03333333333333333
2 0.5298701298701298 0.2222222222222222 0.006493506493506494 0.023809523809523808
2 0.5298701298701298 0.20317460317460317 0.007792207792207792 0.015873015873015872
2 0.5272727272727272 0.19206349206349208 0.005194805194805195 0.012698412698412698
2 0.5246753246753246 0.1873015873015873 0.006493506493506494 0.014285714285714285
2 0.5272727272727272 0.17777777777777778 0.00909090909090909 0.015873015873015872
2 0.525974025974026 0.16825396825396827 0.005194805194805195 0.009523809523809525
2 0.5324675324675324 0.17936507936507937 0.006493506493506494 0.015873015873015872
2 0.5441558441558442 0.24761904761904763 0.012987012987012988 0.025396825396825397
2 0.5441558441558442 0.23174603174603176 0.00909090909090909 0.022222222222222223
2 0.5441558441558442 0.21746031746031746 0.01038961038961039 0.01746031746031746
2 0.538961038961039 0.20476190476190476 0.007792207792207792 0.009523809523809525
2 0.538961038961039 0.19523809523809524 0.01038961038961039 0.009523809523809525
2 0.5545454545454546 0.22698412698412698 0.015584415584415584 0.03015873015873016
2 0.5545454545454546 0.2111111111111111 0.01038961038961039 0.01746031746031746
2 0.5571428571428572 0.2650793650793651 0.014285714285714285 0.023809523809523808
2 0.5558441558441558 0.24603174603174602 0.00909090909090909 0.023809523809523808
2 0.5584415584415584 0.2746031746031746 0.012987012987012988 0.03968253968253968
2 0.6025974025974026 0.3126984126984127 0.014285714285714285 0.03650793650793651
2 0.6012987012987013 0.2984126984126984 0.01038961038961039 0.0380952380952381