2 0.961038961038961 0.9206349206349206 0.05844155844155844 0.15079365079365079
1 0.861038961038961 0.9650793650793651 0.18051948051948052 0.06984126984126984
2 0.9246753246753247 0.9476190476190476 0.05584415584415584 0.10476190476190476
2 0.9025974025974026 0.9603174603174603 0.04025974025974026 0.07936507936507936
2 0.8727272727272727 0.8968253968253969 0.04025974025974026 0.13174603174603175
2 0.8441558441558441 0.9285714285714286 0.045454545454545456 0.08095238095238096
2 0.8194805194805195 0.8492063492063492 0.04285714285714286 0.08888888888888889
2 0.787012987012987 0.9158730158730158 0.04935064935064935 0.12222222222222222
2 0.861038961038961 0.7698412698412699 0.05194805194805195 0.11904761904761904
1 0.7740259740259741 0.7555555555555555 0.09220779220779221 0.20952380952380953
2 0.8038961038961039 0.6682539682539682 0.03896103896103896 0.09523809523809523
2 0.7558441558441559 0.6285714285714286 0.024675324675324677 0.046031746031746035
2 0.7558441558441559 0.5920634920634921 0.05064935064935065 0.07142857142857142
2 0.712987012987013 0.6333333333333333 0.02987012987012987 0.05873015873015873
1 0.6727272727272727 0.6523809523809524 0.07532467532467532 0.16507936507936508
2 0.7012987012987013 0.5936507936507937 0.025974025974025976 0.044444444444444446
2 0.7051948051948052 0.5444444444444444 0.033766233766233764 0.07777777777777778
2 0.7168831168831169 0.5253968253968254 0.02207792207792208 0.08253968253968254
2 0.6805194805194805 0.5365079365079365 0.03506493506493506 0.08095238095238096
2 0.6519480519480519 0.5365079365079365 0.024675324675324677 0.05873015873015873
2 0.587012987012987 0.48412698412698413 0.016883116883116882 0.05238095238095238
2 0.6155844155844156 0.4888888888888889 0.02077922077922078 0.03492063492063492
2 0.6311688311688312 0.4873015873015873 0.025974025974025976 0.06190476190476191
2 0.6792207792207792 0.5047619047619047 0.046753246753246755 0.07142857142857142
2 0.6623376623376623 0.42698412698412697 0.045454545454545456 0.10476190476190476
2 0.6649350649350649 0.45714285714285713 0.02727272727272727 0.049206349206349205
2 0.551948051948052 0.6507936507936508 0.03896103896103896 0.12698412698412698
2 0.5584415584415584 0.5396825396825397 0.023376623376623377 0.07142857142857142
2 0.5701298701298702 0.4793650793650794 0.023376623376623377 0.07777777777777778
3 0.5207792207792208 0.4380952380952381 0.08441558441558442 0.20317460317460317
2 0.487012987012987 0.4238095238095238 0.02207792207792208 0.06031746031746032
2 0.5194805194805194 0.9523809523809523 0.03896103896103896 0.09523809523809523
2 0.5155844155844156 0.861904761904762 0.04415584415584416 0.13174603174603175
2 0.5987012987012987 0.819047619047619 0.04155844155844156 0.08888888888888889
2 0.5597402597402598 0.273015873015873 0.014285714285714285 0.06666666666666667
2 0.5155844155844156 0.2492063492063492 0.01818181818181818 0.03968253968253968
2 0.5051948051948052 0.23333333333333334 0.011688311688311689 0.03333333333333333
2 0.4974025974025974 0.20952380952380953 0.012987012987012988 0.031746031746031744
2 0.5285714285714286 0.23333333333333334 0.012987012987012988 0.03492063492063492
2 0.551948051948052 0.2126984126984127 0.014285714285714285 0.03968253968253968
2 0.5233766233766234 0.1761904761904762 0.012987012987012988 0.026984126984126985
1 0.4688311688311688 0.1253968253968254 0.014285714285714285 0.031746031746031744
2 0.4974025974025974 0.13333333333333333 0.007792207792207792 0.023809523809523808
2 0.4922077922077922 0.10476190476190476 0.01038961038961039 0.020634920634920634
1 0.5025974025974026 0.326984126984127 0.025974025974025976 0.05714285714285714
1 0.574025974025974 0.40793650793650793 0.053246753246753244 0.09206349206349207
1 0.6 0.5714285714285714 0.06493506493506493 0.12857142857142856
1 0.6883116883116883 0.8492063492063492 0.11688311688311688 0.23492063492063492
1 0.6064935064935065 0.9285714285714286 0.11688311688311688 0.14285714285714285