2 0.8831168831168831 0.9333333333333333 0.03506493506493506 0.13333333333333333
2 0.5285714285714286 0.43492063492063493 0.07402597402597402 0.06349206349206349
2 0.5428571428571428 0.3968253968253968 0.03766233766233766 0.06190476190476191
2 0.525974025974026 0.2714285714285714 0.02857142857142857 0.06984126984126984
2 0.5298701298701298 0.22698412698412698 0.03116883116883117 0.05238095238095238
2 0.5467532467532468 0.26666666666666666 0.046753246753246755 0.08571428571428572
2 0.4909090909090909 0.20317460317460317 0.032467532467532464 0.04126984126984127
2 0.4948051948051948 0.14603174603174604 0.03636363636363636 0.046031746031746035
1 0.4649350649350649 0.16031746031746033 0.014285714285714285 0.03968253968253968
2 0.4857142857142857 0.16031746031746033 0.01818181818181818 0.047619047619047616
1 0.4987012987012987 0.10952380952380952 0.02207792207792208 0.03492063492063492
1 0.4688311688311688 0.11904761904761904 0.01948051948051948 0.020634920634920634
1 0.5935064935064935 0.39365079365079364 0.05194805194805195 0.09206349206349207