2 0.4935064935064935 0.6317460317460317 0.024675324675324677 0.11587301587301588
2 0.4909090909090909 0.5380952380952381 0.02077922077922078 0.08253968253968254
2 0.4857142857142857 0.4936507936507937 0.02207792207792208 0.06666666666666667
2 0.6532467532467533 0.9031746031746032 0.024675324675324677 0.1253968253968254
2 0.638961038961039 0.8174603174603174 0.025974025974025976 0.10793650793650794
2 0.6103896103896104 0.7507936507936508 0.023376623376623377 0.12698412698412698
2 0.6220779220779221 0.7031746031746032 0.023376623376623377 0.10634920634920635
2 0.5896103896103896 0.6793650793650794 0.025974025974025976 0.10793650793650794
2 0.6753246753246753 0.9555555555555556 0.03766233766233766 0.08888888888888889
2 0.9337662337662338 0.9650793650793651 0.045454545454545456 0.06984126984126984
2 0.8727272727272727 0.9476190476190476 0.03636363636363636 0.10476190476190476
2 0.8220779220779221 0.9444444444444444 0.02987012987012987 0.1111111111111111
2 0.8389610389610389 0.8904761904761904 0.03116883116883117 0.1253968253968254
2 0.8766233766233766 0.8904761904761904 0.02987012987012987 0.1253968253968254
2 0.8441558441558441 0.8015873015873016 0.02727272727272727 0.11587301587301588
2 0.8077922077922078 0.8031746031746032 0.02207792207792208 0.12222222222222222
2 0.7844155844155845 0.8444444444444444 0.033766233766233764 0.12222222222222222
2 0.8168831168831169 0.7301587301587301 0.02857142857142857 0.11587301587301588
2 0.7376623376623377 0.7238095238095238 0.02727272727272727 0.10158730158730159
2 0.7662337662337663 0.773015873015873 0.02857142857142857 0.08571428571428572
2 0.7792207792207793 0.7317460317460317 0.025974025974025976 0.11587301587301588
2 0.7831168831168831 0.6698412698412698 0.025974025974025976 0.10158730158730159
2 0.7558441558441559 0.665079365079365 0.02207792207792208 0.09841269841269841
2 0.7558441558441559 0.6238095238095238 0.023376623376623377 0.08253968253968254
2 0.712987012987013 0.6714285714285714 0.025974025974025976 0.10476190476190476
2 0.7181818181818181 0.6142857142857143 0.024675324675324677 0.08412698412698413
2 0.7402597402597403 0.5936507936507937 0.024675324675324677 0.08571428571428572
1 0.6766233766233766 0.7095238095238096 0.06623376623376623 0.19206349206349208
2 0.6896103896103896 0.6063492063492063 0.023376623376623377 0.08571428571428572
2 0.7272727272727273 0.5079365079365079 0.02077922077922078 0.08253968253968254
2 0.7051948051948052 0.5714285714285714 0.014285714285714285 0.06349206349206349
2 0.7220779220779221 0.546031746031746 0.014285714285714285 0.0746031746031746
2 0.674025974025974 0.5746031746031746 0.014285714285714285 0.06349206349206349
2 0.687012987012987 0.5380952380952381 0.015584415584415584 0.05714285714285714
2 0.7051948051948052 0.5174603174603175 0.014285714285714285 0.06349206349206349
2 0.6792207792207792 0.5095238095238095 0.016883116883116882 0.05396825396825397
2 0.6922077922077922 0.4936507936507937 0.015584415584415584 0.06984126984126984
2 0.6584415584415585 0.5380952380952381 0.014285714285714285 0.05873015873015873
1 0.6220779220779221 0.5603174603174603 0.05584415584415584 0.1365079365079365
2 0.6493506493506493 0.49047619047619045 0.012987012987012988 0.06825396825396825
2 0.6649350649350649 0.48412698412698413 0.012987012987012988 0.06507936507936508
2 0.6766233766233766 0.46190476190476193 0.014285714285714285 0.05396825396825397
2 0.6194805194805195 0.4666666666666667 0.01818181818181818 0.05396825396825397
2 0.6376623376623377 0.4650793650793651 0.015584415584415584 0.06825396825396825
2 0.6324675324675325 0.48412698412698413 0.012987012987012988 0.04126984126984127
2 0.6623376623376623 0.43174603174603177 0.014285714285714285 0.05555555555555555
2 0.6532467532467533 0.40476190476190477 0.014285714285714285 0.06507936507936508
1 0.6181818181818182 0.3984126984126984 0.02857142857142857 0.07301587301587302
2 0.6441558441558441 0.38095238095238093 0.015584415584415584 0.05714285714285714
2 0.6220779220779221 0.3476190476190476 0.011688311688311689 0.04126984126984127
1 0.5857142857142857 0.33650793650793653 0.02727272727272727 0.06825396825396825
2 0.6038961038961039 0.33174603174603173 0.014285714285714285 0.049206349206349205
2 0.6233766233766234 0.33015873015873015 0.011688311688311689 0.04126984126984127
2 0.6103896103896104 0.3126984126984127 0.012987012987012988 0.04285714285714286
2 0.5961038961038961 0.6206349206349207 0.023376623376623377 0.08095238095238096
2 0.5818181818181818 0.580952380952381 0.02077922077922078 0.10158730158730159
1 0.4935064935064935 0.319047619047619 0.025974025974025976 0.06349206349206349
2 0.5051948051948052 0.2650793650793651 0.00909090909090909 0.04126984126984127
2 0.5064935064935064 0.24761904761904763 0.007792207792207792 0.03650793650793651
2 0.4961038961038961 0.23333333333333334 0.007792207792207792 0.03492063492063492
1 0.4753246753246753 0.2222222222222222 0.015584415584415584 0.02857142857142857
2 0.4896103896103896 0.22063492063492063 0.007792207792207792 0.03333333333333333
2 0.4857142857142857 0.20793650793650795 0.006493506493506494 0.026984126984126985
2 0.487012987012987 0.18253968253968253 0.006493506493506494 0.031746031746031744
2 0.4714285714285714 0.14603174603174604 0.007792207792207792 0.025396825396825397
2 0.4805194805194805 0.13968253968253969 0.007792207792207792 0.025396825396825397
1 0.4896103896103896 0.15714285714285714 0.012987012987012988 0.022222222222222223
2 0.4922077922077922 0.1380952380952381 0.005194805194805195 0.015873015873015872
2 0.4896103896103896 0.12857142857142856 0.005194805194805195 0.020634920634920634
1 0.5298701298701298 0.35714285714285715 0.03116883116883117 0.0761904761904762
1 0.5402597402597402 0.32222222222222224 0.025974025974025976 0.06031746031746032
2 0.5597402597402598 0.3142857142857143 0.01038961038961039 0.049206349206349205
2 0.5493506493506494 0.3 0.007792207792207792 0.03492063492063492
2 0.5662337662337662 0.30158730158730157 0.007792207792207792 0.047619047619047616
2 0.5571428571428572 0.28253968253968254 0.00909090909090909 0.04285714285714286
2 0.5714285714285714 0.28888888888888886 0.00909090909090909 0.031746031746031744
2 0.577922077922078 0.2873015873015873 0.006493506493506494 0.031746031746031744
2 0.5844155844155844 0.2873015873015873 0.01038961038961039 0.03333333333333333
2 0.5948051948051948 0.28888888888888886 0.00909090909090909 0.03015873015873016
2 0.5285714285714286 0.2904761904761905 0.00909090909090909 0.015873015873015872
1 0.5233766233766234 0.26666666666666666 0.016883116883116882 0.049206349206349205
2 0.5337662337662338 0.28095238095238095 0.00909090909090909 0.025396825396825397
2 0.5454545454545454 0.28253968253968254 0.006493506493506494 0.023809523809523808
2 0.561038961038961 0.2634920634920635 0.007792207792207792 0.03650793650793651
2 0.5688311688311688 0.2650793650793651 0.006493506493506494 0.03650793650793651
2 0.5415584415584416 0.24444444444444444 0.006493506493506494 0.03492063492063492
2 0.5753246753246753 0.2523809523809524 0.007792207792207792 0.03492063492063492
2 0.5636363636363636 0.23174603174603176 0.00909090909090909 0.026984126984126985
2 0.5818181818181818 0.26825396825396824 0.00909090909090909 0.03492063492063492
2 0.4974025974025974 0.10793650793650794 0.005194805194805195 0.01904761904761905
2 0.5025974025974026 0.14761904761904762 0.005194805194805195 0.025396825396825397
2 0.5 0.13333333333333333 0.003896103896103896 0.01904761904761905
2 0.5025974025974026 0.1253968253968254 0.003896103896103896 0.01904761904761905
2 0.5025974025974026 0.10952380952380952 0.005194805194805195 0.01746031746031746
2 0.5077922077922078 0.10158730158730159 0.003896103896103896 0.015873015873015872
2 0.5051948051948052 0.10476190476190476 0.003896103896103896 0.01904761904761905
2 0.5077922077922078 0.1349206349206349 0.005194805194805195 0.026984126984126985
1 0.5103896103896104 0.16507936507936508 0.011688311688311689 0.025396825396825397
2 0.5142857142857142 0.14761904761904762 0.005194805194805195 0.014285714285714285
1 0.5168831168831168 0.18412698412698414 0.012987012987012988 0.026984126984126985
2 0.522077922077922 0.16031746031746033 0.005194805194805195 0.022222222222222223
1 0.5246753246753246 0.22063492063492063 0.01818181818181818 0.031746031746031744
2 0.5181818181818182 0.19682539682539682 0.007792207792207792 0.020634920634920634
2 0.5246753246753246 0.1984126984126984 0.007792207792207792 0.025396825396825397
2 0.5298701298701298 0.17936507936507937 0.005194805194805195 0.025396825396825397
2 0.5571428571428572 0.44285714285714284 0.012987012987012988 0.06666666666666667
2 0.551948051948052 0.4142857142857143 0.01038961038961039 0.044444444444444446
1 0.5857142857142857 0.48095238095238096 0.03636363636363636 0.1111111111111111
2 0.5805194805194805 0.4174603174603175 0.011688311688311689 0.0380952380952381
2 0.5922077922077922 0.4174603174603175 0.011688311688311689 0.046031746031746035
1 0.7493506493506493 0.9079365079365079 0.08051948051948052 0.18253968253968253
1 0.5623376623376624 0.8746031746031746 0.09090909090909091 0.2507936507936508
1 0.5376623376623376 0.680952380952381 0.048051948051948054 0.16031746031746033
1 0.5363636363636364 0.5603174603174603 0.045454545454545456 0.11904761904761904
1 0.522077922077922 0.46984126984126984 0.04285714285714286 0.10634920634920635
1 0.5116883116883116 0.4 0.03506493506493506 0.08095238095238096
2 0.4844155844155844 0.273015873015873 0.016883116883116882 0.03968253968253968
1 0.5194805194805194 0.23809523809523808 0.01818181818181818 0.03015873015873016
1 0.5415584415584416 0.20952380952380953 0.01818181818181818 0.04126984126984127
1 0.5025974025974026 0.2 0.015584415584415584 0.03492063492063492
1 0.4753246753246753 0.24285714285714285 0.01948051948051948 0.03968253968253968
1 0.4662337662337662 0.2 0.01818181818181818 0.02857142857142857
1 0.4688311688311688 0.173015873015873 0.016883116883116882 0.023809523809523808
1 0.4727272727272727 0.12380952380952381 0.00909090909090909 0.01746031746031746
1 0.4727272727272727 0.1126984126984127 0.01038961038961039 0.014285714285714285
1 0.4779220779220779 0.10634920634920635 0.007792207792207792 0.01904761904761905
1 0.4883116883116883 0.1126984126984127 0.011688311688311689 0.01746031746031746
1 0.4896103896103896 0.09523809523809523 0.007792207792207792 0.014285714285714285
2 0.4974025974025974 0.09365079365079365 0.003896103896103896 0.011111111111111112
2 0.5012987012987012 0.09206349206349207 0.0025974025974025974 0.012698412698412698
2 0.5363636363636364 0.18888888888888888 0.005194805194805195 0.01746031746031746