2 0.874025974025974 0.8968253968253969 0.045454545454545456 0.20634920634920634
2 0.8350649350649351 0.7746031746031746 0.032467532467532464 0.10476190476190476
2 0.7779220779220779 0.734920634920635 0.03766233766233766 0.10476190476190476
2 0.8207792207792208 0.7047619047619048 0.03896103896103896 0.09206349206349207
2 0.787012987012987 0.6571428571428571 0.02857142857142857 0.1111111111111111
2 0.7519480519480519 0.6698412698412698 0.024675324675324677 0.09841269841269841
2 0.7051948051948052 0.6761904761904762 0.02987012987012987 0.11904761904761904
2 0.5961038961038961 0.6634920634920635 0.02857142857142857 0.1126984126984127
2 0.7415584415584415 0.6063492063492063 0.02987012987012987 0.07777777777777778
2 0.712987012987013 0.6063492063492063 0.023376623376623377 0.07936507936507936
2 0.6818181818181818 0.6031746031746031 0.025974025974025976 0.09206349206349207
2 0.7168831168831169 0.5507936507936508 0.025974025974025976 0.07777777777777778
2 0.6909090909090909 0.5555555555555556 0.02857142857142857 0.08253968253968254
2 0.6883116883116883 0.5095238095238095 0.02207792207792208 0.044444444444444446
2 0.6844155844155844 0.47619047619047616 0.02207792207792208 0.0380952380952381
2 0.6506493506493507 0.5571428571428572 0.023376623376623377 0.07777777777777778
2 0.6610389610389611 0.5190476190476191 0.02077922077922078 0.06031746031746032
2 0.6350649350649351 0.4984126984126984 0.01818181818181818 0.06190476190476191
2 0.6220779220779221 0.4984126984126984 0.01948051948051948 0.0380952380952381
2 0.6064935064935065 0.46984126984126984 0.016883116883116882 0.05873015873015873
2 0.6181818181818182 0.4365079365079365 0.016883116883116882 0.04126984126984127
2 0.6311688311688312 0.43492063492063493 0.01818181818181818 0.047619047619047616
2 0.6571428571428571 0.4714285714285714 0.016883116883116882 0.05873015873015873
2 0.6493506493506493 0.4380952380952381 0.015584415584415584 0.03492063492063492
2 0.5753246753246753 0.5714285714285714 0.02727272727272727 0.08888888888888889
2 0.5077922077922078 0.580952380952381 0.032467532467532464 0.0873015873015873
2 0.4987012987012987 0.47619047619047616 0.024675324675324677 0.06984126984126984
2 0.5675324675324676 0.5079365079365079 0.02207792207792208 0.06190476190476191
2 0.5597402597402598 0.4888888888888889 0.024675324675324677 0.05714285714285714
2 0.564935064935065 0.4634920634920635 0.01818181818181818 0.046031746031746035
2 0.5766233766233766 0.45555555555555555 0.01948051948051948 0.06984126984126984
2 0.5571428571428572 0.4111111111111111 0.016883116883116882 0.06190476190476191
2 0.5428571428571428 0.373015873015873 0.014285714285714285 0.047619047619047616
2 0.6103896103896104 0.35714285714285715 0.012987012987012988 0.04285714285714286
2 0.612987012987013 0.32063492063492066 0.015584415584415584 0.03650793650793651
2 0.5233766233766234 0.3396825396825397 0.016883116883116882 0.046031746031746035
2 0.5376623376623376 0.33174603174603173 0.011688311688311689 0.050793650793650794
2 0.5584415584415584 0.3396825396825397 0.011688311688311689 0.050793650793650794
2 0.548051948051948 0.30952380952380953 0.011688311688311689 0.03650793650793651
2 0.522077922077922 0.2984126984126984 0.007792207792207792 0.03492063492063492
2 0.509090909090909 0.2920634920634921 0.012987012987012988 0.04285714285714286
2 0.5181818181818182 0.25873015873015875 0.011688311688311689 0.03650793650793651
2 0.5506493506493506 0.2222222222222222 0.01038961038961039 0.031746031746031744
2 0.5571428571428572 0.2634920634920635 0.00909090909090909 0.02857142857142857
2 0.5714285714285714 0.27936507936507937 0.01038961038961039 0.025396825396825397
2 0.5909090909090909 0.30317460317460315 0.011688311688311689 0.03492063492063492
2 0.5831168831168831 0.2634920634920635 0.007792207792207792 0.01904761904761905
2 0.5857142857142857 0.2841269841269841 0.00909090909090909 0.020634920634920634
2 0.5623376623376624 0.24285714285714285 0.007792207792207792 0.03015873015873016
2 0.5038961038961038 0.25555555555555554 0.011688311688311689 0.03492063492063492
2 0.4948051948051948 0.23492063492063492 0.01038961038961039 0.02857142857142857
2 0.5 0.2222222222222222 0.011688311688311689 0.03015873015873016
2 0.5363636363636364 0.2111111111111111 0.007792207792207792 0.023809523809523808
2 0.4831168831168831 0.21746031746031746 0.01038961038961039 0.0380952380952381
2 0.4727272727272727 0.21746031746031746 0.00909090909090909 0.015873015873015872
2 0.4727272727272727 0.19523809523809524 0.01038961038961039 0.026984126984126985
2 0.4857142857142857 0.18095238095238095 0.01038961038961039 0.02857142857142857
2 0.5337662337662338 0.19047619047619047 0.01038961038961039 0.015873015873015872
2 0.525974025974026 0.173015873015873 0.006493506493506494 0.020634920634920634
2 0.5168831168831168 0.16825396825396827 0.005194805194805195 0.012698412698412698
2 0.5077922077922078 0.10317460317460317 0.005194805194805195 0.01746031746031746
2 0.5012987012987012 0.10158730158730159 0.003896103896103896 0.009523809523809525
2 0.5 0.11746031746031746 0.0025974025974025974 0.007936507936507936
2 0.4948051948051948 0.10317460317460317 0.006493506493506494 0.007936507936507936
2 0.4922077922077922 0.1126984126984127 0.0025974025974025974 0.007936507936507936
1 0.7233766233766233 0.9095238095238095 0.12207792207792208 0.18095238095238095
1 0.8168831168831169 0.8936507936507937 0.12727272727272726 0.2126984126984127
1 0.6649350649350649 0.7476190476190476 0.09350649350649351 0.20793650793650795
1 0.5675324675324676 0.8174603174603174 0.08831168831168831 0.2015873015873016
1 0.548051948051948 0.6444444444444445 0.07272727272727272 0.1523809523809524
1 0.6233766233766234 0.5841269841269842 0.06623376623376623 0.1523809523809524
1 0.5207792207792208 0.5158730158730159 0.05714285714285714 0.1
1 0.5831168831168831 0.38412698412698415 0.04415584415584416 0.08888888888888889
1 0.6298701298701299 0.3968253968253968 0.04025974025974026 0.07301587301587302
1 0.5831168831168831 0.319047619047619 0.032467532467532464 0.06507936507936508
1 0.5077922077922078 0.4238095238095238 0.03766233766233766 0.08888888888888889
1 0.5038961038961038 0.35079365079365077 0.04155844155844156 0.05396825396825397
1 0.4922077922077922 0.3 0.032467532467532464 0.050793650793650794
1 0.4727272727272727 0.24761904761904763 0.032467532467532464 0.06031746031746032
1 0.5454545454545454 0.28095238095238095 0.02857142857142857 0.05238095238095238
1 0.5311688311688312 0.2396825396825397 0.01818181818181818 0.03968253968253968
1 0.5207792207792208 0.20793650793650795 0.02207792207792208 0.04285714285714286
1 0.5025974025974026 0.19365079365079366 0.011688311688311689 0.025396825396825397
1 0.5012987012987012 0.16825396825396827 0.015584415584415584 0.02857142857142857
1 0.4974025974025974 0.14761904761904762 0.014285714285714285 0.015873015873015872
1 0.4779220779220779 0.1492063492063492 0.012987012987012988 0.023809523809523808
1 0.4623376623376623 0.17142857142857143 0.01818181818181818 0.025396825396825397
1 0.4649350649350649 0.1365079365079365 0.015584415584415584 0.023809523809523808
1 0.4675324675324675 0.12380952380952381 0.015584415584415584 0.015873015873015872
1 0.4818181818181818 0.12380952380952381 0.01038961038961039 0.022222222222222223
1 0.4701298701298701 0.11904761904761904 0.015584415584415584 0.012698412698412698
1 0.5038961038961038 0.13333333333333333 0.00909090909090909 0.015873015873015872
0 0.4896103896103896 0.10634920634920635 0.02987012987012987 0.01746031746031746