2 0.6519480519480519 0.926984126984127 0.06233766233766234 0.14603174603174604
2 0.6311688311688312 0.8444444444444444 0.04285714285714286 0.12857142857142856
2 0.6285714285714286 0.7666666666666667 0.02987012987012987 0.08412698412698413
2 0.6792207792207792 0.7873015873015873 0.03506493506493506 0.11428571428571428
1 0.6272727272727273 0.6476190476190476 0.08051948051948052 0.17142857142857143
2 0.6012987012987013 0.7063492063492064 0.04155844155844156 0.1
1 0.551948051948052 0.7380952380952381 0.07792207792207792 0.173015873015873
2 0.5818181818181818 0.6460317460317461 0.025974025974025976 0.06507936507936508
2 0.509090909090909 0.6714285714285714 0.03506493506493506 0.09682539682539683
2 0.5896103896103896 0.5666666666666667 0.03116883116883117 0.07142857142857142
1 0.5337662337662338 0.5746031746031746 0.06103896103896104 0.13968253968253969
2 0.5727272727272728 0.5238095238095238 0.02857142857142857 0.09047619047619047
2 0.5428571428571428 0.48095238095238096 0.01948051948051948 0.0380952380952381
2 0.5636363636363636 0.48095238095238096 0.01948051948051948 0.046031746031746035
2 0.5428571428571428 0.5158730158730159 0.033766233766233764 0.05396825396825397
2 0.5 0.5174603174603175 0.023376623376623377 0.0746031746031746
2 0.6584415584415585 0.5793650793650794 0.033766233766233764 0.08095238095238096
2 0.6779220779220779 0.6095238095238096 0.02987012987012987 0.06825396825396825
2 0.6896103896103896 0.680952380952381 0.02987012987012987 0.0761904761904762
2 0.7064935064935065 0.6031746031746031 0.02207792207792208 0.06349206349206349
2 0.7142857142857143 0.6460317460317461 0.023376623376623377 0.06349206349206349
2 0.7376623376623377 0.765079365079365 0.1 0.17142857142857143
2 0.7519480519480519 0.6888888888888889 0.02857142857142857 0.0746031746031746
2 0.7896103896103897 0.8 0.033766233766233764 0.10476190476190476
2 0.8 0.753968253968254 0.02727272727272727 0.06825396825396825
2 0.8285714285714286 0.7936507936507936 0.03636363636363636 0.0746031746031746
2 0.8272727272727273 0.8777777777777778 0.03506493506493506 0.1365079365079365
2 0.8805194805194805 0.8841269841269841 0.04415584415584416 0.1380952380952381
2 0.8779220779220779 0.9507936507936507 0.05454545454545454 0.09682539682539683
2 0.9233766233766234 0.953968253968254 0.053246753246753244 0.09047619047619047
2 0.974025974025974 0.953968253968254 0.04155844155844156 0.09206349206349207
1 0.6090909090909091 0.5031746031746032 0.048051948051948054 0.10793650793650794
1 0.5844155844155844 0.4365079365079365 0.048051948051948054 0.10158730158730159
2 0.6207792207792208 0.43333333333333335 0.025974025974025976 0.06349206349206349
1 0.6766233766233766 0.4857142857142857 0.06753246753246753 0.13174603174603175
2 0.712987012987013 0.4714285714285714 0.024675324675324677 0.08412698412698413
1 0.512987012987013 0.4380952380952381 0.048051948051948054 0.08888888888888889
2 0.551948051948052 0.4507936507936508 0.032467532467532464 0.06507936507936508
2 0.538961038961039 0.4253968253968254 0.02077922077922078 0.05714285714285714
1 0.5 0.3619047619047619 0.03766233766233766 0.05714285714285714
2 0.5246753246753246 0.3682539682539683 0.015584415584415584 0.049206349206349205
2 0.5363636363636364 0.37777777777777777 0.016883116883116882 0.0380952380952381
2 0.4844155844155844 0.34444444444444444 0.02077922077922078 0.049206349206349205
2 0.4766233766233766 0.3126984126984127 0.01818181818181818 0.05555555555555555
1 0.5025974025974026 0.3 0.033766233766233764 0.046031746031746035
2 0.5207792207792208 0.30793650793650795 0.015584415584415584 0.050793650793650794
2 0.6142857142857143 0.40476190476190477 0.01818181818181818 0.050793650793650794
1 0.5675324675324676 0.373015873015873 0.03636363636363636 0.05555555555555555
1 0.5532467532467532 0.3476190476190476 0.03506493506493506 0.046031746031746035
1 0.5467532467532468 0.30317460317460315 0.032467532467532464 0.03968253968253968
2 0.5675324675324676 0.30793650793650795 0.007792207792207792 0.03492063492063492
0 0.6103896103896104 0.3380952380952381 0.08181818181818182 0.15079365079365079
2 0.5753246753246753 0.3142857142857143 0.007792207792207792 0.023809523809523808
1 0.5415584415584416 0.2777777777777778 0.04025974025974026 0.0380952380952381
2 0.5571428571428572 0.2698412698412698 0.01038961038961039 0.031746031746031744
2 0.574025974025974 0.26666666666666666 0.01038961038961039 0.03492063492063492
3 0.5311688311688312 0.24126984126984127 0.02987012987012987 0.047619047619047616
2 0.5545454545454546 0.2507936507936508 0.00909090909090909 0.025396825396825397
2 0.5181818181818182 0.2984126984126984 0.016883116883116882 0.03968253968253968
1 0.5 0.2650793650793651 0.02987012987012987 0.04126984126984127
2 0.512987012987013 0.2507936507936508 0.01038961038961039 0.04126984126984127
1 0.4714285714285714 0.24285714285714285 0.02207792207792208 0.03968253968253968
2 0.4883116883116883 0.2253968253968254 0.015584415584415584 0.03015873015873016
2 0.4961038961038961 0.23333333333333334 0.005194805194805195 0.01746031746031746
2 0.6597402597402597 0.3968253968253968 0.01948051948051948 0.05873015873015873
2 0.5467532467532468 0.23015873015873015 0.007792207792207792 0.031746031746031744
2 0.5727272727272728 0.2396825396825397 0.011688311688311689 0.025396825396825397
1 0.5207792207792208 0.20634920634920634 0.02207792207792208 0.026984126984126985
1 0.5441558441558442 0.20793650793650795 0.02207792207792208 0.049206349206349205
2 0.5597402597402598 0.22698412698412698 0.007792207792207792 0.026984126984126985
2 0.4922077922077922 0.2111111111111111 0.00909090909090909 0.031746031746031744
3 0.4753246753246753 0.18888888888888888 0.032467532467532464 0.05238095238095238
2 0.4922077922077922 0.18095238095238095 0.00909090909090909 0.03333333333333333
2 0.4961038961038961 0.19047619047619047 0.006493506493506494 0.01746031746031746
1 0.5077922077922078 0.21746031746031746 0.016883116883116882 0.03968253968253968
2 0.5038961038961038 0.19047619047619047 0.01038961038961039 0.025396825396825397
1 0.4688311688311688 0.15396825396825398 0.01818181818181818 0.022222222222222223
2 0.4818181818181818 0.15873015873015872 0.00909090909090909 0.03492063492063492
2 0.4961038961038961 0.16825396825396827 0.00909090909090909 0.020634920634920634
2 0.4909090909090909 0.1365079365079365 0.003896103896103896 0.022222222222222223
2 0.4701298701298701 0.12698412698412698 0.003896103896103896 0.014285714285714285
2 0.4792207792207792 0.12222222222222222 0.006493506493506494 0.015873015873015872
1 0.5168831168831168 0.16984126984126985 0.023376623376623377 0.046031746031746035
2 0.5064935064935064 0.15873015873015872 0.01038961038961039 0.022222222222222223
2 0.5025974025974026 0.1380952380952381 0.007792207792207792 0.020634920634920634
1 0.4857142857142857 0.1126984126984127 0.01038961038961039 0.022222222222222223
2 0.4935064935064935 0.12063492063492064 0.005194805194805195 0.020634920634920634
2 0.5025974025974026 0.12698412698412698 0.006493506493506494 0.014285714285714285
1 0.4883116883116883 0.10317460317460317 0.00909090909090909 0.011111111111111112
2 0.4922077922077922 0.10793650793650794 0.007792207792207792 0.011111111111111112
2 0.5 0.11428571428571428 0.005194805194805195 0.01746031746031746
2 0.5038961038961038 0.10476190476190476 0.005194805194805195 0.012698412698412698
1 0.5012987012987012 0.09682539682539683 0.00909090909090909 0.015873015873015872
2 0.4987012987012987 0.1 0.003896103896103896 0.011111111111111112
1 0.7324675324675325 0.9079365079365079 0.0987012987012987 0.18412698412698414
2 0.564935064935065 0.8984126984126984 0.09090909090909091 0.20317460317460317
1 0.509090909090909 0.09365079365079365 0.007792207792207792 0.014285714285714285