1 0.7532467532467533 0.9777777777777777 0.07792207792207792 0.04285714285714286
2 0.6298701298701299 0.9507936507936507 0.05974025974025974 0.09841269841269841
2 0.5376623376623376 0.9333333333333333 0.046753246753246755 0.13333333333333333
2 0.587012987012987 0.8777777777777778 0.045454545454545456 0.16507936507936508
2 0.5324675324675324 0.792063492063492 0.04285714285714286 0.16031746031746033
2 0.5467532467532468 0.7 0.03636363636363636 0.1380952380952381
2 0.5987012987012987 0.7746031746031746 0.03636363636363636 0.14126984126984127
2 0.6415584415584416 0.8380952380952381 0.03766233766233766 0.15396825396825398
2 0.6584415584415585 0.7412698412698413 0.033766233766233764 0.16031746031746033
2 0.8532467532467533 0.8587301587301587 0.05454545454545454 0.15873015873015872
2 0.8038961038961039 0.726984126984127 0.03766233766233766 0.1380952380952381
2 0.7493506493506493 0.7206349206349206 0.04025974025974026 0.13015873015873017
2 0.7571428571428571 0.6825396825396826 0.03506493506493506 0.12380952380952381
2 0.6337662337662338 0.6079365079365079 0.02857142857142857 0.12380952380952381
2 0.6792207792207792 0.6761904761904762 0.02987012987012987 0.1349206349206349
2 0.7116883116883117 0.638095238095238 0.02987012987012987 0.12222222222222222
2 0.6753246753246753 0.5682539682539682 0.02987012987012987 0.08095238095238096
2 0.7168831168831169 0.5571428571428572 0.03636363636363636 0.10317460317460317
2 0.6493506493506493 0.5365079365079365 0.02727272727272727 0.10952380952380952
2 0.6831168831168831 0.48253968253968255 0.032467532467532464 0.0873015873015873
2 0.6610389610389611 0.49682539682539684 0.02857142857142857 0.09365079365079365
2 0.6467532467532467 0.4365079365079365 0.01818181818181818 0.0746031746031746
2 0.638961038961039 0.3888888888888889 0.02077922077922078 0.05873015873015873
2 0.6233766233766234 0.37142857142857144 0.015584415584415584 0.06349206349206349
2 0.6298701298701299 0.34285714285714286 0.015584415584415584 0.050793650793650794
2 0.5363636363636364 0.42698412698412697 0.02077922077922078 0.06825396825396825
2 0.5 0.4380952380952381 0.016883116883116882 0.06190476190476191
2 0.4896103896103896 0.39365079365079364 0.01948051948051948 0.0746031746031746
2 0.525974025974026 0.3968253968253968 0.02077922077922078 0.06031746031746032
2 0.512987012987013 0.3761904761904762 0.01818181818181818 0.06507936507936508
2 0.487012987012987 0.353968253968254 0.01948051948051948 0.05555555555555555
2 0.4948051948051948 0.3111111111111111 0.015584415584415584 0.05555555555555555
2 0.5051948051948052 0.33174603174603173 0.015584415584415584 0.06507936507936508
2 0.5974025974025974 0.3047619047619048 0.014285714285714285 0.03015873015873016
2 0.587012987012987 0.2761904761904762 0.014285714285714285 0.04285714285714286
2 0.5766233766233766 0.2650793650793651 0.011688311688311689 0.046031746031746035
2 0.5025974025974026 0.2507936507936508 0.011688311688311689 0.04285714285714286
2 0.525974025974026 0.24126984126984127 0.007792207792207792 0.025396825396825397
2 0.5168831168831168 0.23809523809523808 0.012987012987012988 0.020634920634920634
2 0.535064935064935 0.23492063492063492 0.00909090909090909 0.0380952380952381
2 0.5454545454545454 0.21746031746031746 0.007792207792207792 0.02857142857142857
2 0.5402597402597402 0.23015873015873015 0.007792207792207792 0.031746031746031744
2 0.564935064935065 0.2507936507936508 0.01038961038961039 0.023809523809523808
2 0.551948051948052 0.2365079365079365 0.00909090909090909 0.0380952380952381
2 0.5584415584415584 0.24285714285714285 0.006493506493506494 0.03333333333333333
2 0.5597402597402598 0.21746031746031746 0.014285714285714285 0.03333333333333333
2 0.4805194805194805 0.18095238095238095 0.01038961038961039 0.023809523809523808
2 0.5038961038961038 0.17777777777777778 0.006493506493506494 0.022222222222222223
2 0.5441558441558442 0.19523809523809524 0.007792207792207792 0.01746031746031746
2 0.474025974025974 0.15714285714285714 0.007792207792207792 0.01904761904761905
2 0.4805194805194805 0.14285714285714285 0.006493506493506494 0.023809523809523808
2 0.4909090909090909 0.14126984126984127 0.007792207792207792 0.01746031746031746
2 0.4974025974025974 0.13968253968253969 0.00909090909090909 0.01746031746031746
2 0.4948051948051948 0.16031746031746033 0.01038961038961039 0.015873015873015872
2 0.5103896103896104 0.18095238095238095 0.005194805194805195 0.020634920634920634
2 0.5077922077922078 0.10476190476190476 0.005194805194805195 0.01746031746031746
2 0.4922077922077922 0.10317460317460317 0.005194805194805195 0.011111111111111112
1 0.4987012987012987 0.09841269841269841 0.011688311688311689 0.009523809523809525
1 0.5 0.1111111111111111 0.014285714285714285 0.020634920634920634
1 0.4844155844155844 0.10634920634920635 0.01038961038961039 0.01746031746031746
1 0.4857142857142857 0.11428571428571428 0.012987012987012988 0.014285714285714285
3 0.4623376623376623 0.12063492063492064 0.024675324675324677 0.05396825396825397
1 0.4896103896103896 0.1253968253968254 0.02987012987012987 0.01746031746031746
0 0.5155844155844156 0.14603174603174604 0.02857142857142857 0.04285714285714286
1 0.4636363636363636 0.16031746031746033 0.02077922077922078 0.025396825396825397
1 0.4675324675324675 0.1761904761904762 0.024675324675324677 0.03968253968253968
1 0.4831168831168831 0.15873015873015872 0.01948051948051948 0.023809523809523808
1 0.4896103896103896 0.15079365079365079 0.015584415584415584 0.020634920634920634
1 0.522077922077922 0.17777777777777778 0.02207792207792208 0.031746031746031744
1 0.4961038961038961 0.17936507936507937 0.02207792207792208 0.02857142857142857
3 0.4779220779220779 0.23015873015873015 0.03506493506493506 0.08571428571428572
1 0.525974025974026 0.1873015873015873 0.023376623376623377 0.020634920634920634
1 0.5 0.19682539682539682 0.02077922077922078 0.026984126984126985
1 0.5324675324675324 0.20952380952380953 0.02727272727272727 0.046031746031746035
1 0.5077922077922078 0.2222222222222222 0.02727272727272727 0.050793650793650794
1 0.522077922077922 0.2698412698412698 0.032467532467532464 0.06507936507936508
1 0.5584415584415584 0.27936507936507937 0.03116883116883117 0.05873015873015873
1 0.5467532467532468 0.34285714285714286 0.046753246753246755 0.09206349206349207
1 0.5974025974025974 0.35873015873015873 0.05714285714285714 0.1111111111111111
1 0.5792207792207792 0.4507936507936508 0.06233766233766234 0.12857142857142856
1 0.5272727272727272 0.5079365079365079 0.05844155844155844 0.13968253968253969
1 0.8025974025974026 0.8841269841269841 0.13896103896103895 0.23015873015873015