2 0.5233766233766234 0.9603174603174603 0.045454545454545456 0.07777777777777778
2 0.535064935064935 0.8698412698412699 0.032467532467532464 0.1523809523809524
2 0.6064935064935065 0.8952380952380953 0.03896103896103896 0.11428571428571428
2 0.8935064935064935 0.9317460317460318 0.045454545454545456 0.1349206349206349
2 0.9064935064935065 0.8904761904761904 0.04025974025974026 0.14285714285714285
2 0.7623376623376623 0.873015873015873 0.04415584415584416 0.1873015873015873
2 0.8142857142857143 0.8412698412698413 0.045454545454545456 0.1523809523809524
2 0.8363636363636363 0.8047619047619048 0.046753246753246755 0.1492063492063492
2 0.8168831168831169 0.7301587301587301 0.046753246753246755 0.12380952380952381
2 0.7324675324675325 0.7619047619047619 0.04935064935064935 0.1365079365079365
2 0.7480519480519481 0.7238095238095238 0.03896103896103896 0.1634920634920635
2 0.7623376623376623 0.6904761904761905 0.02857142857142857 0.12698412698412698
1 0.6636363636363637 0.8428571428571429 0.11428571428571428 0.2698412698412698
2 0.6922077922077922 0.7253968253968254 0.02987012987012987 0.1253968253968254
2 0.6558441558441559 0.6365079365079365 0.032467532467532464 0.12857142857142856
2 0.6415584415584416 0.5476190476190477 0.03506493506493506 0.10158730158730159
2 0.5571428571428572 0.626984126984127 0.02987012987012987 0.10793650793650794
2 0.5064935064935064 0.6079365079365079 0.02857142857142857 0.0761904761904762
2 0.5 0.5587301587301587 0.02207792207792208 0.09047619047619047
2 0.5207792207792208 0.5285714285714286 0.016883116883116882 0.08571428571428572
2 0.5467532467532468 0.5603174603174603 0.01818181818181818 0.08412698412698413
2 0.5402597402597402 0.5015873015873016 0.01948051948051948 0.08095238095238096
2 0.487012987012987 0.46984126984126984 0.015584415584415584 0.09206349206349207
2 0.5194805194805194 0.46984126984126984 0.016883116883116882 0.08412698412698413
2 0.5376623376623376 0.45396825396825397 0.016883116883116882 0.08095238095238096
1 0.587012987012987 0.5365079365079365 0.06883116883116883 0.11587301587301588
2 0.5766233766233766 0.4587301587301587 0.02077922077922078 0.05714285714285714
2 0.6207792207792208 0.4857142857142857 0.02077922077922078 0.0873015873015873
2 0.6493506493506493 0.4793650793650794 0.016883116883116882 0.07777777777777778
2 0.6350649350649351 0.4365079365079365 0.015584415584415584 0.08095238095238096
1 0.6948051948051948 0.5603174603174603 0.08311688311688312 0.1523809523809524
2 0.6532467532467533 0.45714285714285713 0.007792207792207792 0.05714285714285714
2 0.674025974025974 0.4507936507936508 0.012987012987012988 0.0746031746031746
2 0.6103896103896104 0.4158730158730159 0.015584415584415584 0.07936507936507936
2 0.6428571428571429 0.41904761904761906 0.01948051948051948 0.06825396825396825
2 0.6038961038961039 0.37777777777777777 0.01818181818181818 0.05555555555555555
2 0.6194805194805195 0.3888888888888889 0.015584415584415584 0.05873015873015873
2 0.6363636363636364 0.37936507936507935 0.01818181818181818 0.06031746031746032
2 0.6467532467532467 0.3968253968253968 0.02077922077922078 0.04285714285714286
2 0.5948051948051948 0.3492063492063492 0.015584415584415584 0.05555555555555555
2 0.6155844155844156 0.353968253968254 0.01948051948051948 0.050793650793650794
2 0.6155844155844156 0.3619047619047619 0.016883116883116882 0.049206349206349205
2 0.6220779220779221 0.34444444444444444 0.01038961038961039 0.05873015873015873
2 0.5688311688311688 0.30793650793650795 0.014285714285714285 0.05873015873015873
2 0.5857142857142857 0.3238095238095238 0.015584415584415584 0.049206349206349205
2 0.5233766233766234 0.4111111111111111 0.01948051948051948 0.06984126984126984
2 0.4974025974025974 0.36666666666666664 0.014285714285714285 0.06666666666666667
2 0.5298701298701298 0.38412698412698415 0.01818181818181818 0.06031746031746032
2 0.5181818181818182 0.3634920634920635 0.016883116883116882 0.05238095238095238
2 0.509090909090909 0.3238095238095238 0.01038961038961039 0.049206349206349205
2 0.5272727272727272 0.3126984126984127 0.016883116883116882 0.05238095238095238
1 0.587012987012987 0.30158730158730157 0.03636363636363636 0.05714285714285714
2 0.5714285714285714 0.2761904761904762 0.00909090909090909 0.044444444444444446
1 0.487012987012987 0.3253968253968254 0.03896103896103896 0.07777777777777778
2 0.474025974025974 0.2984126984126984 0.016883116883116882 0.05714285714285714
2 0.5077922077922078 0.28095238095238095 0.01038961038961039 0.04126984126984127
2 0.5194805194805194 0.26666666666666666 0.014285714285714285 0.049206349206349205
2 0.5194805194805194 0.27936507936507937 0.011688311688311689 0.04126984126984127
2 0.5584415584415584 0.2619047619047619 0.011688311688311689 0.04285714285714286
2 0.551948051948052 0.24761904761904763 0.011688311688311689 0.031746031746031744
2 0.5701298701298702 0.2571428571428571 0.012987012987012988 0.02857142857142857
2 0.5558441558441558 0.23809523809523808 0.007792207792207792 0.04285714285714286
2 0.5064935064935064 0.25396825396825395 0.006493506493506494 0.03968253968253968
2 0.535064935064935 0.22063492063492063 0.0025974025974025974 0.0380952380952381
2 0.5467532467532468 0.21746031746031746 0.006493506493506494 0.03650793650793651
2 0.5 0.23015873015873015 0.01038961038961039 0.047619047619047616
2 0.45584415584415583 0.2365079365079365 0.011688311688311689 0.03968253968253968
2 0.4623376623376623 0.21904761904761905 0.007792207792207792 0.03492063492063492
2 0.4597402597402597 0.19523809523809524 0.00909090909090909 0.022222222222222223
2 0.4753246753246753 0.19365079365079366 0.006493506493506494 0.025396825396825397
2 0.4805194805194805 0.19682539682539682 0.005194805194805195 0.023809523809523808
1 0.4857142857142857 0.2523809523809524 0.025974025974025976 0.05238095238095238
2 0.4922077922077922 0.21746031746031746 0.007792207792207792 0.022222222222222223
2 0.4896103896103896 0.1984126984126984 0.00909090909090909 0.02857142857142857
2 0.5025974025974026 0.19365079365079366 0.011688311688311689 0.02857142857142857
2 0.4974025974025974 0.20317460317460317 0.007792207792207792 0.023809523809523808
2 0.5116883116883116 0.19365079365079366 0.01038961038961039 0.020634920634920634
1 0.5168831168831168 0.23174603174603176 0.02857142857142857 0.05555555555555555
2 0.5233766233766234 0.1984126984126984 0.00909090909090909 0.022222222222222223
2 0.5298701298701298 0.20476190476190476 0.01038961038961039 0.03015873015873016
1 0.4675324675324675 0.16984126984126985 0.01948051948051948 0.02857142857142857
2 0.4792207792207792 0.1619047619047619 0.006493506493506494 0.026984126984126985
2 0.4805194805194805 0.17142857142857143 0.007792207792207792 0.01746031746031746
2 0.4857142857142857 0.16825396825396827 0.003896103896103896 0.01746031746031746
2 0.4948051948051948 0.1761904761904762 0.007792207792207792 0.015873015873015872
2 0.522077922077922 0.18095238095238095 0.006493506493506494 0.023809523809523808
2 0.5 0.16825396825396827 0.006493506493506494 0.023809523809523808
2 0.5025974025974026 0.173015873015873 0.003896103896103896 0.015873015873015872
2 0.5077922077922078 0.1761904761904762 0.003896103896103896 0.014285714285714285
2 0.487012987012987 0.15873015873015872 0.005194805194805195 0.020634920634920634
2 0.4909090909090909 0.15555555555555556 0.00909090909090909 0.022222222222222223
2 0.4948051948051948 0.15396825396825398 0.003896103896103896 0.01746031746031746
2 0.5012987012987012 0.15714285714285714 0.005194805194805195 0.020634920634920634
2 0.5064935064935064 0.1634920634920635 0.005194805194805195 0.022222222222222223
2 0.5116883116883116 0.16507936507936508 0.006493506493506494 0.01904761904761905
2 0.5181818181818182 0.16984126984126985 0.007792207792207792 0.023809523809523808
2 0.5142857142857142 0.1619047619047619 0.006493506493506494 0.022222222222222223
1 0.4636363636363636 0.15873015873015872 0.02207792207792208 0.03015873015873016
2 0.4714285714285714 0.15079365079365079 0.003896103896103896 0.023809523809523808
1 0.4623376623376623 0.14126984126984127 0.015584415584415584 0.01746031746031746
1 0.461038961038961 0.13174603174603175 0.012987012987012988 0.012698412698412698
2 0.4714285714285714 0.13015873015873017 0.005194805194805195 0.023809523809523808
2 0.4714285714285714 0.1365079365079365 0.0025974025974025974 0.020634920634920634
2 0.4766233766233766 0.1365079365079365 0.005194805194805195 0.022222222222222223
1 0.4636363636363636 0.12698412698412698 0.00909090909090909 0.014285714285714285
1 0.4649350649350649 0.11746031746031746 0.012987012987012988 0.011111111111111112
2 0.4675324675324675 0.11428571428571428 0.003896103896103896 0.014285714285714285
2 0.474025974025974 0.1111111111111111 0.003896103896103896 0.020634920634920634
1 0.5025974025974026 0.13015873015873017 0.011688311688311689 0.01904761904761905
1 0.4909090909090909 0.12222222222222222 0.007792207792207792 0.020634920634920634
1 0.4987012987012987 0.10952380952380952 0.007792207792207792 0.01746031746031746
2 0.5051948051948052 0.11587301587301588 0.005194805194805195 0.014285714285714285
1 0.6038961038961039 0.9698412698412698 0.09480519480519481 0.06031746031746032
1 0.535064935064935 0.7126984126984127 0.07532467532467532 0.1984126984126984
1 0.5623376623376624 0.39206349206349206 0.04285714285714286 0.09365079365079365
1 0.5493506493506494 0.3380952380952381 0.03506493506493506 0.06666666666666667
1 0.5454545454545454 0.2857142857142857 0.02987012987012987 0.05396825396825397
1 0.474025974025974 0.23333333333333334 0.01948051948051948 0.03968253968253968
1 0.4883116883116883 0.1349206349206349 0.012987012987012988 0.022222222222222223
1 0.4818181818181818 0.12222222222222222 0.006493506493506494 0.01746031746031746
1 0.4831168831168831 0.1126984126984127 0.007792207792207792 0.015873015873015872
3 0.4922077922077922 0.08888888888888889 0.012987012987012988 0.03015873015873016
1 0.6116883116883117 0.6492063492063492 0.09090909090909091 0.173015873015873