2 0.7285714285714285 0.6857142857142857 0.03636363636363636 0.1253968253968254
2 0.5922077922077922 0.3253968253968254 0.016883116883116882 0.05714285714285714
2 0.5064935064935064 0.2968253968253968 0.012987012987012988 0.05396825396825397
2 0.5545454545454546 0.2396825396825397 0.007792207792207792 0.046031746031746035
2 0.538961038961039 0.2111111111111111 0.00909090909090909 0.03650793650793651
2 0.4662337662337662 0.2111111111111111 0.007792207792207792 0.03492063492063492
2 0.509090909090909 0.1492063492063492 0.005194805194805195 0.020634920634920634
2 0.4883116883116883 0.16031746031746033 0.007792207792207792 0.023809523809523808
2 0.4831168831168831 0.13333333333333333 0.005194805194805195 0.020634920634920634
2 0.4948051948051948 0.13968253968253969 0.003896103896103896 0.01904761904761905
2 0.4896103896103896 0.13015873015873017 0.006493506493506494 0.022222222222222223
2 0.5025974025974026 0.1349206349206349 0.005194805194805195 0.01746031746031746
1 0.474025974025974 0.11428571428571428 0.01038961038961039 0.020634920634920634
2 0.4857142857142857 0.11428571428571428 0.006493506493506494 0.01746031746031746
2 0.4935064935064935 0.12063492063492064 0.003896103896103896 0.011111111111111112
2 0.4974025974025974 0.12222222222222222 0.005194805194805195 0.014285714285714285
2 0.4974025974025974 0.10952380952380952 0.003896103896103896 0.009523809523809525
1 0.5272727272727272 0.25396825396825395 0.023376623376623377 0.05238095238095238