1 0.7766233766233767 0.9111111111111111 0.13246753246753246 0.17777777777777778
1 0.5701298701298702 0.9 0.08051948051948052 0.2
1 0.7064935064935065 0.7063492063492064 0.08051948051948052 0.2222222222222222
1 0.4948051948051948 0.346031746031746 0.04155844155844156 0.06666666666666667
1 0.4883116883116883 0.3 0.02857142857142857 0.03333333333333333
1 0.4935064935064935 0.27936507936507937 0.033766233766233764 0.04285714285714286
1 0.4818181818181818 0.2507936507936508 0.025974025974025976 0.031746031746031744
1 0.5337662337662338 0.27936507936507937 0.02077922077922078 0.03650793650793651
1 0.5571428571428572 0.2619047619047619 0.024675324675324677 0.026984126984126985
1 0.5233766233766234 0.2619047619047619 0.033766233766233764 0.03492063492063492
1 0.5194805194805194 0.23174603174603176 0.024675324675324677 0.025396825396825397
1 0.5285714285714286 0.2396825396825397 0.02207792207792208 0.022222222222222223
1 0.5155844155844156 0.21904761904761905 0.01818181818181818 0.022222222222222223
1 0.5311688311688312 0.19682539682539682 0.01948051948051948 0.025396825396825397
1 0.5012987012987012 0.19206349206349208 0.02077922077922078 0.03968253968253968
1 0.487012987012987 0.12857142857142856 0.01038961038961039 0.025396825396825397
2 0.4727272727272727 0.12857142857142856 0.011688311688311689 0.023809523809523808
1 0.4792207792207792 0.10952380952380952 0.016883116883116882 0.020634920634920634
3 0.4844155844155844 0.1 0.011688311688311689 0.020634920634920634
2 0.4948051948051948 0.14126984126984127 0.00909090909090909 0.01746031746031746
2 0.4987012987012987 0.1619047619047619 0.012987012987012988 0.022222222222222223
2 0.5064935064935064 0.1619047619047619 0.00909090909090909 0.022222222222222223
2 0.5103896103896104 0.14603174603174604 0.015584415584415584 0.020634920634920634
2 0.5051948051948052 0.13174603174603175 0.011688311688311689 0.01746031746031746
2 0.5025974025974026 0.11746031746031746 0.012987012987012988 0.012698412698412698
2 0.4974025974025974 0.10952380952380952 0.007792207792207792 0.01904761904761905
1 0.5 0.10317460317460317 0.012987012987012988 0.022222222222222223
3 0.4961038961038961 0.08888888888888889 0.011688311688311689 0.022222222222222223
1 0.5116883116883116 0.09841269841269841 0.01038961038961039 0.014285714285714285
3 0.4753246753246753 0.20793650793650795 0.033766233766233764 0.07301587301587302
3 0.564935064935065 0.30952380952380953 0.04285714285714286 0.06031746031746032
3 0.5428571428571428 0.29365079365079366 0.025974025974025976 0.03492063492063492
3 0.535064935064935 0.44603174603174606 0.06623376623376623 0.22857142857142856
3 0.5974025974025974 0.43492063492063493 0.07532467532467532 0.20634920634920634
1 0.4675324675324675 0.16984126984126985 0.024675324675324677 0.03015873015873016
3 0.6194805194805195 0.6952380952380952 0.12337662337662338 0.2873015873015873
2 0.5155844155844156 0.18412698412698414 0.014285714285714285 0.025396825396825397
2 0.5207792207792208 0.16984126984126985 0.014285714285714285 0.03015873015873016
2 0.5441558441558442 0.23333333333333334 0.014285714285714285 0.03015873015873016
2 0.5493506493506494 0.2126984126984127 0.015584415584415584 0.020634920634920634
2 0.535064935064935 0.22698412698412698 0.015584415584415584 0.023809523809523808
2 0.5337662337662338 0.2222222222222222 0.02077922077922078 0.01746031746031746
2 0.5636363636363636 0.22857142857142856 0.014285714285714285 0.03333333333333333
2 0.5194805194805194 0.30158730158730157 0.02077922077922078 0.02857142857142857
2 0.5207792207792208 0.3238095238095238 0.023376623376623377 0.02857142857142857
2 0.6038961038961039 0.3111111111111111 0.01818181818181818 0.046031746031746035
2 0.6181818181818182 0.3238095238095238 0.014285714285714285 0.044444444444444446
2 0.6428571428571429 0.37142857142857144 0.02207792207792208 0.01904761904761905
2 0.6402597402597403 0.3603174603174603 0.01948051948051948 0.025396825396825397
2 0.6298701298701299 0.3888888888888889 0.012987012987012988 0.03015873015873016
2 0.6480519480519481 0.3888888888888889 0.016883116883116882 0.03650793650793651
2 0.6597402597402597 0.42698412698412697 0.016883116883116882 0.046031746031746035
2 0.6584415584415585 0.4031746031746032 0.01948051948051948 0.026984126984126985
2 0.6363636363636364 0.4222222222222222 0.02207792207792208 0.0380952380952381
2 0.6675324675324675 0.4492063492063492 0.01948051948051948 0.03492063492063492
2 0.6441558441558441 0.45396825396825397 0.023376623376623377 0.050793650793650794
2 0.6766233766233766 0.4793650793650794 0.02857142857142857 0.044444444444444446
2 0.6519480519480519 0.4873015873015873 0.024675324675324677 0.03650793650793651
2 0.6506493506493507 0.5015873015873016 0.033766233766233764 0.04126984126984127
2 0.6844155844155844 0.5095238095238095 0.03636363636363636 0.05555555555555555
2 0.6532467532467533 0.5380952380952381 0.02077922077922078 0.07301587301587302
2 0.6844155844155844 0.5603174603174603 0.032467532467532464 0.06825396825396825
2 0.6155844155844156 0.5523809523809524 0.024675324675324677 0.04285714285714286
2 0.6441558441558441 0.5777777777777777 0.02987012987012987 0.05238095238095238
2 0.6584415584415585 0.6190476190476191 0.033766233766233764 0.08571428571428572
2 0.6987012987012987 0.5984126984126984 0.02077922077922078 0.0380952380952381
2 0.7415584415584415 0.6301587301587301 0.02727272727272727 0.08095238095238096
2 0.7857142857142857 0.653968253968254 0.03766233766233766 0.06984126984126984
2 0.7584415584415585 0.7206349206349206 0.03506493506493506 0.09047619047619047
2 0.7818181818181819 0.707936507936508 0.02207792207792208 0.09206349206349207
2 0.8285714285714286 0.7158730158730159 0.046753246753246755 0.07777777777777778
2 0.8077922077922078 0.753968253968254 0.05064935064935065 0.07301587301587302
2 0.787012987012987 0.8063492063492064 0.03636363636363636 0.07301587301587302
2 0.8571428571428571 0.7761904761904762 0.04415584415584416 0.08253968253968254
2 0.8389610389610389 0.8333333333333334 0.045454545454545456 0.09682539682539683
2 0.8116883116883117 0.8968253968253969 0.04285714285714286 0.15714285714285714
2 0.8974025974025974 0.8873015873015873 0.04155844155844156 0.11746031746031746
2 0.8675324675324675 0.8952380952380953 0.05714285714285714 0.09682539682539683
2 0.8571428571428571 0.9666666666666667 0.06233766233766234 0.06507936507936508
2 0.9103896103896104 0.9682539682539683 0.03766233766233766 0.06349206349206349
2 0.9376623376623376 0.946031746031746 0.03116883116883117 0.09206349206349207
2 0.9662337662337662 0.9301587301587302 0.053246753246753244 0.1111111111111111
2 0.5038961038961038 0.7 0.03766233766233766 0.06190476190476191
2 0.535064935064935 0.5634920634920635 0.032467532467532464 0.049206349206349205
2 0.5077922077922078 0.5650793650793651 0.032467532467532464 0.050793650793650794
2 0.4922077922077922 0.5349206349206349 0.023376623376623377 0.10158730158730159
2 0.548051948051948 0.5873015873015873 0.03116883116883117 0.07301587301587302
2 0.5688311688311688 0.580952380952381 0.023376623376623377 0.08412698412698413
2 0.5064935064935064 0.5968253968253968 0.02727272727272727 0.06190476190476191
2 0.551948051948052 0.6301587301587301 0.02727272727272727 0.07777777777777778
2 0.5012987012987012 0.6444444444444445 0.033766233766233764 0.09047619047619047
2 0.5558441558441558 0.6841269841269841 0.048051948051948054 0.05714285714285714
2 0.5051948051948052 0.7968253968253968 0.02987012987012987 0.12063492063492064
2 0.5467532467532468 0.7507936507936508 0.04025974025974026 0.10158730158730159