1 0.574025974025974 0.9015873015873016 0.10909090909090909 0.19682539682539682
2 0.7467532467532467 0.8317460317460318 0.03766233766233766 0.16507936507936508
2 0.8116883116883117 0.8984126984126984 0.045454545454545456 0.16507936507936508
2 0.9025974025974026 0.9603174603174603 0.05974025974025974 0.07936507936507936
2 0.8571428571428571 0.8380952380952381 0.05194805194805195 0.17142857142857143
2 0.7714285714285715 0.7682539682539683 0.04025974025974026 0.14126984126984127
2 0.7285714285714285 0.6634920634920635 0.03116883116883117 0.1349206349206349
2 0.6779220779220779 0.5412698412698412 0.025974025974025976 0.09523809523809523
2 0.6233766233766234 0.4746031746031746 0.012987012987012988 0.03492063492063492
2 0.6467532467532467 0.4793650793650794 0.02207792207792208 0.0761904761904762
2 0.6233766233766234 0.4301587301587302 0.01948051948051948 0.06984126984126984
2 0.6558441558441559 0.4444444444444444 0.01948051948051948 0.07142857142857142
2 0.6688311688311688 0.42857142857142855 0.02727272727272727 0.07936507936507936
2 0.5181818181818182 0.4142857142857143 0.025974025974025976 0.07301587301587302
2 0.5961038961038961 0.4158730158730159 0.01818181818181818 0.06666666666666667
2 0.5935064935064935 0.3825396825396825 0.01818181818181818 0.05396825396825397
2 0.6116883116883117 0.3968253968253968 0.02077922077922078 0.06666666666666667
2 0.6298701298701299 0.3825396825396825 0.014285714285714285 0.06031746031746032
2 0.638961038961039 0.40476190476190477 0.016883116883116882 0.05555555555555555
2 0.5727272727272728 0.37936507936507935 0.014285714285714285 0.03492063492063492
2 0.574025974025974 0.3634920634920635 0.016883116883116882 0.046031746031746035
2 0.5636363636363636 0.34285714285714286 0.012987012987012988 0.05555555555555555
2 0.6064935064935065 0.353968253968254 0.014285714285714285 0.06190476190476191
2 0.6142857142857143 0.3349206349206349 0.015584415584415584 0.06031746031746032
2 0.5935064935064935 0.326984126984127 0.011688311688311689 0.044444444444444446
2 0.587012987012987 0.3412698412698413 0.015584415584415584 0.05396825396825397
2 0.574025974025974 0.3253968253968254 0.011688311688311689 0.049206349206349205
2 0.5207792207792208 0.326984126984127 0.012987012987012988 0.05238095238095238
2 0.5142857142857142 0.30317460317460315 0.012987012987012988 0.049206349206349205
2 0.512987012987013 0.2761904761904762 0.011688311688311689 0.03333333333333333
2 0.5272727272727272 0.2920634920634921 0.011688311688311689 0.044444444444444446
2 0.5272727272727272 0.2761904761904762 0.012987012987012988 0.0380952380952381
2 0.5493506493506494 0.30952380952380953 0.016883116883116882 0.049206349206349205
2 0.5376623376623376 0.30317460317460315 0.014285714285714285 0.03650793650793651
2 0.5441558441558442 0.2873015873015873 0.011688311688311689 0.04126984126984127
2 0.5636363636363636 0.2920634920634921 0.012987012987012988 0.04285714285714286
2 0.5844155844155844 0.30793650793650795 0.015584415584415584 0.05396825396825397
2 0.4987012987012987 0.2746031746031746 0.014285714285714285 0.02857142857142857
2 0.5025974025974026 0.2650793650793651 0.012987012987012988 0.0380952380952381
2 0.4987012987012987 0.24285714285714285 0.011688311688311689 0.03650793650793651
2 0.4883116883116883 0.22698412698412698 0.00909090909090909 0.04126984126984127
2 0.5025974025974026 0.22063492063492063 0.01038961038961039 0.03650793650793651
2 0.5311688311688312 0.21904761904761905 0.012987012987012988 0.0380952380952381
2 0.5441558441558442 0.2126984126984127 0.007792207792207792 0.04126984126984127
2 0.4935064935064935 0.20952380952380953 0.00909090909090909 0.03333333333333333
2 0.4844155844155844 0.18571428571428572 0.01038961038961039 0.031746031746031744
2 0.5181818181818182 0.1984126984126984 0.011688311688311689 0.031746031746031744
2 0.5285714285714286 0.18571428571428572 0.01038961038961039 0.03015873015873016
2 0.5376623376623376 0.19365079365079366 0.01038961038961039 0.026984126984126985
2 0.4766233766233766 0.16507936507936508 0.012987012987012988 0.026984126984126985
2 0.5116883116883116 0.16666666666666666 0.012987012987012988 0.02857142857142857
2 0.4766233766233766 0.15079365079365079 0.007792207792207792 0.025396825396825397
2 0.5168831168831168 0.13968253968253969 0.011688311688311689 0.025396825396825397
2 0.5038961038961038 0.13174603174603175 0.00909090909090909 0.015873015873015872
2 0.4844155844155844 0.13015873015873017 0.00909090909090909 0.020634920634920634
2 0.4766233766233766 0.11746031746031746 0.007792207792207792 0.023809523809523808
2 0.5038961038961038 0.12063492063492064 0.01038961038961039 0.022222222222222223
2 0.5064935064935064 0.10793650793650794 0.007792207792207792 0.020634920634920634
2 0.4662337662337662 0.07936507936507936 0.0025974025974025974 0.004761904761904762
3 0.4727272727272727 0.09206349206349207 0.014285714285714285 0.02857142857142857
1 0.5025974025974026 0.09047619047619047 0.016883116883116882 0.023809523809523808
1 0.4662337662337662 0.1111111111111111 0.012987012987012988 0.01904761904761905
1 0.4675324675324675 0.12380952380952381 0.015584415584415584 0.01746031746031746
1 0.4922077922077922 0.10952380952380952 0.015584415584415584 0.01746031746031746
1 0.4883116883116883 0.1253968253968254 0.01948051948051948 0.03333333333333333
1 0.4649350649350649 0.14126984126984127 0.016883116883116882 0.022222222222222223
1 0.4649350649350649 0.1492063492063492 0.016883116883116882 0.020634920634920634
1 0.4883116883116883 0.1492063492063492 0.015584415584415584 0.03492063492063492
1 0.5051948051948052 0.14444444444444443 0.015584415584415584 0.02857142857142857
1 0.512987012987013 0.1619047619047619 0.01948051948051948 0.02857142857142857
1 0.4636363636363636 0.1746031746031746 0.01818181818181818 0.044444444444444446
1 0.4935064935064935 0.17142857142857143 0.02207792207792208 0.03333333333333333
1 0.5116883116883116 0.20952380952380953 0.01948051948051948 0.046031746031746035
1 0.4714285714285714 0.19523809523809524 0.023376623376623377 0.03968253968253968
1 0.4688311688311688 0.22063492063492063 0.024675324675324677 0.04285714285714286
1 0.4766233766233766 0.25396825396825395 0.024675324675324677 0.05238095238095238
1 0.5233766233766234 0.2507936507936508 0.03116883116883117 0.050793650793650794
1 0.5597402597402598 0.2571428571428571 0.032467532467532464 0.07142857142857142
1 0.4935064935064935 0.319047619047619 0.03896103896103896 0.0873015873015873
1 0.5363636363636364 0.3476190476190476 0.045454545454545456 0.08095238095238096
1 0.5636363636363636 0.42063492063492064 0.045454545454545456 0.10793650793650794
1 0.5285714285714286 0.5079365079365079 0.06103896103896104 0.1380952380952381
1 0.6311688311688312 0.553968253968254 0.07272727272727272 0.16825396825396827
1 0.561038961038961 0.6761904761904762 0.07792207792207792 0.17777777777777778