0 0.7753246753246753 0.7158730158730159 0.24285714285714285 0.5253968253968254
2 0.6454545454545455 0.7698412698412699 0.045454545454545456 0.14285714285714285
2 0.5805194805194805 0.7936507936507936 0.04415584415584416 0.15396825396825398
2 0.6090909090909091 0.6333333333333333 0.02857142857142857 0.10793650793650794
2 0.7155844155844155 0.9698412698412698 0.03766233766233766 0.05873015873015873
2 0.6220779220779221 0.4936507936507937 0.024675324675324677 0.07777777777777778
1 0.5688311688311688 0.49047619047619045 0.06493506493506493 0.1380952380952381
2 0.6311688311688312 0.4396825396825397 0.02727272727272727 0.0746031746031746
2 0.6324675324675325 0.4031746031746032 0.016883116883116882 0.047619047619047616
2 0.5051948051948052 0.37142857142857144 0.023376623376623377 0.06349206349206349
2 0.5857142857142857 0.35555555555555557 0.016883116883116882 0.05873015873015873
2 0.6064935064935065 0.35714285714285715 0.01948051948051948 0.06190476190476191
2 0.5324675324675324 0.28095238095238095 0.011688311688311689 0.0380952380952381
2 0.5545454545454546 0.28095238095238095 0.015584415584415584 0.03968253968253968
2 0.5428571428571428 0.25873015873015875 0.00909090909090909 0.03650793650793651
2 0.5571428571428572 0.25555555555555554 0.012987012987012988 0.03492063492063492
2 0.5207792207792208 0.23492063492063492 0.01038961038961039 0.025396825396825397
2 0.538961038961039 0.22698412698412698 0.011688311688311689 0.023809523809523808
2 0.5246753246753246 0.26666666666666666 0.00909090909090909 0.03333333333333333
2 0.5363636363636364 0.21587301587301588 0.006493506493506494 0.014285714285714285
3 0.4922077922077922 0.2571428571428571 0.05454545454545454 0.1492063492063492
2 0.5168831168831168 0.1873015873015873 0.006493506493506494 0.026984126984126985
2 0.5246753246753246 0.19365079365079366 0.006493506493506494 0.025396825396825397
2 0.5324675324675324 0.2015873015873016 0.006493506493506494 0.020634920634920634
1 0.5038961038961038 0.18571428571428572 0.01818181818181818 0.023809523809523808
2 0.5168831168831168 0.16666666666666666 0.007792207792207792 0.01746031746031746
2 0.487012987012987 0.173015873015873 0.005194805194805195 0.012698412698412698
2 0.4805194805194805 0.1619047619047619 0.005194805194805195 0.015873015873015872
1 0.4805194805194805 0.1523809523809524 0.01818181818181818 0.015873015873015872
1 0.4662337662337662 0.18253968253968253 0.016883116883116882 0.044444444444444446
2 0.4714285714285714 0.15079365079365079 0.003896103896103896 0.009523809523809525
2 0.4714285714285714 0.1380952380952381 0.0025974025974025974 0.006349206349206349
2 0.4792207792207792 0.1349206349206349 0.005194805194805195 0.012698412698412698
2 0.4883116883116883 0.1365079365079365 0.005194805194805195 0.014285714285714285
2 0.4961038961038961 0.13333333333333333 0.005194805194805195 0.012698412698412698
1 0.5012987012987012 0.16825396825396827 0.01818181818181818 0.02857142857142857
2 0.4961038961038961 0.1523809523809524 0.005194805194805195 0.012698412698412698
2 0.5051948051948052 0.1365079365079365 0.003896103896103896 0.012698412698412698
2 0.4753246753246753 0.12857142857142856 0.0025974025974025974 0.012698412698412698
2 0.5025974025974026 0.1492063492063492 0.0025974025974025974 0.007936507936507936
2 0.5116883116883116 0.1523809523809524 0.0025974025974025974 0.014285714285714285
2 0.4714285714285714 0.12380952380952381 0.0025974025974025974 0.007936507936507936
2 0.4896103896103896 0.12698412698412698 0.0025974025974025974 0.009523809523809525
2 0.4974025974025974 0.12063492063492064 0.003896103896103896 0.012698412698412698
2 0.4961038961038961 0.11587301587301588 0.0025974025974025974 0.011111111111111112
2 0.5012987012987012 0.11428571428571428 0.005194805194805195 0.014285714285714285
2 0.5038961038961038 0.10317460317460317 0.003896103896103896 0.012698412698412698
2 0.509090909090909 0.10158730158730159 0.0025974025974025974 0.007936507936507936
1 0.5064935064935064 0.09365079365079365 0.01038961038961039 0.009523809523809525
1 0.4987012987012987 0.09523809523809523 0.007792207792207792 0.009523809523809525
1 0.4922077922077922 0.09841269841269841 0.006493506493506494 0.011111111111111112
1 0.487012987012987 0.11428571428571428 0.012987012987012988 0.011111111111111112
1 0.4649350649350649 0.1365079365079365 0.01038961038961039 0.031746031746031744
1 0.4675324675324675 0.21428571428571427 0.005194805194805195 0.04285714285714286
1 0.5532467532467532 0.35873015873015873 0.03636363636363636 0.0761904761904762