0 0.7714285714285715 0.6841269841269841 0.23506493506493506 0.5158730158730159
1 0.7038961038961039 0.8174603174603174 0.10909090909090909 0.21904761904761905
1 0.7610389610389611 0.9555555555555556 0.0987012987012987 0.08888888888888889
1 0.5363636363636364 0.692063492063492 0.07662337662337662 0.18095238095238095
1 0.6012987012987013 0.5650793650793651 0.07272727272727272 0.12698412698412698
1 0.6376623376623377 0.4777777777777778 0.05714285714285714 0.11746031746031746
1 0.4987012987012987 0.32063492063492066 0.03896103896103896 0.10952380952380952
1 0.5 0.1761904761904762 0.01948051948051948 0.031746031746031744
1 0.4662337662337662 0.15079365079365079 0.01948051948051948 0.03492063492063492
1 0.4831168831168831 0.15396825396825398 0.014285714285714285 0.03650793650793651
3 0.4753246753246753 0.11904761904761904 0.02077922077922078 0.05238095238095238
1 0.4844155844155844 0.09841269841269841 0.00909090909090909 0.020634920634920634
2 0.4961038961038961 0.15079365079365079 0.012987012987012988 0.025396825396825397
1 0.4922077922077922 0.10476190476190476 0.014285714285714285 0.01904761904761905
2 0.5025974025974026 0.1349206349206349 0.011688311688311689 0.01904761904761905
2 0.5051948051948052 0.10317460317460317 0.011688311688311689 0.014285714285714285
1 0.5038961038961038 0.09047619047619047 0.01038961038961039 0.020634920634920634
2 0.5194805194805194 0.24126984126984127 0.012987012987012988 0.044444444444444446
1 0.5441558441558442 0.2253968253968254 0.02987012987012987 0.06507936507936508
1 0.5246753246753246 0.48412698412698413 0.06623376623376623 0.173015873015873
0 0.6194805194805195 0.8857142857142857 0.14025974025974025 0.22698412698412698
2 0.535064935064935 0.8206349206349206 0.032467532467532464 0.10476190476190476
2 0.5337662337662338 0.7698412698412699 0.032467532467532464 0.06825396825396825
2 0.525974025974026 0.9206349206349206 0.02857142857142857 0.15873015873015872
2 0.8272727272727273 0.9634920634920635 0.032467532467532464 0.07142857142857142
2 0.6012987012987013 0.7619047619047619 0.01818181818181818 0.03492063492063492
2 0.6038961038961039 0.7063492063492064 0.02857142857142857 0.11587301587301588
2 0.6207792207792208 0.653968253968254 0.033766233766233764 0.1111111111111111
2 0.538961038961039 0.40476190476190477 0.02077922077922078 0.05396825396825397
2 0.5974025974025974 0.36984126984126986 0.02077922077922078 0.06349206349206349
2 0.5857142857142857 0.3492063492063492 0.024675324675324677 0.06666666666666667
2 0.574025974025974 0.30317460317460315 0.01948051948051948 0.05873015873015873