2 0.6376623376623377 0.9682539682539683 0.04155844155844156 0.06349206349206349
2 0.7974025974025974 0.7984126984126985 0.03116883116883117 0.11904761904761904
2 0.8636363636363636 0.9206349206349206 0.07402597402597402 0.15714285714285714
2 0.7584415584415585 0.6793650793650794 0.03896103896103896 0.13174603174603175
2 0.7272727272727273 0.6333333333333333 0.03116883116883117 0.11746031746031746
1 0.6779220779220779 0.6492063492063492 0.09350649350649351 0.19523809523809524
2 0.6961038961038961 0.553968253968254 0.025974025974025976 0.08412698412698413
1 0.6116883116883117 0.4793650793650794 0.05584415584415584 0.1126984126984127
2 0.6610389610389611 0.5111111111111111 0.02207792207792208 0.0873015873015873
2 0.6519480519480519 0.46190476190476193 0.03116883116883117 0.0873015873015873
1 0.5623376623376624 0.580952380952381 0.07142857142857142 0.17777777777777778
2 0.5727272727272728 0.49682539682539684 0.023376623376623377 0.050793650793650794
1 0.5701298701298702 0.753968253968254 0.11818181818181818 0.2841269841269841
1 0.7051948051948052 0.8634920634920635 0.13506493506493505 0.273015873015873
3 0.5181818181818182 0.44603174603174606 0.06103896103896104 0.1761904761904762
2 0.5272727272727272 0.3476190476190476 0.01818181818181818 0.04285714285714286
1 0.5 0.38095238095238093 0.03766233766233766 0.08888888888888889
2 0.5181818181818182 0.32222222222222224 0.015584415584415584 0.0380952380952381
2 0.4714285714285714 0.2841269841269841 0.014285714285714285 0.044444444444444446
2 0.5168831168831168 0.30158730158730157 0.01948051948051948 0.03492063492063492
1 0.4909090909090909 0.3253968253968254 0.03766233766233766 0.06984126984126984
1 0.4909090909090909 0.28253968253968254 0.03506493506493506 0.03492063492063492
2 0.4805194805194805 0.26825396825396824 0.011688311688311689 0.03333333333333333
2 0.461038961038961 0.18412698412698414 0.015584415584415584 0.03968253968253968
3 0.4792207792207792 0.21904761904761905 0.03636363636363636 0.09523809523809523
1 0.4753246753246753 0.18253968253968253 0.025974025974025976 0.031746031746031744
2 0.4857142857142857 0.18095238095238095 0.00909090909090909 0.026984126984126985
2 0.4844155844155844 0.16507936507936508 0.011688311688311689 0.023809523809523808
1 0.4974025974025974 0.173015873015873 0.016883116883116882 0.0380952380952381
2 0.4961038961038961 0.15396825396825398 0.011688311688311689 0.020634920634920634
1 0.5 0.1984126984126984 0.015584415584415584 0.03968253968253968
3 0.5194805194805194 0.21428571428571427 0.03896103896103896 0.08571428571428572
2 0.5116883116883116 0.16031746031746033 0.00909090909090909 0.02857142857142857
2 0.5064935064935064 0.16031746031746033 0.00909090909090909 0.02857142857142857
2 0.5194805194805194 0.16666666666666666 0.00909090909090909 0.03015873015873016
3 0.4896103896103896 0.12857142857142856 0.02077922077922078 0.050793650793650794
2 0.5 0.1253968253968254 0.007792207792207792 0.025396825396825397
2 0.4974025974025974 0.1111111111111111 0.006493506493506494 0.020634920634920634
2 0.509090909090909 0.1365079365079365 0.00909090909090909 0.022222222222222223
2 0.5051948051948052 0.10634920634920635 0.007792207792207792 0.023809523809523808
1 0.5311688311688312 0.26031746031746034 0.023376623376623377 0.050793650793650794
2 0.5376623376623376 0.22857142857142856 0.007792207792207792 0.026984126984126985
2 0.5415584415584416 0.2015873015873016 0.011688311688311689 0.026984126984126985
3 0.574025974025974 0.3746031746031746 0.07142857142857142 0.16666666666666666
1 0.5883116883116883 0.3 0.03636363636363636 0.06825396825396825
2 0.587012987012987 0.3111111111111111 0.01948051948051948 0.03333333333333333
3 0.6324675324675325 0.3619047619047619 0.06623376623376623 0.1380952380952381
2 0.6077922077922078 0.3 0.01038961038961039 0.03650793650793651
3 0.5532467532467532 0.3 0.04155844155844156 0.08888888888888889
1 0.5532467532467532 0.24761904761904763 0.024675324675324677 0.03492063492063492
2 0.5441558441558442 0.21746031746031746 0.007792207792207792 0.022222222222222223
2 0.561038961038961 0.22380952380952382 0.012987012987012988 0.03015873015873016
2 0.5675324675324676 0.25396825396825395 0.007792207792207792 0.026984126984126985
2 0.5766233766233766 0.25396825396825395 0.01038961038961039 0.03015873015873016
2 0.5857142857142857 0.25873015873015875 0.012987012987012988 0.02857142857142857
2 0.5987012987012987 0.2761904761904762 0.007792207792207792 0.025396825396825397