1 0.6103896103896104 0.8888888888888888 0.12467532467532468 0.2222222222222222
1 0.7558441558441559 0.926984126984127 0.11948051948051948 0.14603174603174604
2 0.8376623376623377 0.9380952380952381 0.02987012987012987 0.12222222222222222
2 0.8922077922077922 0.9507936507936507 0.046753246753246755 0.09523809523809523
2 0.9402597402597402 0.9523809523809523 0.045454545454545456 0.09523809523809523
2 0.8636363636363636 0.8936507936507937 0.04415584415584416 0.13015873015873017
2 0.8246753246753247 0.861904761904762 0.03636363636363636 0.10793650793650794
2 0.7935064935064935 0.8047619047619048 0.033766233766233764 0.1253968253968254
2 0.8337662337662337 0.8047619047619048 0.032467532467532464 0.10317460317460317
2 0.8584415584415584 0.773015873015873 0.03896103896103896 0.1349206349206349
2 0.8207792207792208 0.7396825396825397 0.03116883116883117 0.09206349206349207
2 0.7766233766233767 0.7317460317460317 0.03506493506493506 0.10634920634920635
2 0.8038961038961039 0.6904761904761905 0.03896103896103896 0.08571428571428572
1 0.7246753246753247 0.7603174603174603 0.10779220779220779 0.21904761904761905
2 0.7623376623376623 0.6666666666666666 0.02857142857142857 0.09523809523809523
2 0.6935064935064935 0.6222222222222222 0.033766233766233764 0.09682539682539683
2 0.7311688311688311 0.6523809523809524 0.01948051948051948 0.05873015873015873
1 0.6480519480519481 0.6428571428571429 0.07662337662337662 0.15714285714285714
2 0.674025974025974 0.5936507936507937 0.024675324675324677 0.07777777777777778
2 0.7051948051948052 0.5968253968253968 0.01948051948051948 0.07936507936507936
2 0.7402597402597403 0.6142857142857143 0.01948051948051948 0.08095238095238096
2 0.5948051948051948 0.5777777777777777 0.024675324675324677 0.1
1 0.5558441558441558 0.6063492063492063 0.06753246753246753 0.1761904761904762
2 0.5805194805194805 0.5349206349206349 0.02207792207792208 0.0761904761904762
2 0.7142857142857143 0.5650793650793651 0.02207792207792208 0.09841269841269841
2 0.6571428571428571 0.5412698412698412 0.014285714285714285 0.06984126984126984
2 0.6896103896103896 0.5492063492063493 0.016883116883116882 0.05714285714285714
2 0.6207792207792208 0.5126984126984127 0.02077922077922078 0.07142857142857142
2 0.6714285714285714 0.526984126984127 0.016883116883116882 0.06190476190476191
2 0.7142857142857143 0.5253968253968254 0.02207792207792208 0.05873015873015873
2 0.6090909090909091 0.5523809523809524 0.014285714285714285 0.08253968253968254
2 0.6337662337662338 0.553968253968254 0.01818181818181818 0.05555555555555555
2 0.5662337662337662 0.5 0.02077922077922078 0.07301587301587302
2 0.6376623376623377 0.49523809523809526 0.01818181818181818 0.06666666666666667
2 0.6584415584415585 0.49206349206349204 0.016883116883116882 0.06984126984126984
2 0.687012987012987 0.48412698412698413 0.02077922077922078 0.0761904761904762
1 0.5909090909090909 0.4746031746031746 0.04935064935064935 0.08888888888888889
2 0.625974025974026 0.45555555555555555 0.015584415584415584 0.049206349206349205
2 0.6714285714285714 0.45396825396825397 0.02077922077922078 0.07936507936507936
2 0.6168831168831169 0.4238095238095238 0.01948051948051948 0.07777777777777778
2 0.6402597402597403 0.4253968253968254 0.01948051948051948 0.05555555555555555
2 0.6454545454545455 0.44126984126984126 0.015584415584415584 0.05238095238095238
2 0.6480519480519481 0.40634920634920635 0.025974025974025976 0.05714285714285714
1 0.5792207792207792 0.40634920634920635 0.05584415584415584 0.0761904761904762
2 0.6064935064935065 0.39365079365079364 0.016883116883116882 0.044444444444444446
1 0.5623376623376624 0.36507936507936506 0.04025974025974026 0.07777777777777778
2 0.6038961038961039 0.36984126984126986 0.01818181818181818 0.05396825396825397
2 0.6025974025974026 0.3492063492063492 0.023376623376623377 0.05238095238095238
2 0.6233766233766234 0.353968253968254 0.016883116883116882 0.06190476190476191
2 0.4909090909090909 0.5873015873015873 0.025974025974025976 0.07936507936507936
2 0.4922077922077922 0.5476190476190477 0.025974025974025976 0.06825396825396825
2 0.4883116883116883 0.5111111111111111 0.025974025974025976 0.05714285714285714
2 0.4883116883116883 0.46825396825396826 0.023376623376623377 0.07142857142857142
2 0.4844155844155844 0.4365079365079365 0.024675324675324677 0.046031746031746035
2 0.4844155844155844 0.4126984126984127 0.01948051948051948 0.05396825396825397
2 0.4844155844155844 0.3904761904761905 0.015584415584415584 0.03333333333333333
2 0.4961038961038961 0.6428571428571429 0.015584415584415584 0.10634920634920635
1 0.5402597402597402 0.7126984126984127 0.07402597402597402 0.22380952380952382
1 0.5285714285714286 0.4984126984126984 0.05064935064935065 0.09365079365079365
1 0.5597402597402598 0.319047619047619 0.02857142857142857 0.049206349206349205
2 0.5766233766233766 0.3253968253968254 0.011688311688311689 0.03650793650793651
2 0.5831168831168831 0.33174603174603173 0.012987012987012988 0.03968253968253968
2 0.577922077922078 0.30634920634920637 0.01038961038961039 0.03492063492063492
2 0.5948051948051948 0.30634920634920637 0.012987012987012988 0.023809523809523808
1 0.5298701298701298 0.2984126984126984 0.02987012987012987 0.05714285714285714
2 0.551948051948052 0.2857142857142857 0.012987012987012988 0.031746031746031744
2 0.5753246753246753 0.28888888888888886 0.00909090909090909 0.03492063492063492
2 0.5636363636363636 0.28095238095238095 0.007792207792207792 0.020634920634920634
2 0.5909090909090909 0.2841269841269841 0.007792207792207792 0.031746031746031744
2 0.5948051948051948 0.29365079365079366 0.011688311688311689 0.023809523809523808
2 0.461038961038961 0.24603174603174602 0.01038961038961039 0.03650793650793651
1 0.4818181818181818 0.2746031746031746 0.02987012987012987 0.05714285714285714
2 0.4675324675324675 0.2571428571428571 0.011688311688311689 0.03650793650793651
1 0.4922077922077922 0.30793650793650795 0.03116883116883117 0.07142857142857142
2 0.509090909090909 0.2904761904761905 0.011688311688311689 0.0380952380952381
2 0.5025974025974026 0.26666666666666666 0.011688311688311689 0.02857142857142857
1 0.5207792207792208 0.2507936507936508 0.02857142857142857 0.047619047619047616
1 0.5571428571428572 0.2571428571428571 0.03116883116883117 0.046031746031746035
2 0.5402597402597402 0.2492063492063492 0.00909090909090909 0.03968253968253968
2 0.587012987012987 0.2714285714285714 0.012987012987012988 0.03333333333333333
2 0.5714285714285714 0.25873015873015875 0.01038961038961039 0.025396825396825397
2 0.5636363636363636 0.23809523809523808 0.011688311688311689 0.023809523809523808
1 0.5233766233766234 0.4222222222222222 0.04415584415584416 0.0873015873015873
1 0.512987012987013 0.3746031746031746 0.045454545454545456 0.08888888888888889
1 0.5155844155844156 0.33015873015873015 0.03766233766233766 0.06190476190476191
2 0.4909090909090909 0.23809523809523808 0.00909090909090909 0.04126984126984127
2 0.4974025974025974 0.2396825396825397 0.00909090909090909 0.03015873015873016
1 0.4675324675324675 0.20476190476190476 0.023376623376623377 0.046031746031746035
2 0.4883116883116883 0.21587301587301588 0.00909090909090909 0.026984126984126985
2 0.487012987012987 0.19523809523809524 0.011688311688311689 0.031746031746031744
2 0.4961038961038961 0.19682539682539682 0.00909090909090909 0.03015873015873016
1 0.5116883116883116 0.22698412698412698 0.01948051948051948 0.02857142857142857
1 0.509090909090909 0.21428571428571427 0.02077922077922078 0.031746031746031744
2 0.5077922077922078 0.19682539682539682 0.01038961038961039 0.022222222222222223
1 0.4649350649350649 0.173015873015873 0.02077922077922078 0.0380952380952381
1 0.4987012987012987 0.16825396825396827 0.015584415584415584 0.03492063492063492
2 0.5103896103896104 0.18412698412698414 0.00909090909090909 0.023809523809523808
2 0.5064935064935064 0.16507936507936508 0.01038961038961039 0.03650793650793651
1 0.5298701298701298 0.20476190476190476 0.023376623376623377 0.044444444444444446
2 0.5181818181818182 0.17142857142857143 0.01038961038961039 0.03015873015873016
2 0.4623376623376623 0.14126984126984127 0.00909090909090909 0.031746031746031744
1 0.4792207792207792 0.14126984126984127 0.012987012987012988 0.02857142857142857
2 0.474025974025974 0.12063492063492064 0.007792207792207792 0.025396825396825397
1 0.487012987012987 0.15396825396825398 0.014285714285714285 0.031746031746031744
1 0.4987012987012987 0.13333333333333333 0.015584415584415584 0.031746031746031744
2 0.4896103896103896 0.13174603174603175 0.006493506493506494 0.023809523809523808
2 0.5 0.14285714285714285 0.00909090909090909 0.023809523809523808
2 0.5 0.10634920634920635 0.005194805194805195 0.020634920634920634
2 0.4974025974025974 0.10476190476190476 0.005194805194805195 0.01904761904761905
2 0.4935064935064935 0.10317460317460317 0.005194805194805195 0.01904761904761905
2 0.5051948051948052 0.10476190476190476 0.005194805194805195 0.023809523809523808