1 0.7701298701298701 0.9031746031746032 0.12077922077922078 0.19206349206349208
1 0.8077922077922078 0.8047619047619048 0.12077922077922078 0.2015873015873016
1 0.6766233766233766 0.7095238095238096 0.11688311688311688 0.20317460317460317
1 0.6337662337662338 0.5857142857142857 0.06233766233766234 0.1365079365079365
1 0.6025974025974026 0.4714285714285714 0.05714285714285714 0.08571428571428572
1 0.6571428571428571 0.4253968253968254 0.048051948051948054 0.08571428571428572
1 0.5922077922077922 0.40634920634920635 0.03896103896103896 0.05238095238095238
1 0.5753246753246753 0.3619047619047619 0.04285714285714286 0.05238095238095238
1 0.5584415584415584 0.319047619047619 0.03896103896103896 0.06666666666666667
1 0.4909090909090909 0.2634920634920635 0.02077922077922078 0.04285714285714286
1 0.538961038961039 0.2777777777777778 0.02727272727272727 0.02857142857142857
1 0.5376623376623376 0.2523809523809524 0.03116883116883117 0.02857142857142857
1 0.5584415584415584 0.24444444444444444 0.02857142857142857 0.04126984126984127
1 0.5181818181818182 0.24444444444444444 0.023376623376623377 0.023809523809523808
1 0.4805194805194805 0.24285714285714285 0.023376623376623377 0.023809523809523808
1 0.4792207792207792 0.22063492063492063 0.025974025974025976 0.026984126984126985
1 0.5168831168831168 0.21904761904761905 0.015584415584415584 0.022222222222222223
1 0.5441558441558442 0.21746031746031746 0.025974025974025976 0.026984126984126985
1 0.5155844155844156 0.20793650793650795 0.025974025974025976 0.025396825396825397
1 0.5038961038961038 0.2 0.02207792207792208 0.026984126984126985
1 0.4974025974025974 0.18571428571428572 0.01948051948051948 0.022222222222222223
1 0.4662337662337662 0.1746031746031746 0.015584415584415584 0.025396825396825397
1 0.4649350649350649 0.15555555555555556 0.012987012987012988 0.020634920634920634
1 0.4961038961038961 0.1619047619047619 0.01948051948051948 0.01904761904761905
1 0.4935064935064935 0.13333333333333333 0.014285714285714285 0.031746031746031744
3 0.4909090909090909 0.09523809523809523 0.014285714285714285 0.022222222222222223
3 0.5064935064935064 0.36507936507936506 0.05194805194805195 0.15714285714285714
3 0.5623376623376624 0.5746031746031746 0.09740259740259741 0.2920634920634921
3 0.7298701298701299 0.5619047619047619 0.11688311688311688 0.18571428571428572
3 0.5844155844155844 0.8650793650793651 0.12077922077922078 0.26825396825396824
2 0.6974025974025974 0.9793650793650793 0.04415584415584416 0.04126984126984127
2 0.861038961038961 0.9682539682539683 0.05454545454545454 0.06349206349206349
2 0.6701298701298701 0.9111111111111111 0.046753246753246755 0.12063492063492064
2 0.5103896103896104 0.9634920634920635 0.05064935064935065 0.07301587301587302
2 0.5051948051948052 0.8539682539682539 0.04025974025974026 0.12698412698412698
2 0.6649350649350649 0.8428571428571429 0.03766233766233766 0.1126984126984127
2 0.5064935064935064 0.7476190476190476 0.045454545454545456 0.09682539682539683
2 0.4974025974025974 0.6952380952380952 0.033766233766233764 0.10793650793650794
2 0.7350649350649351 0.6873015873015873 0.03766233766233766 0.10793650793650794
2 0.5051948051948052 0.6365079365079365 0.02987012987012987 0.08095238095238096
2 0.5 0.5349206349206349 0.03636363636363636 0.08412698412698413
2 0.4974025974025974 0.49047619047619045 0.024675324675324677 0.05873015873015873
2 0.4935064935064935 0.45396825396825397 0.02857142857142857 0.046031746031746035
2 0.6545454545454545 0.5222222222222223 0.02857142857142857 0.049206349206349205
2 0.6610389610389611 0.48253968253968255 0.025974025974025976 0.05714285714285714
2 0.6376623376623377 0.48253968253968255 0.02727272727272727 0.06349206349206349
2 0.6272727272727273 0.44126984126984126 0.02727272727272727 0.04285714285714286
2 0.548051948051948 0.4015873015873016 0.02987012987012987 0.04126984126984127
2 0.5493506493506494 0.36984126984126986 0.024675324675324677 0.025396825396825397
2 0.5402597402597402 0.3396825396825397 0.016883116883116882 0.03015873015873016
2 0.512987012987013 0.26825396825396824 0.01818181818181818 0.025396825396825397
2 0.5116883116883116 0.25555555555555554 0.01818181818181818 0.02857142857142857
2 0.5012987012987012 0.2365079365079365 0.012987012987012988 0.020634920634920634
2 0.4831168831168831 0.19682539682539682 0.016883116883116882 0.01904761904761905
2 0.4805194805194805 0.11904761904761904 0.00909090909090909 0.014285714285714285
2 0.4805194805194805 0.13174603174603175 0.014285714285714285 0.011111111111111112
2 0.5025974025974026 0.10317460317460317 0.00909090909090909 0.009523809523809525
2 0.4974025974025974 0.12063492063492064 0.00909090909090909 0.011111111111111112
2 0.5038961038961038 0.11746031746031746 0.005194805194805195 0.012698412698412698
2 0.5012987012987012 0.13333333333333333 0.006493506493506494 0.015873015873015872
2 0.5077922077922078 0.1380952380952381 0.01038961038961039 0.01746031746031746
2 0.5051948051948052 0.15555555555555556 0.00909090909090909 0.007936507936507936
2 0.5077922077922078 0.16507936507936508 0.014285714285714285 0.014285714285714285
2 0.5194805194805194 0.16507936507936508 0.012987012987012988 0.015873015873015872
2 0.4922077922077922 0.1126984126984127 0.00909090909090909 0.009523809523809525
2 0.6493506493506493 0.37777777777777777 0.01818181818181818 0.022222222222222223
2 0.6324675324675325 0.3904761904761905 0.02077922077922078 0.03492063492063492
2 0.612987012987013 0.3825396825396825 0.014285714285714285 0.04285714285714286
2 0.6415584415584416 0.35714285714285715 0.01818181818181818 0.020634920634920634
2 0.6337662337662338 0.373015873015873 0.01948051948051948 0.025396825396825397
2 0.6233766233766234 0.35714285714285715 0.015584415584415584 0.023809523809523808
2 0.6077922077922078 0.3603174603174603 0.01948051948051948 0.025396825396825397
2 0.6233766233766234 0.34285714285714286 0.016883116883116882 0.022222222222222223
2 0.6142857142857143 0.326984126984127 0.015584415584415584 0.01746031746031746
2 0.5961038961038961 0.346031746031746 0.016883116883116882 0.03015873015873016
2 0.5831168831168831 0.3238095238095238 0.014285714285714285 0.03015873015873016
2 0.6025974025974026 0.3333333333333333 0.016883116883116882 0.025396825396825397
2 0.574025974025974 0.3142857142857143 0.014285714285714285 0.02857142857142857
2 0.5311688311688312 0.17777777777777778 0.01038961038961039 0.01746031746031746
2 0.5233766233766234 0.18095238095238095 0.01038961038961039 0.020634920634920634
2 0.5168831168831168 0.18412698412698414 0.01038961038961039 0.01746031746031746
2 0.5077922077922078 0.17777777777777778 0.007792207792207792 0.01746031746031746
2 0.5337662337662338 0.19523809523809524 0.01038961038961039 0.015873015873015872
2 0.5285714285714286 0.19365079365079366 0.01038961038961039 0.015873015873015872
2 0.5961038961038961 0.273015873015873 0.016883116883116882 0.015873015873015872
2 0.5831168831168831 0.273015873015873 0.011688311688311689 0.011111111111111112
2 0.5701298701298702 0.2761904761904762 0.014285714285714285 0.014285714285714285
2 0.5584415584415584 0.27936507936507937 0.011688311688311689 0.009523809523809525
2 0.6142857142857143 0.3126984126984127 0.016883116883116882 0.020634920634920634
2 0.6025974025974026 0.31587301587301586 0.01038961038961039 0.01746031746031746
2 0.5922077922077922 0.2904761904761905 0.007792207792207792 0.026984126984126985
2 0.6051948051948052 0.29523809523809524 0.01038961038961039 0.022222222222222223
2 0.5818181818181818 0.29523809523809524 0.011688311688311689 0.023809523809523808
2 0.5948051948051948 0.31587301587301586 0.00909090909090909 0.020634920634920634
2 0.5597402597402598 0.2619047619047619 0.007792207792207792 0.025396825396825397
2 0.5727272727272728 0.26031746031746034 0.006493506493506494 0.023809523809523808
2 0.5792207792207792 0.25873015873015875 0.006493506493506494 0.022222222222222223