1 0.6831168831168831 0.834920634920635 0.07402597402597402 0.18095238095238095
1 0.577922077922078 0.9634920634920635 0.06623376623376623 0.07301587301587302
1 0.712987012987013 0.9666666666666667 0.07402597402597402 0.06507936507936508
3 0.5662337662337662 0.7444444444444445 0.05974025974025974 0.1746031746031746
1 0.6402597402597403 0.6793650793650794 0.048051948051948054 0.12698412698412698
1 0.7207792207792207 0.680952380952381 0.053246753246753244 0.16666666666666666
1 0.6051948051948052 0.5523809523809524 0.03506493506493506 0.0746031746031746
1 0.5363636363636364 0.48095238095238096 0.03766233766233766 0.09682539682539683
1 0.5935064935064935 0.3761904761904762 0.02857142857142857 0.06984126984126984
1 0.509090909090909 0.3761904761904762 0.02207792207792208 0.05714285714285714
1 0.4948051948051948 0.32222222222222224 0.02077922077922078 0.05714285714285714
1 0.5441558441558442 0.31746031746031744 0.02207792207792208 0.05873015873015873
1 0.4922077922077922 0.2746031746031746 0.02207792207792208 0.05555555555555555
1 0.5428571428571428 0.2571428571428571 0.02077922077922078 0.044444444444444446
1 0.4636363636363636 0.20634920634920634 0.011688311688311689 0.03015873015873016
1 0.4753246753246753 0.22380952380952382 0.01038961038961039 0.02857142857142857
1 0.4779220779220779 0.24761904761904763 0.01038961038961039 0.03650793650793651
1 0.5155844155844156 0.23015873015873015 0.014285714285714285 0.03492063492063492
1 0.4935064935064935 0.18571428571428572 0.011688311688311689 0.026984126984126985
1 0.4818181818181818 0.16666666666666666 0.012987012987012988 0.026984126984126985
1 0.4675324675324675 0.15555555555555556 0.00909090909090909 0.022222222222222223
1 0.509090909090909 0.16507936507936508 0.01038961038961039 0.022222222222222223
1 0.4922077922077922 0.14285714285714285 0.01038961038961039 0.023809523809523808
2 0.9441558441558442 0.7936507936507936 0.03636363636363636 0.15714285714285714
2 0.7831168831168831 0.6841269841269841 0.02987012987012987 0.12063492063492064
2 0.8103896103896104 0.7253968253968254 0.025974025974025976 0.0746031746031746
2 0.8168831168831169 0.7936507936507936 0.032467532467532464 0.13015873015873017
2 0.7792207792207793 0.9111111111111111 0.03116883116883117 0.10634920634920635
2 0.8519480519480519 0.873015873015873 0.02987012987012987 0.1111111111111111
2 0.7922077922077922 0.9619047619047619 0.02987012987012987 0.0761904761904762
2 0.8519480519480519 0.9587301587301588 0.03116883116883117 0.0761904761904762
2 0.8402597402597403 0.9761904761904762 0.03116883116883117 0.047619047619047616
2 0.9324675324675324 0.9603174603174603 0.02857142857142857 0.07777777777777778
2 0.5922077922077922 0.8698412698412699 0.048051948051948054 0.1349206349206349
2 0.5285714285714286 0.8809523809523809 0.032467532467532464 0.14603174603174604
2 0.5038961038961038 0.7873015873015873 0.02207792207792208 0.13015873015873017
2 0.5064935064935064 0.6841269841269841 0.01818181818181818 0.08253968253968254
2 0.5 0.6206349206349207 0.012987012987012988 0.09682539682539683
2 0.5194805194805194 0.6317460317460317 0.014285714285714285 0.09365079365079365
2 0.5545454545454546 0.6222222222222222 0.014285714285714285 0.07936507936507936
2 0.5831168831168831 0.6333333333333333 0.01818181818181818 0.07142857142857142
2 0.5168831168831168 0.5666666666666667 0.015584415584415584 0.07936507936507936
2 0.487012987012987 0.5238095238095238 0.023376623376623377 0.08412698412698413
2 0.4909090909090909 0.4396825396825397 0.016883116883116882 0.07142857142857142
2 0.5532467532467532 0.4238095238095238 0.014285714285714285 0.06349206349206349
2 0.587012987012987 0.4301587301587302 0.01818181818181818 0.06825396825396825
2 0.5831168831168831 0.48253968253968255 0.02207792207792208 0.06666666666666667
2 0.6220779220779221 0.4936507936507937 0.01818181818181818 0.06666666666666667
2 0.6441558441558441 0.5412698412698412 0.023376623376623377 0.08412698412698413
2 0.6571428571428571 0.5111111111111111 0.01818181818181818 0.06825396825396825
2 0.6701298701298701 0.6015873015873016 0.02077922077922078 0.09841269841269841
2 0.7012987012987013 0.5714285714285714 0.014285714285714285 0.049206349206349205
2 0.7441558441558441 0.6 0.023376623376623377 0.08095238095238096
2 0.7207792207792207 0.5634920634920635 0.012987012987012988 0.06984126984126984
2 0.6896103896103896 0.5380952380952381 0.011688311688311689 0.06031746031746032
2 0.7103896103896103 0.5095238095238095 0.01818181818181818 0.0761904761904762
2 0.6909090909090909 0.5063492063492063 0.01818181818181818 0.044444444444444446
2 0.6766233766233766 0.4936507936507937 0.012987012987012988 0.07301587301587302
2 0.6857142857142857 0.473015873015873 0.012987012987012988 0.0761904761904762
2 0.6532467532467533 0.4714285714285714 0.01818181818181818 0.06190476190476191
2 0.6298701298701299 0.4666666666666667 0.012987012987012988 0.06349206349206349
2 0.6376623376623377 0.44285714285714284 0.012987012987012988 0.07142857142857142
2 0.6480519480519481 0.4142857142857143 0.011688311688311689 0.06507936507936508
2 0.6649350649350649 0.42063492063492064 0.012987012987012988 0.05714285714285714
2 0.6558441558441559 0.44126984126984126 0.012987012987012988 0.05555555555555555
2 0.6298701298701299 0.3968253968253968 0.01038961038961039 0.05555555555555555
2 0.6441558441558441 0.38412698412698415 0.01038961038961039 0.05396825396825397
2 0.6155844155844156 0.373015873015873 0.012987012987012988 0.05714285714285714
2 0.6285714285714286 0.3619047619047619 0.011688311688311689 0.05555555555555555
2 0.6233766233766234 0.3412698412698413 0.011688311688311689 0.050793650793650794
2 0.5584415584415584 0.37142857142857144 0.016883116883116882 0.05396825396825397
2 0.5194805194805194 0.31587301587301586 0.012987012987012988 0.046031746031746035
2 0.5181818181818182 0.2920634920634921 0.01038961038961039 0.046031746031746035
2 0.5181818181818182 0.2698412698412698 0.011688311688311689 0.03968253968253968
2 0.4636363636363636 0.17777777777777778 0.006493506493506494 0.01904761904761905
2 0.4688311688311688 0.18253968253968253 0.007792207792207792 0.022222222222222223
2 0.5636363636363636 0.3047619047619048 0.00909090909090909 0.03968253968253968
2 0.5714285714285714 0.32222222222222224 0.007792207792207792 0.04126984126984127
2 0.4974025974025974 0.23015873015873015 0.006493506493506494 0.02857142857142857
2 0.5012987012987012 0.20793650793650795 0.005194805194805195 0.026984126984126985
2 0.509090909090909 0.20793650793650795 0.006493506493506494 0.026984126984126985
2 0.4922077922077922 0.2126984126984127 0.005194805194805195 0.025396825396825397
1 0.4662337662337662 0.13015873015873017 0.007792207792207792 0.015873015873015872
2 0.4792207792207792 0.1380952380952381 0.005194805194805195 0.020634920634920634
3 0.4662337662337662 0.11746031746031746 0.01038961038961039 0.020634920634920634
1 0.4818181818181818 0.11904761904761904 0.005194805194805195 0.012698412698412698
2 0.6064935064935065 0.33174603174603173 0.007792207792207792 0.031746031746031744
2 0.6090909090909091 0.319047619047619 0.007792207792207792 0.03015873015873016
2 0.587012987012987 0.3253968253968254 0.006493506493506494 0.026984126984126985
2 0.5961038961038961 0.3253968253968254 0.006493506493506494 0.02857142857142857
2 0.577922077922078 0.2714285714285714 0.00909090909090909 0.03492063492063492
2 0.5766233766233766 0.29523809523809524 0.007792207792207792 0.03492063492063492
2 0.587012987012987 0.28095238095238095 0.006493506493506494 0.03333333333333333
2 0.6 0.2968253968253968 0.01038961038961039 0.03968253968253968
2 0.587012987012987 0.30158730158730157 0.006493506493506494 0.03015873015873016
2 0.5168831168831168 0.19682539682539682 0.005194805194805195 0.02857142857142857
2 0.4948051948051948 0.1634920634920635 0.006493506493506494 0.025396825396825397
3 0.4831168831168831 0.10476190476190476 0.006493506493506494 0.01746031746031746
2 0.5558441558441558 0.25873015873015875 0.007792207792207792 0.03650793650793651
2 0.564935064935065 0.2650793650793651 0.00909090909090909 0.0380952380952381
2 0.5623376623376624 0.24444444444444444 0.007792207792207792 0.026984126984126985
2 0.5818181818181818 0.25396825396825395 0.006493506493506494 0.02857142857142857
2 0.5727272727272728 0.2523809523809524 0.006493506493506494 0.026984126984126985
2 0.561038961038961 0.22698412698412698 0.006493506493506494 0.025396825396825397
2 0.5363636363636364 0.2015873015873016 0.006493506493506494 0.03015873015873016
2 0.5493506493506494 0.21904761904761905 0.007792207792207792 0.031746031746031744
2 0.5415584415584416 0.22698412698412698 0.006493506493506494 0.022222222222222223
2 0.5272727272727272 0.20952380952380953 0.005194805194805195 0.02857142857142857
2 0.535064935064935 0.22380952380952382 0.006493506493506494 0.023809523809523808
2 0.474025974025974 0.11746031746031746 0.003896103896103896 0.020634920634920634
2 0.4792207792207792 0.15079365079365079 0.006493506493506494 0.011111111111111112
2 0.5272727272727272 0.1746031746031746 0.005194805194805195 0.022222222222222223
2 0.5168831168831168 0.16825396825396827 0.003896103896103896 0.020634920634920634
2 0.522077922077922 0.16984126984126985 0.005194805194805195 0.025396825396825397
2 0.5 0.12857142857142856 0.005194805194805195 0.023809523809523808
2 0.5012987012987012 0.14285714285714285 0.003896103896103896 0.022222222222222223
2 0.5285714285714286 0.1873015873015873 0.005194805194805195 0.02857142857142857
2 0.5454545454545454 0.19682539682539682 0.005194805194805195 0.026984126984126985
2 0.4909090909090909 0.1253968253968254 0.005194805194805195 0.01904761904761905
1 0.4896103896103896 0.12063492063492064 0.007792207792207792 0.01904761904761905
1 0.4909090909090909 0.10476190476190476 0.005194805194805195 0.014285714285714285
1 0.4961038961038961 0.10158730158730159 0.005194805194805195 0.012698412698412698
2 0.5 0.11428571428571428 0.005194805194805195 0.014285714285714285
2 0.5038961038961038 0.11428571428571428 0.003896103896103896 0.01746031746031746
2 0.509090909090909 0.1111111111111111 0.003896103896103896 0.015873015873015872
1 0.5012987012987012 0.09841269841269841 0.003896103896103896 0.012698412698412698