2 0.9194805194805195 0.9380952380952381 0.07272727272727272 0.12380952380952381
2 0.8623376623376623 0.946031746031746 0.05844155844155844 0.10634920634920635
2 0.7805194805194805 0.9333333333333333 0.04935064935064935 0.13333333333333333
2 0.8077922077922078 0.8936507936507937 0.04025974025974026 0.16984126984126985
2 0.8467532467532467 0.8682539682539683 0.048051948051948054 0.14285714285714285
2 0.8064935064935065 0.7873015873015873 0.033766233766233764 0.12063492063492064
2 0.8272727272727273 0.726984126984127 0.04155844155844156 0.13333333333333333
2 0.7727272727272727 0.692063492063492 0.02987012987012987 0.08412698412698413
2 0.7454545454545455 0.6222222222222222 0.03506493506493506 0.06984126984126984
2 0.5701298701298702 0.7333333333333333 0.03896103896103896 0.12063492063492064
2 0.5623376623376624 0.6634920634920635 0.02727272727272727 0.10158730158730159
2 0.6623376623376623 0.6603174603174603 0.033766233766233764 0.12380952380952381
2 0.7 0.6142857142857143 0.03506493506493506 0.08253968253968254
2 0.7025974025974026 0.573015873015873 0.033766233766233764 0.0761904761904762
2 0.712987012987013 0.5428571428571428 0.025974025974025976 0.09682539682539683
2 0.6610389610389611 0.6015873015873016 0.032467532467532464 0.09841269841269841
2 0.6350649350649351 0.5825396825396826 0.02987012987012987 0.11428571428571428
2 0.6493506493506493 0.5349206349206349 0.016883116883116882 0.06825396825396825
2 0.6805194805194805 0.5238095238095238 0.024675324675324677 0.10317460317460317
2 0.6649350649350649 0.4873015873015873 0.024675324675324677 0.07777777777777778
2 0.6532467532467533 0.4492063492063492 0.02077922077922078 0.05396825396825397
2 0.6441558441558441 0.4253968253968254 0.02207792207792208 0.044444444444444446
2 0.6155844155844156 0.5174603174603175 0.02857142857142857 0.07777777777777778
2 0.6363636363636364 0.47619047619047616 0.024675324675324677 0.07142857142857142
2 0.6285714285714286 0.4396825396825397 0.01948051948051948 0.03492063492063492
2 0.6103896103896104 0.4650793650793651 0.023376623376623377 0.05238095238095238
2 0.6 0.45555555555555555 0.02207792207792208 0.07777777777777778
2 0.577922077922078 0.43333333333333335 0.01818181818181818 0.047619047619047616
2 0.612987012987013 0.4380952380952381 0.01818181818181818 0.08095238095238096
2 0.6116883116883117 0.4 0.015584415584415584 0.05873015873015873
2 0.6142857142857143 0.38095238095238093 0.01948051948051948 0.06825396825396825
2 0.5961038961038961 0.4015873015873016 0.014285714285714285 0.05555555555555555
2 0.5883116883116883 0.37777777777777777 0.01818181818181818 0.03492063492063492
2 0.5688311688311688 0.38571428571428573 0.012987012987012988 0.05873015873015873
2 0.5558441558441558 0.3619047619047619 0.02077922077922078 0.031746031746031744
2 0.5766233766233766 0.36666666666666664 0.014285714285714285 0.04285714285714286
2 0.5948051948051948 0.35079365079365077 0.015584415584415584 0.0380952380952381
2 0.538961038961039 0.5492063492063493 0.023376623376623377 0.10634920634920635
2 0.5272727272727272 0.4984126984126984 0.011688311688311689 0.07301587301587302
2 0.5233766233766234 0.47619047619047616 0.02207792207792208 0.08095238095238096
2 0.5194805194805194 0.43333333333333335 0.01818181818181818 0.07777777777777778
2 0.5454545454545454 0.33174603174603173 0.01038961038961039 0.050793650793650794
2 0.5623376623376624 0.3380952380952381 0.012987012987012988 0.031746031746031744
2 0.548051948051948 0.2920634920634921 0.01038961038961039 0.03650793650793651
2 0.5415584415584416 0.2746031746031746 0.011688311688311689 0.025396825396825397
2 0.5597402597402598 0.2650793650793651 0.014285714285714285 0.02857142857142857
2 0.538961038961039 0.25873015873015875 0.014285714285714285 0.02857142857142857
2 0.525974025974026 0.24761904761904763 0.014285714285714285 0.03333333333333333
2 0.4935064935064935 0.2841269841269841 0.012987012987012988 0.050793650793650794
2 0.5038961038961038 0.23015873015873015 0.01948051948051948 0.046031746031746035
2 0.4675324675324675 0.18571428571428572 0.012987012987012988 0.03650793650793651
2 0.4636363636363636 0.16031746031746033 0.011688311688311689 0.023809523809523808
2 0.45324675324675323 0.16507936507936508 0.01038961038961039 0.025396825396825397
2 0.44025974025974024 0.15873015873015872 0.011688311688311689 0.031746031746031744
2 0.45454545454545453 0.1523809523809524 0.006493506493506494 0.02857142857142857
2 0.45454545454545453 0.12698412698412698 0.011688311688311689 0.023809523809523808
2 0.45324675324675323 0.11428571428571428 0.01038961038961039 0.020634920634920634
2 0.4584415584415584 0.10158730158730159 0.007792207792207792 0.022222222222222223
2 0.4649350649350649 0.09841269841269841 0.007792207792207792 0.020634920634920634
2 0.4675324675324675 0.07936507936507936 0.006493506493506494 0.015873015873015872
2 0.4779220779220779 0.08412698412698413 0.014285714285714285 0.020634920634920634
2 0.474025974025974 0.11428571428571428 0.014285714285714285 0.025396825396825397
2 0.4779220779220779 0.7365079365079366 0.04025974025974026 0.14126984126984127
1 0.7272727272727273 0.9301587301587302 0.13116883116883116 0.1380952380952381
1 0.5454545454545454 0.8539682539682539 0.10519480519480519 0.2920634920634921
1 0.6428571428571429 0.7619047619047619 0.09220779220779221 0.2
1 0.7428571428571429 0.7428571428571429 0.11688311688311688 0.23809523809523808
1 0.512987012987013 0.6031746031746031 0.06883116883116883 0.17142857142857143
1 0.5883116883116883 0.5873015873015873 0.07142857142857142 0.13968253968253969
1 0.5662337662337662 0.49206349206349204 0.05974025974025974 0.11904761904761904
1 0.4935064935064935 0.5047619047619047 0.05714285714285714 0.13174603174603175
1 0.4818181818181818 0.40634920634920635 0.048051948051948054 0.07936507936507936
1 0.5428571428571428 0.40476190476190477 0.04935064935064935 0.0761904761904762
1 0.4714285714285714 0.35714285714285715 0.04025974025974026 0.04285714285714286
1 0.5753246753246753 0.31746031746031744 0.04155844155844156 0.0761904761904762
1 0.474025974025974 0.14761904761904762 0.01948051948051948 0.03492063492063492
1 0.43376623376623374 0.11746031746031746 0.01818181818181818 0.03015873015873016
1 0.44285714285714284 0.09206349206349207 0.016883116883116882 0.022222222222222223
1 0.4662337662337662 0.11904761904761904 0.015584415584415584 0.026984126984126985
3 0.522077922077922 0.33174603174603173 0.05064935064935065 0.11904761904761904
3 0.4649350649350649 0.27936507936507937 0.045454545454545456 0.1253968253968254
3 0.44675324675324674 0.23809523809523808 0.032467532467532464 0.11746031746031746