2 0.5181818181818182 0.9253968253968254 0.02857142857142857 0.1492063492063492
2 0.5142857142857142 0.8063492063492064 0.03896103896103896 0.12222222222222222
2 0.6961038961038961 0.9587301587301588 0.03636363636363636 0.07936507936507936
2 0.6779220779220779 0.8809523809523809 0.02857142857142857 0.08571428571428572
2 0.8051948051948052 0.8587301587301587 0.02727272727272727 0.13968253968253969
2 0.8623376623376623 0.8539682539682539 0.03636363636363636 0.10793650793650794
2 0.8506493506493507 0.9031746031746032 0.048051948051948054 0.13968253968253969
2 0.8597402597402597 0.9603174603174603 0.05714285714285714 0.07936507936507936
2 0.9168831168831169 0.973015873015873 0.046753246753246755 0.05396825396825397
2 0.9246753246753247 0.9476190476190476 0.04155844155844156 0.10476190476190476
2 0.9441558441558442 0.9285714285714286 0.05194805194805195 0.13968253968253969
2 0.9805194805194806 0.946031746031746 0.03896103896103896 0.10634920634920635
2 0.9818181818181818 0.973015873015873 0.03506493506493506 0.05238095238095238
2 0.8233766233766234 0.7396825396825397 0.032467532467532464 0.08253968253968254
2 0.8220779220779221 0.8111111111111111 0.04025974025974026 0.13968253968253969
2 0.7792207792207793 0.7587301587301587 0.033766233766233764 0.10634920634920635
2 0.6584415584415585 0.8095238095238095 0.02987012987012987 0.09365079365079365
2 0.6038961038961039 0.8158730158730159 0.025974025974025976 0.03650793650793651
2 0.5636363636363636 0.8095238095238095 0.03116883116883117 0.06190476190476191
2 0.5311688311688312 0.7666666666666667 0.02987012987012987 0.12857142857142856
2 0.5753246753246753 0.7603174603174603 0.03506493506493506 0.11904761904761904
2 0.5831168831168831 0.7047619047619048 0.02987012987012987 0.09841269841269841
2 0.6311688311688312 0.7523809523809524 0.032467532467532464 0.14285714285714285
2 0.612987012987013 0.780952380952381 0.03506493506493506 0.1
2 0.6142857142857143 0.6761904761904762 0.03766233766233766 0.09682539682539683
2 0.6194805194805195 0.6285714285714286 0.02857142857142857 0.09206349206349207
2 0.577922077922078 0.6412698412698413 0.025974025974025976 0.1
2 0.5883116883116883 0.5888888888888889 0.02077922077922078 0.08253968253968254
2 0.6168831168831169 0.5777777777777777 0.024675324675324677 0.05714285714285714
2 0.7896103896103897 0.6777777777777778 0.03636363636363636 0.12857142857142856
2 0.7701298701298701 0.7015873015873015 0.02727272727272727 0.09523809523809523
2 0.7402597402597403 0.6603174603174603 0.025974025974025976 0.10476190476190476
2 0.7597402597402597 0.6285714285714286 0.03116883116883117 0.1
2 0.7415584415584415 0.5571428571428572 0.023376623376623377 0.08095238095238096
2 0.7168831168831169 0.5301587301587302 0.01818181818181818 0.07301587301587302
2 0.7194805194805195 0.5888888888888889 0.032467532467532464 0.08095238095238096
2 0.6909090909090909 0.5317460317460317 0.01948051948051948 0.06031746031746032
2 0.6974025974025974 0.5571428571428572 0.024675324675324677 0.0380952380952381
2 0.6675324675324675 0.5158730158730159 0.025974025974025976 0.0761904761904762
2 0.6948051948051948 0.5015873015873016 0.015584415584415584 0.06031746031746032
2 0.6922077922077922 0.4777777777777778 0.02077922077922078 0.06190476190476191
2 0.6168831168831169 0.4793650793650794 0.02077922077922078 0.049206349206349205
2 0.6428571428571429 0.4746031746031746 0.012987012987012988 0.03650793650793651
2 0.5597402597402598 0.5571428571428572 0.02727272727272727 0.10317460317460317
2 0.5922077922077922 0.5603174603174603 0.02987012987012987 0.09682539682539683
2 0.5857142857142857 0.5206349206349207 0.02987012987012987 0.08095238095238096
2 0.5493506493506494 0.4936507936507937 0.02207792207792208 0.08888888888888889
2 0.5363636363636364 0.44603174603174606 0.01818181818181818 0.06190476190476191
2 0.4948051948051948 0.43492063492063493 0.015584415584415584 0.06825396825396825
2 0.6376623376623377 0.45396825396825397 0.01948051948051948 0.05238095238095238
2 0.6558441558441559 0.44761904761904764 0.012987012987012988 0.04285714285714286
2 0.6792207792207792 0.4523809523809524 0.01818181818181818 0.046031746031746035
2 0.6714285714285714 0.4301587301587302 0.01818181818181818 0.05714285714285714
2 0.5311688311688312 0.3873015873015873 0.01818181818181818 0.049206349206349205
2 0.5532467532467532 0.3952380952380952 0.02077922077922078 0.05396825396825397
2 0.5675324675324676 0.3888888888888889 0.016883116883116882 0.03015873015873016
2 0.6285714285714286 0.40476190476190477 0.02207792207792208 0.06349206349206349
2 0.6506493506493507 0.3888888888888889 0.016883116883116882 0.05873015873015873
2 0.6597402597402597 0.4111111111111111 0.011688311688311689 0.04285714285714286
2 0.638961038961039 0.37936507936507935 0.01818181818181818 0.050793650793650794
2 0.6428571428571429 0.43174603174603177 0.01818181818181818 0.05238095238095238
2 0.5285714285714286 0.33174603174603173 0.012987012987012988 0.046031746031746035
2 0.5454545454545454 0.34444444444444444 0.014285714285714285 0.049206349206349205
2 0.5948051948051948 0.3396825396825397 0.014285714285714285 0.026984126984126985
2 0.6142857142857143 0.3476190476190476 0.01038961038961039 0.04126984126984127
2 0.6233766233766234 0.32857142857142857 0.01038961038961039 0.026984126984126985
2 0.6350649350649351 0.3396825396825397 0.005194805194805195 0.02857142857142857
2 0.6246753246753247 0.3492063492063492 0.005194805194805195 0.020634920634920634
2 0.4727272727272727 0.3126984126984127 0.012987012987012988 0.050793650793650794
2 0.4636363636363636 0.26666666666666666 0.011688311688311689 0.04285714285714286
2 0.45324675324675323 0.18253968253968253 0.00909090909090909 0.023809523809523808
2 0.5948051948051948 0.30634920634920637 0.014285714285714285 0.03492063492063492
2 0.6090909090909091 0.30634920634920637 0.011688311688311689 0.0380952380952381
2 0.587012987012987 0.2777777777777778 0.015584415584415584 0.020634920634920634
2 0.5831168831168831 0.25873015873015875 0.00909090909090909 0.015873015873015872
2 0.5727272727272728 0.24126984126984127 0.012987012987012988 0.012698412698412698
2 0.525974025974026 0.21587301587301588 0.00909090909090909 0.031746031746031744
2 0.5415584415584416 0.18888888888888888 0.01038961038961039 0.020634920634920634
2 0.5545454545454546 0.20634920634920634 0.003896103896103896 0.015873015873015872
2 0.5636363636363636 0.22063492063492063 0.00909090909090909 0.01746031746031746
2 0.4935064935064935 0.2015873015873016 0.006493506493506494 0.031746031746031744
2 0.5077922077922078 0.1761904761904762 0.00909090909090909 0.022222222222222223
2 0.5272727272727272 0.16666666666666666 0.006493506493506494 0.022222222222222223
2 0.5337662337662338 0.1761904761904762 0.006493506493506494 0.020634920634920634
2 0.5038961038961038 0.15555555555555556 0.006493506493506494 0.01904761904761905
2 0.4779220779220779 0.12857142857142856 0.005194805194805195 0.007936507936507936
2 0.487012987012987 0.12857142857142856 0.00909090909090909 0.015873015873015872
2 0.4727272727272727 0.10476190476190476 0.0012987012987012987 0.006349206349206349
2 0.4727272727272727 0.11746031746031746 0.005194805194805195 0.007936507936507936
2 0.45194805194805193 0.15555555555555556 0.003896103896103896 0.025396825396825397
2 0.5077922077922078 0.09523809523809523 0.0012987012987012987 0.009523809523809525
2 0.4987012987012987 0.10476190476190476 0.005194805194805195 0.011111111111111112
0 0.6155844155844156 0.9158730158730158 0.16363636363636364 0.16825396825396827
1 0.7766233766233767 0.953968253968254 0.10649350649350649 0.09206349206349207
1 0.7467532467532467 0.846031746031746 0.12337662337662338 0.2523809523809524
1 0.687012987012987 0.6619047619047619 0.1 0.2
1 0.5246753246753246 0.5888888888888889 0.06493506493506493 0.15555555555555556
1 0.6415584415584416 0.5444444444444444 0.06363636363636363 0.12857142857142856
1 0.5168831168831168 0.48412698412698413 0.05194805194805195 0.10952380952380952
1 0.5753246753246753 0.45396825396825397 0.05974025974025974 0.1126984126984127
1 0.5961038961038961 0.4 0.04935064935064935 0.09841269841269841
1 0.5701298701298702 0.3523809523809524 0.033766233766233764 0.06507936507936508
1 0.4987012987012987 0.37777777777777777 0.04155844155844156 0.08253968253968254
1 0.4974025974025974 0.32222222222222224 0.04025974025974026 0.06507936507936508
1 0.5324675324675324 0.2873015873015873 0.033766233766233764 0.06507936507936508
1 0.574025974025974 0.3126984126984127 0.03766233766233766 0.05238095238095238
1 0.5623376623376624 0.28253968253968254 0.02727272727272727 0.047619047619047616
1 0.5597402597402598 0.25396825396825395 0.02987012987012987 0.046031746031746035
1 0.5402597402597402 0.2396825396825397 0.023376623376623377 0.03968253968253968
1 0.5233766233766234 0.24761904761904763 0.02727272727272727 0.020634920634920634
1 0.5155844155844156 0.2396825396825397 0.01818181818181818 0.025396825396825397
1 0.5116883116883116 0.22063492063492063 0.024675324675324677 0.03968253968253968
1 0.4805194805194805 0.23015873015873015 0.02207792207792208 0.02857142857142857
1 0.4818181818181818 0.25396825396825395 0.025974025974025976 0.025396825396825397
1 0.4883116883116883 0.27936507936507937 0.02987012987012987 0.03968253968253968
1 0.5415584415584416 0.20952380952380953 0.023376623376623377 0.020634920634920634
1 0.5116883116883116 0.15079365079365079 0.014285714285714285 0.01904761904761905
1 0.5233766233766234 0.18888888888888888 0.02077922077922078 0.022222222222222223
1 0.5181818181818182 0.16984126984126985 0.014285714285714285 0.012698412698412698
1 0.4961038961038961 0.1634920634920635 0.012987012987012988 0.022222222222222223
1 0.4961038961038961 0.18095238095238095 0.015584415584415584 0.015873015873015872
1 0.5038961038961038 0.20634920634920634 0.01818181818181818 0.03333333333333333
3 0.4753246753246753 0.19047619047619047 0.04025974025974026 0.10476190476190476
1 0.4649350649350649 0.13333333333333333 0.014285714285714285 0.009523809523809525
1 0.4675324675324675 0.12063492063492064 0.01038961038961039 0.015873015873015872
1 0.4844155844155844 0.09841269841269841 0.005194805194805195 0.012698412698412698
1 0.4857142857142857 0.1126984126984127 0.006493506493506494 0.012698412698412698
1 0.5012987012987012 0.09682539682539683 0.01038961038961039 0.014285714285714285
0 0.5064935064935064 0.13333333333333333 0.025974025974025976 0.04285714285714286