2 0.9662337662337662 0.9793650793650793 0.02987012987012987 0.04126984126984127
2 0.9194805194805195 0.946031746031746 0.05974025974025974 0.10793650793650794
2 0.9025974025974026 0.8634920634920635 0.048051948051948054 0.15396825396825398
2 0.8688311688311688 0.9428571428571428 0.05064935064935065 0.1126984126984127
2 0.8142857142857143 0.9571428571428572 0.05974025974025974 0.08571428571428572
2 0.7675324675324675 0.9523809523809523 0.08181818181818182 0.09523809523809523
2 0.8246753246753247 0.9317460317460318 0.05844155844155844 0.1349206349206349
2 0.7662337662337663 0.9 0.045454545454545456 0.173015873015873
2 0.8116883116883117 0.8698412698412699 0.04285714285714286 0.15555555555555556
2 0.8675324675324675 0.8666666666666667 0.05064935064935065 0.13015873015873017
2 0.8493506493506493 0.7888888888888889 0.046753246753246755 0.13174603174603175
2 0.8207792207792208 0.8047619047619048 0.04415584415584416 0.12857142857142856
2 0.8077922077922078 0.753968253968254 0.048051948051948054 0.14761904761904762
2 0.7454545454545455 0.8142857142857143 0.04155844155844156 0.13333333333333333
2 0.7701298701298701 0.8063492063492064 0.045454545454545456 0.1873015873015873
2 0.7636363636363637 0.726984126984127 0.03506493506493506 0.11428571428571428
2 0.7636363636363637 0.680952380952381 0.02727272727272727 0.08571428571428572
2 0.7428571428571429 0.6507936507936508 0.025974025974025976 0.12063492063492064
2 0.7194805194805195 0.5793650793650794 0.02987012987012987 0.06984126984126984
2 0.6961038961038961 0.526984126984127 0.02727272727272727 0.06507936507936508
2 0.6766233766233766 0.5063492063492063 0.024675324675324677 0.07301587301587302
2 0.6623376623376623 0.5206349206349207 0.02857142857142857 0.06507936507936508
2 0.6428571428571429 0.5634920634920635 0.02987012987012987 0.1
2 0.6103896103896104 0.5301587301587302 0.01818181818181818 0.06349206349206349
2 0.6181818181818182 0.5285714285714286 0.02207792207792208 0.09841269841269841
2 0.6142857142857143 0.36984126984126986 0.023376623376623377 0.06507936507936508
2 0.5961038961038961 0.35873015873015873 0.016883116883116882 0.05396825396825397
2 0.587012987012987 0.3761904761904762 0.023376623376623377 0.046031746031746035
2 0.5792207792207792 0.40476190476190477 0.02207792207792208 0.07777777777777778
2 0.564935064935065 0.3746031746031746 0.01948051948051948 0.050793650793650794
2 0.577922077922078 0.35873015873015873 0.023376623376623377 0.047619047619047616
2 0.5558441558441558 0.3619047619047619 0.02207792207792208 0.05396825396825397
2 0.6376623376623377 0.9380952380952381 0.04415584415584416 0.12380952380952381
2 0.4883116883116883 0.726984126984127 0.02857142857142857 0.1380952380952381
2 0.4792207792207792 0.6603174603174603 0.024675324675324677 0.11587301587301588
2 0.5077922077922078 0.6460317460317461 0.032467532467532464 0.12857142857142856
2 0.5441558441558442 0.5634920634920635 0.025974025974025976 0.10952380952380952
2 0.5766233766233766 0.5047619047619047 0.023376623376623377 0.05238095238095238
2 0.5324675324675324 0.5095238095238095 0.024675324675324677 0.07142857142857142
2 0.525974025974026 0.473015873015873 0.02207792207792208 0.06349206349206349
2 0.5181818181818182 0.4444444444444444 0.01948051948051948 0.08253968253968254
2 0.5051948051948052 0.3873015873015873 0.01818181818181818 0.07142857142857142
2 0.4766233766233766 0.2920634920634921 0.016883116883116882 0.05873015873015873
2 0.4662337662337662 0.2714285714285714 0.01038961038961039 0.03015873015873016
2 0.43896103896103894 0.2761904761904762 0.011688311688311689 0.03968253968253968
2 0.45454545454545453 0.26031746031746034 0.012987012987012988 0.02857142857142857
2 0.5493506493506494 0.3380952380952381 0.01038961038961039 0.03492063492063492
2 0.5272727272727272 0.27936507936507937 0.01948051948051948 0.03650793650793651
2 0.5337662337662338 0.25555555555555554 0.014285714285714285 0.03333333333333333
2 0.535064935064935 0.23333333333333334 0.014285714285714285 0.03492063492063492
2 0.5493506493506494 0.22698412698412698 0.007792207792207792 0.03650793650793651
2 0.5285714285714286 0.2126984126984127 0.01038961038961039 0.03333333333333333
2 0.5194805194805194 0.21587301587301588 0.014285714285714285 0.04126984126984127
2 0.509090909090909 0.2015873015873016 0.01038961038961039 0.03650793650793651
2 0.5025974025974026 0.17936507936507937 0.012987012987012988 0.0380952380952381
2 0.44805194805194803 0.1492063492063492 0.01038961038961039 0.023809523809523808
2 0.4805194805194805 0.1349206349206349 0.011688311688311689 0.012698412698412698
2 0.4727272727272727 0.12063492063492064 0.011688311688311689 0.01904761904761905
2 0.44805194805194803 0.12698412698412698 0.005194805194805195 0.022222222222222223
2 0.45324675324675323 0.1126984126984127 0.006493506493506494 0.020634920634920634
2 0.4649350649350649 0.1126984126984127 0.005194805194805195 0.01746031746031746
2 0.4623376623376623 0.09841269841269841 0.007792207792207792 0.009523809523809525
2 0.4584415584415584 0.09365079365079365 0.006493506493506494 0.006349206349206349
2 0.45454545454545453 0.09365079365079365 0.006493506493506494 0.014285714285714285
2 0.4675324675324675 0.08571428571428572 0.007792207792207792 0.009523809523809525
1 0.5467532467532468 0.8523809523809524 0.09610389610389611 0.2746031746031746
1 0.5948051948051948 0.6095238095238096 0.08051948051948052 0.18253968253968253
1 0.6948051948051948 0.6349206349206349 0.09090909090909091 0.19682539682539682
1 0.4922077922077922 0.5492063492063493 0.07012987012987013 0.15396825396825398
1 0.4805194805194805 0.4492063492063492 0.05844155844155844 0.13333333333333333
1 0.5584415584415584 0.45555555555555555 0.05194805194805195 0.11587301587301588
1 0.6155844155844156 0.44761904761904764 0.05974025974025974 0.13015873015873017
1 0.535064935064935 0.37777777777777777 0.04415584415584416 0.09047619047619047
1 0.5506493506493506 0.3238095238095238 0.045454545454545456 0.08253968253968254
1 0.5558441558441558 0.28095238095238095 0.03506493506493506 0.0761904761904762
1 0.5012987012987012 0.326984126984127 0.03766233766233766 0.06507936507936508
1 0.5103896103896104 0.3 0.03506493506493506 0.049206349206349205
1 0.4961038961038961 0.2761904761904762 0.024675324675324677 0.04285714285714286
1 0.5181818181818182 0.2571428571428571 0.023376623376623377 0.049206349206349205
1 0.4831168831168831 0.2507936507936508 0.025974025974025976 0.047619047619047616
1 0.5 0.2253968253968254 0.025974025974025976 0.03650793650793651
1 0.4662337662337662 0.23333333333333334 0.02857142857142857 0.05238095238095238
1 0.44025974025974024 0.23492063492063492 0.02857142857142857 0.047619047619047616
1 0.45454545454545453 0.2904761904761905 0.03896103896103896 0.044444444444444446
1 0.43896103896103894 0.20317460317460317 0.02077922077922078 0.03015873015873016
1 0.43116883116883115 0.173015873015873 0.016883116883116882 0.03492063492063492
1 0.4584415584415584 0.1761904761904762 0.016883116883116882 0.04126984126984127
1 0.43636363636363634 0.11904761904761904 0.012987012987012988 0.03650793650793651
1 0.44155844155844154 0.09682539682539683 0.007792207792207792 0.020634920634920634
3 0.6623376623376623 0.7777777777777778 0.14025974025974025 0.3333333333333333
3 0.4818181818181818 0.18095238095238095 0.03636363636363636 0.08888888888888889
1 0.551948051948052 0.3238095238095238 0.04935064935064935 0.07142857142857142
1 0.461038961038961 0.12380952380952381 0.01818181818181818 0.03333333333333333