1 0.5636363636363636 0.8206349206349206 0.07662337662337662 0.2015873015873016
1 0.6883116883116883 0.8682539682539683 0.09220779220779221 0.23809523809523808
1 0.8246753246753247 0.9238095238095239 0.08961038961038961 0.15079365079365079
1 0.7402597402597403 0.773015873015873 0.06363636363636363 0.14285714285714285
1 0.7727272727272727 0.6714285714285714 0.05454545454545454 0.13174603174603175
1 0.6298701298701299 0.6619047619047619 0.048051948051948054 0.11904761904761904
1 0.535064935064935 0.5587301587301587 0.04155844155844156 0.11587301587301588
1 0.5987012987012987 0.5412698412698412 0.046753246753246755 0.09841269841269841
1 0.7090909090909091 0.5777777777777777 0.04155844155844156 0.10317460317460317
1 0.6753246753246753 0.48253968253968255 0.03766233766233766 0.05396825396825397
1 0.5818181818181818 0.4634920634920635 0.024675324675324677 0.046031746031746035
1 0.5168831168831168 0.4650793650793651 0.03116883116883117 0.06190476190476191
1 0.5194805194805194 0.40476190476190477 0.02727272727272727 0.04126984126984127
1 0.4987012987012987 0.36984126984126986 0.024675324675324677 0.02857142857142857
1 0.4909090909090909 0.30952380952380953 0.03506493506493506 0.04126984126984127
1 0.5311688311688312 0.319047619047619 0.02727272727272727 0.04285714285714286
1 0.5935064935064935 0.3253968253968254 0.02207792207792208 0.05238095238095238
1 0.5662337662337662 0.3 0.02207792207792208 0.04126984126984127
1 0.5831168831168831 0.2634920634920635 0.01948051948051948 0.03492063492063492
1 0.5441558441558442 0.26825396825396824 0.014285714285714285 0.026984126984126985
1 0.4805194805194805 0.2492063492063492 0.012987012987012988 0.026984126984126985
1 0.4883116883116883 0.2777777777777778 0.015584415584415584 0.025396825396825397
1 0.535064935064935 0.24126984126984127 0.016883116883116882 0.022222222222222223
1 0.535064935064935 0.21428571428571427 0.014285714285714285 0.022222222222222223
1 0.5038961038961038 0.2222222222222222 0.014285714285714285 0.022222222222222223
1 0.4805194805194805 0.2253968253968254 0.012987012987012988 0.01746031746031746
1 0.5 0.2 0.014285714285714285 0.01904761904761905
1 0.522077922077922 0.2015873015873016 0.011688311688311689 0.025396825396825397
1 0.5 0.17936507936507937 0.006493506493506494 0.014285714285714285
1 0.4844155844155844 0.17936507936507937 0.01038961038961039 0.020634920634920634
1 0.4714285714285714 0.1984126984126984 0.01038961038961039 0.025396825396825397
1 0.4883116883116883 0.1523809523809524 0.006493506493506494 0.015873015873015872
1 0.5064935064935064 0.1619047619047619 0.006493506493506494 0.015873015873015872
1 0.4688311688311688 0.11904761904761904 0.007792207792207792 0.01904761904761905
1 0.4909090909090909 0.11746031746031746 0.005194805194805195 0.01904761904761905
1 0.474025974025974 0.10952380952380952 0.006493506493506494 0.014285714285714285
1 0.5662337662337662 0.9698412698412698 0.04285714285714286 0.06031746031746032
2 0.5194805194805194 0.6730158730158731 0.024675324675324677 0.0746031746031746
2 0.5038961038961038 0.6396825396825396 0.01948051948051948 0.0746031746031746
2 0.4922077922077922 0.5841269841269842 0.012987012987012988 0.06666666666666667
2 0.6818181818181818 0.6571428571428571 0.02077922077922078 0.0746031746031746
2 0.6610389610389611 0.6031746031746031 0.016883116883116882 0.06190476190476191
2 0.7376623376623377 0.5476190476190477 0.02857142857142857 0.09523809523809523
2 0.8012987012987013 0.6412698412698413 0.03116883116883117 0.07301587301587302
2 0.6480519480519481 0.5412698412698412 0.015584415584415584 0.06825396825396825
2 0.6363636363636364 0.5238095238095238 0.012987012987012988 0.06349206349206349
2 0.5506493506493506 0.4444444444444444 0.011688311688311689 0.05873015873015873
2 0.6350649350649351 0.4746031746031746 0.011688311688311689 0.047619047619047616
2 0.6337662337662338 0.3952380952380952 0.011688311688311689 0.05238095238095238
2 0.6220779220779221 0.40634920634920635 0.016883116883116882 0.06349206349206349
2 0.5415584415584416 0.42063492063492064 0.007792207792207792 0.05238095238095238
2 0.5298701298701298 0.3888888888888889 0.01038961038961039 0.050793650793650794
2 0.5714285714285714 0.4301587301587302 0.01038961038961039 0.04285714285714286
2 0.5545454545454546 0.4126984126984127 0.011688311688311689 0.04285714285714286
2 0.5558441558441558 0.38412698412698415 0.011688311688311689 0.04285714285714286
2 0.5701298701298702 0.37777777777777777 0.012987012987012988 0.03968253968253968
2 0.5805194805194805 0.41904761904761906 0.014285714285714285 0.03333333333333333
2 0.6038961038961039 0.43174603174603177 0.015584415584415584 0.047619047619047616
2 0.6168831168831169 0.4634920634920635 0.01038961038961039 0.047619047619047616
2 0.6103896103896104 0.3825396825396825 0.01038961038961039 0.03333333333333333
2 0.6324675324675325 0.37777777777777777 0.011688311688311689 0.04126984126984127
2 0.6441558441558441 0.36666666666666664 0.01038961038961039 0.03333333333333333
2 0.6298701298701299 0.353968253968254 0.014285714285714285 0.031746031746031744
2 0.6220779220779221 0.3412698412698413 0.011688311688311689 0.044444444444444446
2 0.5948051948051948 0.3825396825396825 0.00909090909090909 0.0380952380952381
2 0.5831168831168831 0.37777777777777777 0.01038961038961039 0.031746031746031744
2 0.5441558441558442 0.3682539682539683 0.012987012987012988 0.031746031746031744
2 0.4662337662337662 0.29523809523809524 0.007792207792207792 0.04285714285714286
2 0.4649350649350649 0.25396825396825395 0.006493506493506494 0.03333333333333333
2 0.6103896103896104 0.3126984126984127 0.006493506493506494 0.044444444444444446
2 0.5103896103896104 0.273015873015873 0.007792207792207792 0.03333333333333333
2 0.5727272727272728 0.3412698412698413 0.011688311688311689 0.04285714285714286
2 0.4779220779220779 0.15079365079365079 0.007792207792207792 0.022222222222222223
2 0.4909090909090909 0.1380952380952381 0.006493506493506494 0.009523809523809525
2 0.4688311688311688 0.14761904761904762 0.006493506493506494 0.01904761904761905
2 0.4662337662337662 0.15396825396825398 0.003896103896103896 0.01904761904761905
2 0.45324675324675323 0.23015873015873015 0.01038961038961039 0.03333333333333333
2 0.5025974025974026 0.2571428571428571 0.006493506493506494 0.03015873015873016
2 0.5597402597402598 0.26031746031746034 0.007792207792207792 0.023809523809523808
2 0.561038961038961 0.23809523809523808 0.011688311688311689 0.01904761904761905
2 0.5493506493506494 0.24285714285714285 0.006493506493506494 0.020634920634920634
2 0.4831168831168831 0.20317460317460317 0.007792207792207792 0.026984126984126985
2 0.6532467532467533 0.4238095238095238 0.014285714285714285 0.0380952380952381
2 0.6688311688311688 0.4365079365079365 0.012987012987012988 0.031746031746031744
2 0.5545454545454546 0.2222222222222222 0.00909090909090909 0.025396825396825397
2 0.5064935064935064 0.2396825396825397 0.011688311688311689 0.023809523809523808
2 0.4649350649350649 0.2253968253968254 0.012987012987012988 0.026984126984126985
2 0.45324675324675323 0.20476190476190476 0.00909090909090909 0.026984126984126985