2 0.509090909090909 0.9222222222222223 0.04285714285714286 0.10952380952380952
2 0.5155844155844156 0.819047619047619 0.045454545454545456 0.1126984126984127
2 0.512987012987013 0.734920634920635 0.02857142857142857 0.08888888888888889
2 0.4987012987012987 0.6888888888888889 0.03896103896103896 0.09841269841269841
1 0.577922077922078 0.9396825396825397 0.1 0.10793650793650794
2 0.5831168831168831 0.8634920634920635 0.02857142857142857 0.09523809523809523
2 0.6311688311688312 0.8253968253968254 0.04285714285714286 0.1
2 0.6350649350649351 0.9396825396825397 0.03766233766233766 0.11904761904761904
2 0.8051948051948052 0.8936507936507937 0.04285714285714286 0.1634920634920635
1 0.7350649350649351 0.9158730158730158 0.12207792207792208 0.16825396825396827
2 0.7675324675324675 0.8222222222222222 0.03636363636363636 0.1253968253968254
2 0.861038961038961 0.953968253968254 0.048051948051948054 0.09047619047619047
2 0.8597402597402597 0.8873015873015873 0.04025974025974026 0.08888888888888889
2 0.9012987012987013 0.8857142857142857 0.04155844155844156 0.10317460317460317
2 0.9337662337662338 0.9587301587301588 0.05194805194805195 0.08095238095238096
2 0.9753246753246754 0.8269841269841269 0.02727272727272727 0.13015873015873017
2 0.8545454545454545 0.7984126984126985 0.05194805194805195 0.10793650793650794
1 0.7337662337662337 0.7158730158730159 0.07402597402597402 0.17936507936507937
2 0.7779220779220779 0.6634920634920635 0.024675324675324677 0.10952380952380952
1 0.564935064935065 0.665079365079365 0.08181818181818182 0.16666666666666666
2 0.5961038961038961 0.6444444444444445 0.02077922077922078 0.10476190476190476
2 0.5714285714285714 0.6031746031746031 0.025974025974025976 0.08412698412698413
2 0.564935064935065 0.526984126984127 0.025974025974025976 0.09365079365079365
2 0.5727272727272728 0.5365079365079365 0.023376623376623377 0.0746031746031746
2 0.548051948051948 0.4873015873015873 0.023376623376623377 0.0761904761904762
1 0.6220779220779221 0.573015873015873 0.07922077922077922 0.15079365079365079
2 0.5974025974025974 0.5253968253968254 0.023376623376623377 0.06507936507936508
1 0.6350649350649351 0.48253968253968255 0.05194805194805195 0.1126984126984127
2 0.6194805194805195 0.5031746031746032 0.007792207792207792 0.023809523809523808
2 0.6025974025974026 0.46825396825396826 0.02207792207792208 0.047619047619047616
2 0.6545454545454545 0.5253968253968254 0.024675324675324677 0.0873015873015873
1 0.7051948051948052 0.5507936507936508 0.07012987012987013 0.12380952380952381
2 0.6857142857142857 0.48253968253968255 0.01818181818181818 0.06190476190476191
2 0.7077922077922078 0.4777777777777778 0.024675324675324677 0.0761904761904762
2 0.6636363636363637 0.45396825396825397 0.02207792207792208 0.0746031746031746
1 0.5701298701298702 0.4380952380952381 0.05584415584415584 0.10317460317460317
2 0.5961038961038961 0.4158730158730159 0.00909090909090909 0.047619047619047616
2 0.6103896103896104 0.4365079365079365 0.01038961038961039 0.06190476190476191
2 0.6272727272727273 0.4253968253968254 0.015584415584415584 0.031746031746031744
1 0.625974025974026 0.3746031746031746 0.05064935064935065 0.07777777777777778
2 0.6467532467532467 0.3761904761904762 0.01038961038961039 0.04285714285714286
2 0.5909090909090909 0.3825396825396825 0.02077922077922078 0.05238095238095238
2 0.5285714285714286 0.4238095238095238 0.014285714285714285 0.047619047619047616
1 0.5571428571428572 0.3682539682539683 0.05714285714285714 0.0761904761904762
2 0.535064935064935 0.3904761904761905 0.015584415584415584 0.049206349206349205
1 0.4987012987012987 0.3984126984126984 0.04415584415584416 0.06507936507936508
2 0.5207792207792208 0.373015873015873 0.011688311688311689 0.03968253968253968
2 0.5285714285714286 0.34285714285714286 0.012987012987012988 0.031746031746031744
2 0.5181818181818182 0.3333333333333333 0.01948051948051948 0.023809523809523808
1 0.4935064935064935 0.3253968253968254 0.04285714285714286 0.06031746031746032
2 0.5142857142857142 0.31746031746031744 0.014285714285714285 0.020634920634920634
1 0.5831168831168831 0.3238095238095238 0.04025974025974026 0.05714285714285714
2 0.5896103896103896 0.34285714285714286 0.011688311688311689 0.046031746031746035
2 0.6038961038961039 0.3126984126984127 0.012987012987012988 0.047619047619047616
2 0.6116883116883117 0.32857142857142857 0.011688311688311689 0.022222222222222223
2 0.5935064935064935 0.2984126984126984 0.00909090909090909 0.025396825396825397
1 0.548051948051948 0.3253968253968254 0.032467532467532464 0.03968253968253968
2 0.5558441558441558 0.2968253968253968 0.014285714285714285 0.03492063492063492
2 0.5688311688311688 0.29523809523809524 0.01038961038961039 0.023809523809523808
2 0.5896103896103896 0.2746031746031746 0.011688311688311689 0.0380952380952381
1 0.5324675324675324 0.25873015873015875 0.02207792207792208 0.046031746031746035
2 0.551948051948052 0.2634920634920635 0.012987012987012988 0.03333333333333333
1 0.487012987012987 0.2841269841269841 0.03116883116883117 0.04126984126984127
2 0.5077922077922078 0.29365079365079366 0.012987012987012988 0.03968253968253968
2 0.5207792207792208 0.28253968253968254 0.00909090909090909 0.03015873015873016
2 0.5064935064935064 0.26666666666666666 0.01038961038961039 0.025396825396825397
2 0.4714285714285714 0.27936507936507937 0.016883116883116882 0.04285714285714286
2 0.45714285714285713 0.2396825396825397 0.011688311688311689 0.02857142857142857
2 0.4597402597402597 0.22380952380952382 0.011688311688311689 0.03015873015873016
1 0.487012987012987 0.2492063492063492 0.023376623376623377 0.026984126984126985
2 0.5051948051948052 0.24603174603174602 0.016883116883116882 0.031746031746031744
2 0.5103896103896104 0.24761904761904763 0.007792207792207792 0.020634920634920634
2 0.5 0.22698412698412698 0.00909090909090909 0.01746031746031746
0 0.5233766233766234 0.20634920634920634 0.045454545454545456 0.08095238095238096
2 0.5441558441558442 0.2253968253968254 0.006493506493506494 0.020634920634920634
2 0.5584415584415584 0.2253968253968254 0.007792207792207792 0.02857142857142857
2 0.5701298701298702 0.24126984126984127 0.006493506493506494 0.023809523809523808
2 0.577922077922078 0.24761904761904763 0.007792207792207792 0.022222222222222223
2 0.5428571428571428 0.1984126984126984 0.007792207792207792 0.023809523809523808
1 0.4766233766233766 0.20952380952380953 0.01818181818181818 0.01904761904761905
2 0.4896103896103896 0.19365079365079366 0.011688311688311689 0.025396825396825397
1 0.461038961038961 0.1523809523809524 0.02077922077922078 0.015873015873015872
2 0.45324675324675323 0.14285714285714285 0.007792207792207792 0.022222222222222223
1 0.4636363636363636 0.14761904761904762 0.014285714285714285 0.012698412698412698
1 0.4649350649350649 0.1253968253968254 0.01818181818181818 0.020634920634920634
2 0.45584415584415583 0.12698412698412698 0.003896103896103896 0.015873015873015872
1 0.4766233766233766 0.18888888888888888 0.01948051948051948 0.01746031746031746
2 0.4909090909090909 0.1761904761904762 0.011688311688311689 0.01904761904761905
1 0.5064935064935064 0.19365079365079366 0.014285714285714285 0.023809523809523808
1 0.5025974025974026 0.18253968253968253 0.023376623376623377 0.03015873015873016
1 0.4961038961038961 0.16031746031746033 0.01818181818181818 0.015873015873015872
2 0.5142857142857142 0.1619047619047619 0.011688311688311689 0.011111111111111112
2 0.5233766233766234 0.1634920634920635 0.005194805194805195 0.014285714285714285
1 0.4857142857142857 0.1253968253968254 0.01038961038961039 0.015873015873015872
1 0.4792207792207792 0.10793650793650794 0.00909090909090909 0.022222222222222223
1 0.4935064935064935 0.11428571428571428 0.01038961038961039 0.01904761904761905
1 0.4883116883116883 0.10476190476190476 0.005194805194805195 0.014285714285714285
1 0.4857142857142857 0.09206349206349207 0.016883116883116882 0.01904761904761905
2 0.4987012987012987 0.1 0.005194805194805195 0.012698412698412698
2 0.5064935064935064 0.10317460317460317 0.007792207792207792 0.01746031746031746
1 0.4714285714285714 0.17777777777777778 0.02207792207792208 0.022222222222222223
1 0.4649350649350649 0.16825396825396827 0.02077922077922078 0.014285714285714285
2 0.4753246753246753 0.1523809523809524 0.005194805194805195 0.01904761904761905
1 0.4844155844155844 0.15555555555555556 0.011688311688311689 0.022222222222222223
1 0.5077922077922078 0.1492063492063492 0.012987012987012988 0.022222222222222223
1 0.4805194805194805 0.1349206349206349 0.011688311688311689 0.020634920634920634
1 0.4974025974025974 0.13968253968253969 0.012987012987012988 0.01746031746031746
2 0.5025974025974026 0.12857142857142856 0.007792207792207792 0.01904761904761905
1 0.6493506493506493 0.7380952380952381 0.08961038961038961 0.20317460317460317
1 0.5142857142857142 0.5190476190476191 0.06363636363636363 0.1349206349206349
1 0.4727272727272727 0.22857142857142856 0.02857142857142857 0.03650793650793651
1 0.4636363636363636 0.1380952380952381 0.00909090909090909 0.009523809523809525
1 0.4701298701298701 0.1111111111111111 0.01038961038961039 0.011111111111111112
1 0.5038961038961038 0.09047619047619047 0.01038961038961039 0.014285714285714285