0 0.8155844155844156 0.8222222222222222 0.33116883116883117 0.35555555555555557
3 0.4922077922077922 0.2873015873015873 0.053246753246753244 0.09365079365079365
1 0.4662337662337662 0.1349206349206349 0.014285714285714285 0.03968253968253968
1 0.4987012987012987 0.09682539682539683 0.00909090909090909 0.025396825396825397
1 0.4935064935064935 0.14603174603174604 0.014285714285714285 0.02857142857142857
1 0.5155844155844156 0.24444444444444444 0.02987012987012987 0.046031746031746035
1 0.5636363636363636 0.2968253968253968 0.03506493506493506 0.06190476190476191
1 0.577922077922078 0.4238095238095238 0.05064935064935065 0.08412698412698413
2 0.674025974025974 0.4873015873015873 0.045454545454545456 0.08888888888888889
2 0.5532467532467532 0.2492063492063492 0.02207792207792208 0.04285714285714286
2 0.4818181818181818 0.1761904761904762 0.024675324675324677 0.0380952380952381
2 0.512987012987013 0.14603174603174604 0.012987012987012988 0.020634920634920634
2 0.4922077922077922 0.12857142857142856 0.011688311688311689 0.01904761904761905
2 0.474025974025974 0.14444444444444443 0.006493506493506494 0.023809523809523808
2 0.5064935064935064 0.13333333333333333 0.007792207792207792 0.014285714285714285
2 0.5 0.11587301587301588 0.005194805194805195 0.012698412698412698
2 0.5025974025974026 0.12222222222222222 0.003896103896103896 0.014285714285714285