1 0.5896103896103896 0.8777777777777778 0.12207792207792208 0.24444444444444444
3 0.5025974025974026 0.37142857142857144 0.05584415584415584 0.10793650793650794
1 0.5207792207792208 0.24126984126984127 0.032467532467532464 0.05238095238095238
2 0.4688311688311688 0.13968253968253969 0.007792207792207792 0.022222222222222223
2 0.4662337662337662 0.12063492063492064 0.012987012987012988 0.01746031746031746
2 0.4818181818181818 0.11746031746031746 0.01038961038961039 0.022222222222222223
1 0.4935064935064935 0.11428571428571428 0.01038961038961039 0.026984126984126985
2 0.5038961038961038 0.11746031746031746 0.007792207792207792 0.03492063492063492
2 0.5064935064935064 0.09365079365079365 0.007792207792207792 0.015873015873015872
2 0.5038961038961038 0.17777777777777778 0.011688311688311689 0.026984126984126985
2 0.4857142857142857 0.2571428571428571 0.014285714285714285 0.04285714285714286
2 0.6714285714285714 0.526984126984127 0.03636363636363636 0.0873015873015873
2 0.6623376623376623 0.6777777777777778 0.03896103896103896 0.11587301587301588