1 0.5883116883116883 0.9222222222222223 0.0987012987012987 0.15555555555555556
1 0.6467532467532467 0.7476190476190476 0.09610389610389611 0.21587301587301588
1 0.5402597402597402 0.6444444444444445 0.06623376623376623 0.19206349206349208
1 0.6792207792207792 0.5968253968253968 0.07922077922077922 0.15714285714285714
1 0.5142857142857142 0.49206349206349204 0.05974025974025974 0.1253968253968254
1 0.638961038961039 0.4984126984126984 0.053246753246753244 0.10476190476190476
1 0.5701298701298702 0.48412698412698413 0.04935064935064935 0.10952380952380952
1 0.5194805194805194 0.4031746031746032 0.04285714285714286 0.07936507936507936
1 0.5961038961038961 0.3873015873015873 0.04415584415584416 0.08571428571428572
1 0.561038961038961 0.3396825396825397 0.033766233766233764 0.06507936507936508
1 0.6077922077922078 0.34285714285714286 0.05584415584415584 0.08095238095238096
1 0.4792207792207792 0.22857142857142856 0.024675324675324677 0.04285714285714286
1 0.5064935064935064 0.20793650793650795 0.016883116883116882 0.04126984126984127
1 0.4701298701298701 0.19682539682539682 0.02207792207792208 0.031746031746031744
1 0.5051948051948052 0.1761904761904762 0.025974025974025976 0.022222222222222223
1 0.4623376623376623 0.17936507936507937 0.01948051948051948 0.025396825396825397
1 0.4922077922077922 0.16031746031746033 0.012987012987012988 0.023809523809523808
1 0.4883116883116883 0.14603174603174604 0.014285714285714285 0.023809523809523808
1 0.4675324675324675 0.1365079365079365 0.014285714285714285 0.022222222222222223
3 0.4714285714285714 0.10634920634920635 0.011688311688311689 0.031746031746031744
1 0.5012987012987012 0.09047619047619047 0.007792207792207792 0.014285714285714285
2 0.5051948051948052 0.10634920634920635 0.005194805194805195 0.015873015873015872
2 0.5 0.10317460317460317 0.006493506493506494 0.009523809523809525
2 0.4948051948051948 0.10634920634920635 0.005194805194805195 0.015873015873015872
2 0.5025974025974026 0.12063492063492064 0.006493506493506494 0.020634920634920634
2 0.5077922077922078 0.14285714285714285 0.006493506493506494 0.01904761904761905
2 0.5181818181818182 0.16507936507936508 0.01038961038961039 0.022222222222222223
2 0.5298701298701298 0.2492063492063492 0.012987012987012988 0.03650793650793651
2 0.5584415584415584 0.24761904761904763 0.014285714285714285 0.04126984126984127
2 0.5961038961038961 0.2968253968253968 0.014285714285714285 0.031746031746031744
2 0.5766233766233766 0.2984126984126984 0.011688311688311689 0.03492063492063492
2 0.6116883116883117 0.30793650793650795 0.016883116883116882 0.02857142857142857
2 0.5454545454545454 0.29523809523809524 0.015584415584415584 0.044444444444444446
2 0.5233766233766234 0.3 0.023376623376623377 0.04126984126984127
2 0.5142857142857142 0.3126984126984127 0.015584415584415584 0.03650793650793651
2 0.5168831168831168 0.3396825396825397 0.01818181818181818 0.03333333333333333
2 0.5493506493506494 0.3634920634920635 0.016883116883116882 0.03650793650793651
2 0.5532467532467532 0.3968253968253968 0.015584415584415584 0.03492063492063492
2 0.5311688311688312 0.4444444444444444 0.01818181818181818 0.046031746031746035
2 0.5818181818181818 0.4238095238095238 0.01948051948051948 0.050793650793650794
2 0.5571428571428572 0.4158730158730159 0.011688311688311689 0.03015873015873016
2 0.6155844155844156 0.4301587301587302 0.014285714285714285 0.049206349206349205
2 0.6402597402597403 0.4444444444444444 0.01818181818181818 0.03650793650793651
2 0.6584415584415585 0.4174603174603175 0.014285714285714285 0.06349206349206349
2 0.6753246753246753 0.48253968253968255 0.014285714285714285 0.07301587301587302
2 0.7116883116883117 0.5142857142857142 0.014285714285714285 0.06984126984126984
2 0.6883116883116883 0.5079365079365079 0.016883116883116882 0.06825396825396825
2 0.6051948051948052 0.5682539682539682 0.02857142857142857 0.06825396825396825
2 0.5844155844155844 0.6301587301587301 0.03116883116883117 0.09047619047619047
2 0.6220779220779221 0.6142857142857143 0.02077922077922078 0.05873015873015873
2 0.4935064935064935 0.5888888888888889 0.02857142857142857 0.09365079365079365
2 0.7454545454545455 0.5714285714285714 0.03636363636363636 0.0746031746031746
2 0.7194805194805195 0.5746031746031746 0.024675324675324677 0.05873015873015873
2 0.687012987012987 0.6888888888888889 0.024675324675324677 0.09682539682539683
2 0.7727272727272727 0.6428571428571429 0.025974025974025976 0.08412698412698413
2 0.7389610389610389 0.6253968253968254 0.03116883116883117 0.05238095238095238
2 0.7350649350649351 0.6904761904761905 0.024675324675324677 0.06825396825396825
2 0.7233766233766233 0.7492063492063492 0.02987012987012987 0.06825396825396825
2 0.7220779220779221 0.8396825396825397 0.03896103896103896 0.10793650793650794
2 0.7649350649350649 0.7333333333333333 0.02207792207792208 0.10952380952380952
2 0.7935064935064935 0.726984126984127 0.024675324675324677 0.10476190476190476
2 0.8142857142857143 0.7047619047619048 0.01818181818181818 0.10793650793650794
2 0.8571428571428571 0.7571428571428571 0.03766233766233766 0.1111111111111111
2 0.8402597402597403 0.8031746031746032 0.03636363636363636 0.10793650793650794
2 0.812987012987013 0.7936507936507936 0.045454545454545456 0.06031746031746032
2 0.8116883116883117 0.8587301587301587 0.05974025974025974 0.06825396825396825
2 0.7688311688311689 0.8269841269841269 0.03896103896103896 0.09206349206349207
2 0.9142857142857143 0.8841269841269841 0.032467532467532464 0.08253968253968254
2 0.8753246753246753 0.8746031746031746 0.03896103896103896 0.06825396825396825
2 0.8168831168831169 0.9285714285714286 0.04935064935064935 0.12698412698412698
2 0.7610389610389611 0.9238095238095239 0.03896103896103896 0.1126984126984127
2 0.6896103896103896 0.9603174603174603 0.04285714285714286 0.07936507936507936
2 0.7337662337662337 0.9682539682539683 0.033766233766233764 0.06349206349206349
2 0.8025974025974026 0.973015873015873 0.033766233766233764 0.05396825396825397
2 0.8675324675324675 0.9492063492063492 0.03636363636363636 0.10158730158730159
2 0.9207792207792208 0.9603174603174603 0.04415584415584416 0.07936507936507936
2 0.9714285714285714 0.9619047619047619 0.04155844155844156 0.0761904761904762