2 0.874025974025974 0.9571428571428572 0.05974025974025974 0.08571428571428572
2 0.8298701298701299 0.9523809523809523 0.048051948051948054 0.09523809523809523
2 0.8662337662337662 0.8523809523809524 0.05194805194805195 0.15396825396825398
2 0.8103896103896104 0.846031746031746 0.04415584415584416 0.16507936507936508
2 0.7909090909090909 0.9 0.04025974025974026 0.1619047619047619
2 0.6636363636363637 0.8380952380952381 0.03766233766233766 0.1365079365079365
2 0.6987012987012987 0.7825396825396825 0.02987012987012987 0.10158730158730159
2 0.7428571428571429 0.8126984126984127 0.02727272727272727 0.09523809523809523
2 0.7740259740259741 0.6746031746031746 0.032467532467532464 0.0761904761904762
2 0.7779220779220779 0.7317460317460317 0.03896103896103896 0.11587301587301588
2 0.7584415584415585 0.7777777777777778 0.04285714285714286 0.1365079365079365
2 0.7259740259740259 0.7126984126984127 0.025974025974025976 0.11587301587301588
2 0.6831168831168831 0.692063492063492 0.03896103896103896 0.12063492063492064
2 0.6805194805194805 0.6238095238095238 0.02727272727272727 0.08412698412698413
2 0.7389610389610389 0.6873015873015873 0.03636363636363636 0.12380952380952381
2 0.7272727272727273 0.6079365079365079 0.02987012987012987 0.08571428571428572
2 0.7493506493506493 0.6015873015873016 0.02857142857142857 0.11587301587301588
2 0.5051948051948052 0.6777777777777778 0.032467532467532464 0.1365079365079365
2 0.7103896103896103 0.5238095238095238 0.02857142857142857 0.0873015873015873
2 0.6961038961038961 0.5571428571428572 0.02727272727272727 0.09841269841269841
2 0.6623376623376623 0.5634920634920635 0.02727272727272727 0.10634920634920635
2 0.6220779220779221 0.4793650793650794 0.023376623376623377 0.06825396825396825
2 0.6688311688311688 0.4984126984126984 0.024675324675324677 0.07777777777777778
2 0.6454545454545455 0.4984126984126984 0.01818181818181818 0.04126984126984127
2 0.5714285714285714 0.4873015873015873 0.01818181818181818 0.08571428571428572
2 0.577922077922078 0.4587301587301587 0.02077922077922078 0.07936507936507936
2 0.487012987012987 0.44126984126984126 0.02077922077922078 0.0761904761904762
2 0.538961038961039 0.3888888888888889 0.015584415584415584 0.04126984126984127
2 0.6116883116883117 0.4095238095238095 0.016883116883116882 0.06031746031746032
2 0.6064935064935065 0.38095238095238093 0.02207792207792208 0.06190476190476191
2 0.6311688311688312 0.3619047619047619 0.02077922077922078 0.04126984126984127
2 0.6194805194805195 0.34444444444444444 0.01818181818181818 0.05555555555555555
2 0.6012987012987013 0.326984126984127 0.016883116883116882 0.050793650793650794
2 0.5792207792207792 0.3238095238095238 0.016883116883116882 0.03333333333333333
2 0.5857142857142857 0.35555555555555557 0.014285714285714285 0.049206349206349205
2 0.587012987012987 0.30952380952380953 0.012987012987012988 0.03650793650793651
2 0.5402597402597402 0.33015873015873015 0.01948051948051948 0.03015873015873016
2 0.5428571428571428 0.35555555555555557 0.01818181818181818 0.0380952380952381
2 0.5194805194805194 0.32857142857142857 0.014285714285714285 0.05555555555555555
2 0.5298701298701298 0.3238095238095238 0.011688311688311689 0.06666666666666667
2 0.512987012987013 0.2857142857142857 0.011688311688311689 0.03333333333333333
2 0.5116883116883116 0.26031746031746034 0.00909090909090909 0.026984126984126985
2 0.522077922077922 0.25873015873015875 0.007792207792207792 0.031746031746031744
2 0.538961038961039 0.2523809523809524 0.00909090909090909 0.03015873015873016
2 0.5675324675324676 0.2968253968253968 0.007792207792207792 0.04285714285714286
2 0.5532467532467532 0.273015873015873 0.005194805194805195 0.014285714285714285
2 0.4701298701298701 0.25396825396825395 0.00909090909090909 0.046031746031746035
2 0.4948051948051948 0.24285714285714285 0.01038961038961039 0.025396825396825397
2 0.5012987012987012 0.2619047619047619 0.01038961038961039 0.0380952380952381
2 0.5064935064935064 0.24603174603174602 0.011688311688311689 0.0380952380952381
2 0.5337662337662338 0.22063492063492063 0.00909090909090909 0.01746031746031746
2 0.551948051948052 0.22698412698412698 0.00909090909090909 0.03492063492063492
2 0.5597402597402598 0.24444444444444444 0.003896103896103896 0.02857142857142857
2 0.4597402597402597 0.18412698412698414 0.005194805194805195 0.025396825396825397
2 0.4597402597402597 0.16825396825396827 0.005194805194805195 0.014285714285714285
2 0.4584415584415584 0.14603174603174604 0.005194805194805195 0.01904761904761905
2 0.4688311688311688 0.13333333333333333 0.006493506493506494 0.015873015873015872
2 0.4818181818181818 0.1349206349206349 0.005194805194805195 0.01904761904761905
2 0.4792207792207792 0.16825396825396827 0.005194805194805195 0.014285714285714285
2 0.5155844155844156 0.1984126984126984 0.005194805194805195 0.02857142857142857
2 0.5207792207792208 0.19047619047619047 0.006493506493506494 0.03492063492063492
2 0.509090909090909 0.1761904761904762 0.006493506493506494 0.02857142857142857
2 0.5181818181818182 0.1619047619047619 0.01038961038961039 0.022222222222222223
2 0.4922077922077922 0.13968253968253969 0.012987012987012988 0.01746031746031746
2 0.4987012987012987 0.1253968253968254 0.01038961038961039 0.009523809523809525
2 0.5077922077922078 0.13333333333333333 0.007792207792207792 0.014285714285714285
2 0.5038961038961038 0.1126984126984127 0.00909090909090909 0.012698412698412698
2 0.5025974025974026 0.09523809523809523 0.003896103896103896 0.009523809523809525
1 0.6051948051948052 0.9238095238095239 0.11948051948051948 0.1523809523809524
1 0.574025974025974 0.7492063492063492 0.1038961038961039 0.22857142857142856
1 0.7324675324675325 0.9126984126984127 0.14545454545454545 0.1746031746031746
1 0.6181818181818182 0.5666666666666667 0.07662337662337662 0.1253968253968254
1 0.6493506493506493 0.43333333333333335 0.06233766233766234 0.10634920634920635
1 0.5701298701298702 0.3825396825396825 0.048051948051948054 0.0873015873015873
1 0.5064935064935064 0.3380952380952381 0.04155844155844156 0.06031746031746032
1 0.5103896103896104 0.3904761904761905 0.048051948051948054 0.06825396825396825
1 0.5454545454545454 0.2968253968253968 0.033766233766233764 0.06349206349206349
1 0.5753246753246753 0.2650793650793651 0.02727272727272727 0.06825396825396825
1 0.5285714285714286 0.24285714285714285 0.02207792207792208 0.03968253968253968
1 0.4857142857142857 0.27936507936507937 0.02727272727272727 0.049206349206349205
1 0.5025974025974026 0.20476190476190476 0.01948051948051948 0.03968253968253968
1 0.5337662337662338 0.20793650793650795 0.01948051948051948 0.03492063492063492
1 0.4727272727272727 0.19047619047619047 0.015584415584415584 0.0380952380952381
1 0.4701298701298701 0.15555555555555556 0.011688311688311689 0.025396825396825397
1 0.4909090909090909 0.1761904761904762 0.01948051948051948 0.044444444444444446
1 0.509090909090909 0.15396825396825398 0.014285714285714285 0.02857142857142857
1 0.4792207792207792 0.12222222222222222 0.012987012987012988 0.022222222222222223
1 0.4805194805194805 0.10634920634920635 0.007792207792207792 0.009523809523809525
1 0.4922077922077922 0.09841269841269841 0.01038961038961039 0.012698412698412698
3 0.5298701298701298 0.4984126984126984 0.07142857142857142 0.18571428571428572
2 0.4948051948051948 0.10952380952380952 0.003896103896103896 0.009523809523809525