2 0.7467532467532467 0.8984126984126984 0.05714285714285714 0.19523809523809524
2 0.8155844155844156 0.9253968253968254 0.05974025974025974 0.14761904761904762
2 0.5103896103896104 0.6714285714285714 0.03766233766233766 0.13968253968253969
2 0.5792207792207792 0.6746031746031746 0.03636363636363636 0.12222222222222222
2 0.674025974025974 0.5571428571428572 0.02857142857142857 0.11746031746031746
2 0.6337662337662338 0.5206349206349207 0.04155844155844156 0.11587301587301588
2 0.6896103896103896 0.49682539682539684 0.03506493506493506 0.09365079365079365
2 0.5558441558441558 0.4523809523809524 0.02727272727272727 0.09682539682539683
2 0.4857142857142857 0.4126984126984127 0.024675324675324677 0.0873015873015873
2 0.4792207792207792 0.3253968253968254 0.015584415584415584 0.05555555555555555
2 0.4805194805194805 0.29523809523809524 0.01038961038961039 0.04285714285714286
2 0.4753246753246753 0.2777777777777778 0.016883116883116882 0.047619047619047616
2 0.5805194805194805 0.3396825396825397 0.014285714285714285 0.047619047619047616
2 0.5025974025974026 0.30317460317460315 0.014285714285714285 0.02857142857142857
2 0.5948051948051948 0.31587301587301586 0.01818181818181818 0.044444444444444446
2 0.5857142857142857 0.29523809523809524 0.014285714285714285 0.05714285714285714
2 0.5155844155844156 0.32222222222222224 0.012987012987012988 0.05714285714285714
2 0.5285714285714286 0.32063492063492066 0.011688311688311689 0.05396825396825397
2 0.5181818181818182 0.2841269841269841 0.015584415584415584 0.05396825396825397
2 0.5064935064935064 0.2777777777777778 0.01038961038961039 0.031746031746031744
2 0.4948051948051948 0.2761904761904762 0.012987012987012988 0.03968253968253968
2 0.4987012987012987 0.25873015873015875 0.014285714285714285 0.03015873015873016
2 0.5012987012987012 0.24285714285714285 0.014285714285714285 0.03968253968253968
2 0.4948051948051948 0.23174603174603176 0.01038961038961039 0.03492063492063492
2 0.5311688311688312 0.29365079365079366 0.014285714285714285 0.04285714285714286
2 0.5454545454545454 0.29365079365079366 0.012987012987012988 0.0380952380952381
2 0.5571428571428572 0.2984126984126984 0.01038961038961039 0.031746031746031744
2 0.574025974025974 0.3238095238095238 0.015584415584415584 0.05555555555555555
2 0.5662337662337662 0.3 0.01818181818181818 0.05396825396825397
2 0.5727272727272728 0.273015873015873 0.014285714285714285 0.03650793650793651
2 0.5636363636363636 0.2714285714285714 0.015584415584415584 0.026984126984126985
2 0.5584415584415584 0.25873015873015875 0.014285714285714285 0.044444444444444446
2 0.5597402597402598 0.24285714285714285 0.012987012987012988 0.03650793650793651
2 0.5454545454545454 0.2396825396825397 0.012987012987012988 0.046031746031746035
2 0.548051948051948 0.21587301587301588 0.012987012987012988 0.02857142857142857
2 0.535064935064935 0.20634920634920634 0.0025974025974025974 0.0015873015873015873
2 0.5415584415584416 0.2253968253968254 0.007792207792207792 0.025396825396825397
2 0.5194805194805194 0.20634920634920634 0.00909090909090909 0.02857142857142857
2 0.5337662337662338 0.20634920634920634 0.00909090909090909 0.03492063492063492
2 0.5324675324675324 0.19206349206349208 0.015584415584415584 0.026984126984126985
2 0.5311688311688312 0.17936507936507937 0.00909090909090909 0.02857142857142857
2 0.5246753246753246 0.18412698412698414 0.007792207792207792 0.031746031746031744
2 0.4792207792207792 0.17777777777777778 0.00909090909090909 0.031746031746031744
2 0.474025974025974 0.17142857142857143 0.01038961038961039 0.03492063492063492
2 0.4935064935064935 0.14761904761904762 0.007792207792207792 0.01904761904761905
2 0.5246753246753246 0.16825396825396827 0.007792207792207792 0.023809523809523808
2 0.5168831168831168 0.16507936507936508 0.00909090909090909 0.023809523809523808
2 0.5103896103896104 0.15555555555555556 0.011688311688311689 0.026984126984126985
2 0.5038961038961038 0.1365079365079365 0.006493506493506494 0.01904761904761905
2 0.5 0.14285714285714285 0.007792207792207792 0.022222222222222223
2 0.5168831168831168 0.13968253968253969 0.006493506493506494 0.023809523809523808
2 0.5103896103896104 0.13968253968253969 0.007792207792207792 0.020634920634920634
2 0.5038961038961038 0.13174603174603175 0.007792207792207792 0.022222222222222223
2 0.4714285714285714 0.13015873015873017 0.006493506493506494 0.01904761904761905
2 0.4922077922077922 0.173015873015873 0.007792207792207792 0.01904761904761905
1 0.5025974025974026 0.11746031746031746 0.012987012987012988 0.025396825396825397
1 0.4922077922077922 0.11904761904761904 0.011688311688311689 0.02857142857142857
0 0.4831168831168831 0.1126984126984127 0.01948051948051948 0.0380952380952381
1 0.4987012987012987 0.09841269841269841 0.011688311688311689 0.01746031746031746
1 0.4779220779220779 0.09523809523809523 0.015584415584415584 0.020634920634920634
1 0.4688311688311688 0.10952380952380952 0.015584415584415584 0.023809523809523808
1 0.4649350649350649 0.11428571428571428 0.012987012987012988 0.014285714285714285
1 0.4623376623376623 0.12380952380952381 0.01818181818181818 0.014285714285714285
1 0.4636363636363636 0.1349206349206349 0.02077922077922078 0.01904761904761905
1 0.4636363636363636 0.15079365079365079 0.015584415584415584 0.026984126984126985
1 0.4818181818181818 0.15079365079365079 0.01818181818181818 0.031746031746031744
1 0.4987012987012987 0.1634920634920635 0.016883116883116882 0.03650793650793651
1 0.512987012987013 0.18095238095238095 0.02207792207792208 0.03968253968253968
1 0.4649350649350649 0.1746031746031746 0.02207792207792208 0.023809523809523808
1 0.4675324675324675 0.20317460317460317 0.025974025974025976 0.0380952380952381
1 0.4896103896103896 0.1873015873015873 0.02207792207792208 0.03650793650793651
1 0.5064935064935064 0.21428571428571427 0.024675324675324677 0.04285714285714286
1 0.4792207792207792 0.24126984126984127 0.02987012987012987 0.05396825396825397
1 0.525974025974026 0.2507936507936508 0.03506493506493506 0.06825396825396825
1 0.5025974025974026 0.346031746031746 0.03766233766233766 0.07936507936507936
1 0.5532467532467532 0.34444444444444444 0.04415584415584416 0.08571428571428572
1 0.5974025974025974 0.4 0.046753246753246755 0.09206349206349207
1 0.6103896103896104 0.353968253968254 0.04935064935064935 0.08253968253968254
1 0.5116883116883116 0.4650793650793651 0.05064935064935065 0.11587301587301588
1 0.5909090909090909 0.5158730158730159 0.06623376623376623 0.15079365079365079
1 0.564935064935065 0.819047619047619 0.1012987012987013 0.2396825396825397
1 0.6545454545454545 0.7111111111111111 0.0987012987012987 0.2015873015873016
1 0.7441558441558441 0.6190476190476191 0.11298701298701298 0.20476190476190476