2 0.7155844155844155 0.953968253968254 0.05714285714285714 0.09047619047619047
2 0.7948051948051948 0.8761904761904762 0.04285714285714286 0.15396825396825398
2 0.6831168831168831 0.5714285714285714 0.05584415584415584 0.10476190476190476
2 0.6051948051948052 0.3619047619047619 0.048051948051948054 0.06825396825396825
2 0.5597402597402598 0.3 0.02857142857142857 0.07301587301587302
2 0.525974025974026 0.18095238095238095 0.01818181818181818 0.03333333333333333
2 0.5155844155844156 0.15714285714285714 0.014285714285714285 0.03650793650793651
1 0.4727272727272727 0.14603174603174604 0.01818181818181818 0.03968253968253968
2 0.4766233766233766 0.15873015873015872 0.012987012987012988 0.023809523809523808
2 0.4701298701298701 0.1619047619047619 0.007792207792207792 0.025396825396825397
2 0.4831168831168831 0.10793650793650794 0.01038961038961039 0.020634920634920634
2 0.4974025974025974 0.10634920634920635 0.014285714285714285 0.026984126984126985
1 0.4935064935064935 0.16666666666666666 0.024675324675324677 0.03650793650793651