2 0.9818181818181818 0.7714285714285715 0.032467532467532464 0.12698412698412698
2 0.8948051948051948 0.9507936507936507 0.053246753246753244 0.09841269841269841
2 0.9766233766233766 0.9857142857142858 0.03116883116883117 0.02857142857142857
2 0.9207792207792208 0.9873015873015873 0.02987012987012987 0.023809523809523808
2 0.7025974025974026 0.9714285714285714 0.04415584415584416 0.05555555555555555
2 0.6662337662337663 0.9174603174603174 0.04285714285714286 0.14126984126984127
2 0.6220779220779221 0.7619047619047619 0.03636363636363636 0.14603174603174604
2 0.6610389610389611 0.8 0.03766233766233766 0.12698412698412698
2 0.638961038961039 0.8412698412698413 0.03506493506493506 0.10317460317460317
2 0.509090909090909 0.6492063492063492 0.02987012987012987 0.1126984126984127
2 0.5181818181818182 0.7047619047619048 0.02727272727272727 0.12222222222222222
2 0.6051948051948052 0.5682539682539682 0.024675324675324677 0.08095238095238096
2 0.5792207792207792 0.5333333333333333 0.023376623376623377 0.05714285714285714
2 0.5961038961038961 0.5190476190476191 0.01948051948051948 0.06666666666666667
2 0.6103896103896104 0.5031746031746032 0.023376623376623377 0.08095238095238096
2 0.5831168831168831 0.4857142857142857 0.023376623376623377 0.0746031746031746
2 0.574025974025974 0.5190476190476191 0.01948051948051948 0.07936507936507936
2 0.5532467532467532 0.4857142857142857 0.012987012987012988 0.0761904761904762
2 0.5597402597402598 0.44285714285714284 0.014285714285714285 0.06666666666666667
2 0.5454545454545454 0.4222222222222222 0.01948051948051948 0.05873015873015873
2 0.5493506493506494 0.4523809523809524 0.012987012987012988 0.04126984126984127
2 0.5298701298701298 0.3682539682539683 0.012987012987012988 0.05873015873015873
2 0.5415584415584416 0.3952380952380952 0.011688311688311689 0.03968253968253968
2 0.5441558441558442 0.3746031746031746 0.016883116883116882 0.03492063492063492
2 0.538961038961039 0.3523809523809524 0.01038961038961039 0.03015873015873016
2 0.5155844155844156 0.34444444444444444 0.012987012987012988 0.044444444444444446
2 0.4597402597402597 0.25396825396825395 0.012987012987012988 0.03650793650793651
2 0.4766233766233766 0.32063492063492066 0.014285714285714285 0.06031746031746032
2 0.564935064935065 0.31746031746031744 0.011688311688311689 0.044444444444444446
2 0.551948051948052 0.29365079365079366 0.00909090909090909 0.023809523809523808
2 0.5441558441558442 0.29523809523809524 0.006493506493506494 0.014285714285714285
2 0.5376623376623376 0.29523809523809524 0.011688311688311689 0.026984126984126985
2 0.5285714285714286 0.31746031746031744 0.016883116883116882 0.049206349206349205
2 0.5 0.2714285714285714 0.007792207792207792 0.025396825396825397
2 0.4844155844155844 0.2777777777777778 0.01038961038961039 0.03015873015873016
2 0.4688311688311688 0.2841269841269841 0.011688311688311689 0.04285714285714286
2 0.4935064935064935 0.28253968253968254 0.006493506493506494 0.007936507936507936
2 0.5168831168831168 0.2841269841269841 0.01038961038961039 0.020634920634920634
2 0.5285714285714286 0.28253968253968254 0.007792207792207792 0.020634920634920634
2 0.5142857142857142 0.3 0.011688311688311689 0.03968253968253968
2 0.564935064935065 0.27936507936507937 0.01038961038961039 0.023809523809523808
2 0.5714285714285714 0.2841269841269841 0.007792207792207792 0.015873015873015872
2 0.5324675324675324 0.22380952380952382 0.00909090909090909 0.022222222222222223
2 0.535064935064935 0.24603174603174602 0.011688311688311689 0.031746031746031744
2 0.5467532467532468 0.21904761904761905 0.007792207792207792 0.012698412698412698
2 0.5532467532467532 0.21587301587301588 0.005194805194805195 0.012698412698412698
2 0.5597402597402598 0.22063492063492063 0.003896103896103896 0.009523809523809525
2 0.5714285714285714 0.2507936507936508 0.007792207792207792 0.03650793650793651
2 0.564935064935065 0.22698412698412698 0.006493506493506494 0.011111111111111112
2 0.5207792207792208 0.20476190476190476 0.007792207792207792 0.025396825396825397
2 0.4922077922077922 0.23333333333333334 0.012987012987012988 0.03968253968253968
2 0.5467532467532468 0.20317460317460317 0.007792207792207792 0.01746031746031746
2 0.535064935064935 0.18888888888888888 0.005194805194805195 0.012698412698412698
2 0.525974025974026 0.1873015873015873 0.007792207792207792 0.01746031746031746
2 0.4922077922077922 0.19047619047619047 0.007792207792207792 0.015873015873015872
2 0.4805194805194805 0.16031746031746033 0.007792207792207792 0.014285714285714285
2 0.4844155844155844 0.1746031746031746 0.007792207792207792 0.01746031746031746
2 0.4922077922077922 0.1746031746031746 0.006493506493506494 0.011111111111111112
2 0.4974025974025974 0.10952380952380952 0.003896103896103896 0.014285714285714285
2 0.5012987012987012 0.09841269841269841 0.003896103896103896 0.007936507936507936
2 0.5038961038961038 0.11587301587301588 0.005194805194805195 0.011111111111111112
2 0.4701298701298701 0.1253968253968254 0.005194805194805195 0.011111111111111112
2 0.4805194805194805 0.12063492063492064 0.005194805194805195 0.006349206349206349
2 0.5051948051948052 0.12857142857142856 0.007792207792207792 0.01746031746031746
2 0.5025974025974026 0.15079365079365079 0.005194805194805195 0.01746031746031746
2 0.4909090909090909 0.1380952380952381 0.005194805194805195 0.012698412698412698
2 0.4779220779220779 0.14285714285714285 0.006493506493506494 0.014285714285714285
2 0.4961038961038961 0.1253968253968254 0.003896103896103896 0.012698412698412698
2 0.509090909090909 0.15714285714285714 0.005194805194805195 0.015873015873015872
2 0.5155844155844156 0.15714285714285714 0.003896103896103896 0.011111111111111112
2 0.5272727272727272 0.1761904761904762 0.005194805194805195 0.011111111111111112
2 0.5025974025974026 0.173015873015873 0.005194805194805195 0.011111111111111112
2 0.4974025974025974 0.18253968253968253 0.003896103896103896 0.020634920634920634
2 0.4818181818181818 0.1984126984126984 0.005194805194805195 0.025396825396825397
2 0.45324675324675323 0.16031746031746033 0.006493506493506494 0.026984126984126985
2 0.5766233766233766 0.2571428571428571 0.005194805194805195 0.025396825396825397
2 0.577922077922078 0.27936507936507937 0.006493506493506494 0.014285714285714285
2 0.5376623376623376 0.2698412698412698 0.007792207792207792 0.023809523809523808
2 0.5194805194805194 0.16825396825396827 0.007792207792207792 0.01746031746031746
2 0.5207792207792208 0.1873015873015873 0.005194805194805195 0.022222222222222223
1 0.5727272727272728 0.8126984126984127 0.09740259740259741 0.2507936507936508
1 0.6350649350649351 0.5349206349206349 0.03116883116883117 0.10158730158730159
1 0.5857142857142857 0.6285714285714286 0.07792207792207792 0.15714285714285714
1 0.5233766233766234 0.4936507936507937 0.05194805194805195 0.16507936507936508
1 0.5025974025974026 0.44126984126984126 0.04935064935064935 0.10158730158730159
1 0.6077922077922078 0.4492063492063492 0.05584415584415584 0.10634920634920635
1 0.574025974025974 0.40476190476190477 0.048051948051948054 0.07936507936507936
1 0.5493506493506494 0.34285714285714286 0.032467532467532464 0.0746031746031746
1 0.4935064935064935 0.35079365079365077 0.033766233766233764 0.07936507936507936
1 0.512987012987013 0.3888888888888889 0.03636363636363636 0.049206349206349205
1 0.5896103896103896 0.346031746031746 0.045454545454545456 0.10793650793650794
1 0.5974025974025974 0.31587301587301586 0.03896103896103896 0.09682539682539683
1 0.5558441558441558 0.2571428571428571 0.03116883116883117 0.06825396825396825
1 0.5233766233766234 0.26666666666666666 0.02857142857142857 0.04126984126984127
1 0.5 0.3047619047619048 0.025974025974025976 0.03650793650793651
2 0.5025974025974026 0.2777777777777778 0.00909090909090909 0.020634920634920634
1 0.4818181818181818 0.25873015873015875 0.02987012987012987 0.047619047619047616
1 0.4766233766233766 0.2365079365079365 0.02207792207792208 0.022222222222222223
1 0.509090909090909 0.2396825396825397 0.025974025974025976 0.03650793650793651
1 0.509090909090909 0.21746031746031746 0.02077922077922078 0.023809523809523808
1 0.5337662337662338 0.2126984126984127 0.02207792207792208 0.0380952380952381
1 0.5077922077922078 0.19523809523809524 0.02207792207792208 0.031746031746031744
1 0.4922077922077922 0.20952380952380953 0.015584415584415584 0.02857142857142857
1 0.4727272727272727 0.22063492063492063 0.024675324675324677 0.03015873015873016
1 0.4662337662337662 0.2111111111111111 0.01818181818181818 0.03492063492063492
1 0.4675324675324675 0.18888888888888888 0.01948051948051948 0.01904761904761905
1 0.4662337662337662 0.1619047619047619 0.014285714285714285 0.015873015873015872
1 0.4714285714285714 0.17142857142857143 0.01818181818181818 0.015873015873015872
1 0.4649350649350649 0.15079365079365079 0.011688311688311689 0.012698412698412698
1 0.4662337662337662 0.1349206349206349 0.012987012987012988 0.01904761904761905
1 0.4831168831168831 0.13174603174603175 0.00909090909090909 0.014285714285714285
1 0.4896103896103896 0.12380952380952381 0.01038961038961039 0.012698412698412698
1 0.4883116883116883 0.15714285714285714 0.015584415584415584 0.01746031746031746
1 0.4961038961038961 0.16666666666666666 0.011688311688311689 0.01904761904761905
1 0.4974025974025974 0.13968253968253969 0.007792207792207792 0.020634920634920634
2 0.4857142857142857 0.14285714285714285 0.005194805194805195 0.009523809523809525
2 0.487012987012987 0.18253968253968253 0.007792207792207792 0.023809523809523808
1 0.5116883116883116 0.1761904761904762 0.011688311688311689 0.011111111111111112
2 0.512987012987013 0.15396825396825398 0.003896103896103896 0.014285714285714285
0 0.7623376623376623 0.734920634920635 0.2714285714285714 0.5285714285714286
3 0.5987012987012987 0.9396825396825397 0.14545454545454545 0.12063492063492064