2 0.5558441558441558 0.9174603174603174 0.05454545454545454 0.16507936507936508
2 0.8961038961038961 0.9587301587301588 0.07662337662337662 0.08253968253968254
2 0.6753246753246753 0.6492063492063492 0.02857142857142857 0.05238095238095238
2 0.6194805194805195 0.7206349206349206 0.033766233766233764 0.1380952380952381
2 0.6155844155844156 0.6333333333333333 0.03506493506493506 0.10634920634920635
1 0.7311688311688311 0.8158730158730159 0.18181818181818182 0.36666666666666664
1 0.548051948051948 0.6730158730158731 0.08311688311688312 0.20634920634920634
2 0.5675324675324676 0.5650793650793651 0.02857142857142857 0.10952380952380952
2 0.5974025974025974 0.5476190476190477 0.033766233766233764 0.09841269841269841
2 0.6337662337662338 0.5317460317460317 0.02857142857142857 0.1
2 0.6701298701298701 0.4492063492063492 0.016883116883116882 0.06984126984126984
2 0.6441558441558441 0.45396825396825397 0.02727272727272727 0.07936507936507936
1 0.6922077922077922 0.5492063492063493 0.08051948051948052 0.1492063492063492
1 0.5116883116883116 0.4888888888888889 0.05974025974025974 0.12063492063492064
2 0.6155844155844156 0.42063492063492064 0.025974025974025976 0.08253968253968254
2 0.5584415584415584 0.4174603174603175 0.01948051948051948 0.07142857142857142
2 0.5571428571428572 0.3761904761904762 0.015584415584415584 0.047619047619047616
2 0.5844155844155844 0.3761904761904762 0.016883116883116882 0.03492063492063492
2 0.6350649350649351 0.3603174603174603 0.02077922077922078 0.06349206349206349
2 0.4948051948051948 0.35714285714285715 0.01948051948051948 0.06984126984126984
2 0.5246753246753246 0.3412698412698413 0.014285714285714285 0.047619047619047616
2 0.5233766233766234 0.30952380952380953 0.012987012987012988 0.04285714285714286
2 0.577922077922078 0.32222222222222224 0.012987012987012988 0.05396825396825397
2 0.5922077922077922 0.3047619047619048 0.00909090909090909 0.03492063492063492
2 0.6 0.2968253968253968 0.014285714285714285 0.03650793650793651
2 0.512987012987013 0.28888888888888886 0.014285714285714285 0.050793650793650794
2 0.4948051948051948 0.28095238095238095 0.014285714285714285 0.02857142857142857
2 0.564935064935065 0.30158730158730157 0.012987012987012988 0.03333333333333333
2 0.548051948051948 0.2619047619047619 0.014285714285714285 0.047619047619047616
2 0.4766233766233766 0.273015873015873 0.014285714285714285 0.04285714285714286
2 0.5545454545454546 0.24126984126984127 0.01038961038961039 0.03968253968253968
2 0.5506493506493506 0.22698412698412698 0.011688311688311689 0.0380952380952381
2 0.474025974025974 0.23809523809523808 0.012987012987012988 0.04285714285714286
2 0.4896103896103896 0.24285714285714285 0.01038961038961039 0.046031746031746035
2 0.4961038961038961 0.22380952380952382 0.011688311688311689 0.03650793650793651
2 0.4844155844155844 0.23174603174603176 0.00909090909090909 0.04126984126984127
2 0.5142857142857142 0.22857142857142856 0.00909090909090909 0.03492063492063492
2 0.522077922077922 0.23333333333333334 0.011688311688311689 0.025396825396825397
2 0.535064935064935 0.22698412698412698 0.01038961038961039 0.0380952380952381
2 0.538961038961039 0.20793650793650795 0.014285714285714285 0.023809523809523808
2 0.4896103896103896 0.19523809523809524 0.011688311688311689 0.026984126984126985
2 0.4688311688311688 0.19682539682539682 0.011688311688311689 0.03968253968253968
2 0.4805194805194805 0.19047619047619047 0.01038961038961039 0.04285714285714286
2 0.5194805194805194 0.20317460317460317 0.011688311688311689 0.026984126984126985
2 0.5194805194805194 0.18888888888888888 0.011688311688311689 0.02857142857142857
2 0.5103896103896104 0.15714285714285714 0.01038961038961039 0.026984126984126985
2 0.509090909090909 0.14285714285714285 0.00909090909090909 0.022222222222222223
2 0.4688311688311688 0.15555555555555556 0.01038961038961039 0.020634920634920634
2 0.4701298701298701 0.14285714285714285 0.01038961038961039 0.022222222222222223
2 0.4961038961038961 0.12698412698412698 0.01038961038961039 0.020634920634920634
2 0.4727272727272727 0.11746031746031746 0.007792207792207792 0.015873015873015872
2 0.4766233766233766 0.1111111111111111 0.007792207792207792 0.01904761904761905
2 0.4831168831168831 0.10793650793650794 0.005194805194805195 0.022222222222222223
2 0.4883116883116883 0.1126984126984127 0.005194805194805195 0.01904761904761905
3 0.4948051948051948 0.1111111111111111 0.01818181818181818 0.03333333333333333
3 0.4935064935064935 0.15714285714285714 0.02077922077922078 0.05238095238095238
1 0.4649350649350649 0.12698412698412698 0.012987012987012988 0.026984126984126985
1 0.4831168831168831 0.13174603174603175 0.011688311688311689 0.031746031746031744
1 0.5051948051948052 0.19206349206349208 0.02207792207792208 0.03968253968253968
1 0.522077922077922 0.2619047619047619 0.025974025974025976 0.05238095238095238
1 0.5753246753246753 0.25873015873015875 0.032467532467532464 0.07301587301587302
1 0.4935064935064935 0.31587301587301586 0.03506493506493506 0.06984126984126984
1 0.551948051948052 0.32857142857142857 0.046753246753246755 0.08412698412698413
1 0.6051948051948052 0.346031746031746 0.03896103896103896 0.08412698412698413
1 0.522077922077922 0.3952380952380952 0.05064935064935065 0.09047619047619047
1 0.5883116883116883 0.44126984126984126 0.05844155844155844 0.13174603174603175