2 0.9090909090909091 0.7634920634920634 0.05064935064935065 0.12857142857142856
2 0.8935064935064935 0.9126984126984127 0.03766233766233766 0.12063492063492064
2 0.9038961038961039 0.9857142857142858 0.016883116883116882 0.02857142857142857
2 0.938961038961039 0.973015873015873 0.03116883116883117 0.05396825396825397
2 0.7155844155844155 0.9412698412698413 0.033766233766233764 0.11746031746031746
2 0.6584415584415585 0.9761904761904762 0.016883116883116882 0.046031746031746035
2 0.6636363636363637 0.9063492063492063 0.02987012987012987 0.12380952380952381
2 0.6428571428571429 0.8126984126984127 0.024675324675324677 0.10793650793650794
2 0.6714285714285714 0.7873015873015873 0.02857142857142857 0.12698412698412698
2 0.7012987012987013 0.8412698412698413 0.025974025974025976 0.08888888888888889
1 0.7909090909090909 0.8793650793650793 0.12987012987012986 0.24126984126984127
2 0.7298701298701299 0.7682539682539683 0.024675324675324677 0.10317460317460317
2 0.7948051948051948 0.7412698412698413 0.033766233766233764 0.1
2 0.8155844155844156 0.7095238095238096 0.04025974025974026 0.1111111111111111
2 0.7571428571428571 0.734920634920635 0.02987012987012987 0.08095238095238096
2 0.7233766233766233 0.6857142857142857 0.025974025974025976 0.07777777777777778
2 0.7519480519480519 0.6730158730158731 0.02727272727272727 0.10634920634920635
2 0.7532467532467533 0.6333333333333333 0.033766233766233764 0.07936507936507936
2 0.7233766233766233 0.6301587301587301 0.016883116883116882 0.0746031746031746
2 0.7012987012987013 0.6428571428571429 0.024675324675324677 0.1111111111111111
2 0.6194805194805195 0.773015873015873 0.023376623376623377 0.13174603174603175
2 0.6103896103896104 0.6888888888888889 0.01948051948051948 0.09206349206349207
1 0.5623376623376624 0.7698412698412699 0.08571428571428572 0.2746031746031746
2 0.5909090909090909 0.6412698412698413 0.01818181818181818 0.08571428571428572
2 0.5766233766233766 0.6015873015873016 0.02207792207792208 0.0761904761904762
2 0.6012987012987013 0.5904761904761905 0.01818181818181818 0.07301587301587302
2 0.5909090909090909 0.5523809523809524 0.01948051948051948 0.05873015873015873
2 0.5662337662337662 0.5492063492063493 0.016883116883116882 0.07777777777777778
2 0.5688311688311688 0.5015873015873016 0.016883116883116882 0.05238095238095238
2 0.535064935064935 0.48412698412698413 0.01948051948051948 0.05238095238095238
2 0.548051948051948 0.5111111111111111 0.01948051948051948 0.05873015873015873
1 0.5324675324675324 0.6285714285714286 0.06623376623376623 0.18412698412698414
2 0.5155844155844156 0.526984126984127 0.016883116883116882 0.049206349206349205
2 0.6012987012987013 0.4793650793650794 0.01818181818181818 0.05555555555555555
2 0.6285714285714286 0.4793650793650794 0.014285714285714285 0.05555555555555555
1 0.6363636363636364 0.42698412698412697 0.04935064935064935 0.10793650793650794
2 0.6220779220779221 0.4587301587301587 0.014285714285714285 0.06190476190476191
1 0.6350649350649351 0.5571428571428572 0.05194805194805195 0.1111111111111111
2 0.6493506493506493 0.4888888888888889 0.011688311688311689 0.05396825396825397
2 0.6727272727272727 0.4238095238095238 0.01038961038961039 0.044444444444444446
2 0.6818181818181818 0.4444444444444444 0.012987012987012988 0.050793650793650794
2 0.6662337662337663 0.473015873015873 0.014285714285714285 0.05873015873015873
2 0.6909090909090909 0.48095238095238096 0.016883116883116882 0.06349206349206349
2 0.6766233766233766 0.5095238095238095 0.015584415584415584 0.06190476190476191
2 0.6792207792207792 0.5063492063492063 0.01948051948051948 0.05873015873015873
2 0.6597402597402597 0.5349206349206349 0.01818181818181818 0.10476190476190476
2 0.7064935064935065 0.5142857142857142 0.01948051948051948 0.06349206349206349
2 0.7025974025974026 0.5476190476190477 0.014285714285714285 0.0761904761904762
2 0.6805194805194805 0.5634920634920635 0.016883116883116882 0.08253968253968254
2 0.6935064935064935 0.5761904761904761 0.016883116883116882 0.06190476190476191
2 0.7285714285714285 0.573015873015873 0.023376623376623377 0.09523809523809523
2 0.7168831168831169 0.5968253968253968 0.015584415584415584 0.0380952380952381
2 0.7181818181818181 0.5793650793650794 0.014285714285714285 0.0380952380952381
2 0.5363636363636364 0.36984126984126986 0.014285714285714285 0.05714285714285714
2 0.5363636363636364 0.3349206349206349 0.015584415584415584 0.04126984126984127
3 0.4987012987012987 0.3126984126984127 0.05454545454545454 0.14444444444444443
2 0.4779220779220779 0.3238095238095238 0.011688311688311689 0.05873015873015873
2 0.4701298701298701 0.2857142857142857 0.011688311688311689 0.04285714285714286
2 0.4623376623376623 0.2619047619047619 0.01038961038961039 0.023809523809523808
1 0.5155844155844156 0.23809523809523808 0.025974025974025976 0.03650793650793651
1 0.5376623376623376 0.2841269841269841 0.023376623376623377 0.03968253968253968
1 0.5285714285714286 0.25873015873015875 0.016883116883116882 0.025396825396825397
2 0.5376623376623376 0.24126984126984127 0.00909090909090909 0.03015873015873016
2 0.5324675324675324 0.23174603174603176 0.006493506493506494 0.023809523809523808
1 0.5467532467532468 0.2492063492063492 0.01818181818181818 0.03650793650793651
2 0.538961038961039 0.22380952380952382 0.006493506493506494 0.020634920634920634
1 0.5337662337662338 0.19365079365079366 0.02727272727272727 0.05873015873015873
1 0.5441558441558442 0.20793650793650795 0.01818181818181818 0.03333333333333333
1 0.5584415584415584 0.23333333333333334 0.023376623376623377 0.031746031746031744
2 0.5467532467532468 0.22063492063492063 0.005194805194805195 0.011111111111111112
1 0.5064935064935064 0.2 0.025974025974025976 0.049206349206349205
1 0.5103896103896104 0.20476190476190476 0.01948051948051948 0.03650793650793651
2 0.525974025974026 0.2111111111111111 0.005194805194805195 0.01746031746031746
2 0.5324675324675324 0.21746031746031746 0.005194805194805195 0.015873015873015872
2 0.5233766233766234 0.20317460317460317 0.005194805194805195 0.020634920634920634
2 0.5038961038961038 0.23492063492063492 0.00909090909090909 0.020634920634920634
2 0.5077922077922078 0.2222222222222222 0.003896103896103896 0.015873015873015872
2 0.45194805194805193 0.19523809523809524 0.003896103896103896 0.03015873015873016
2 0.4597402597402597 0.2 0.006493506493506494 0.02857142857142857
2 0.45584415584415583 0.17936507936507937 0.005194805194805195 0.015873015873015872
3 0.4818181818181818 0.22698412698412698 0.03896103896103896 0.07301587301587302
2 0.4948051948051948 0.1873015873015873 0.005194805194805195 0.011111111111111112
2 0.5103896103896104 0.1746031746031746 0.005194805194805195 0.015873015873015872
2 0.5246753246753246 0.16825396825396827 0.006493506493506494 0.022222222222222223
2 0.5116883116883116 0.15873015873015872 0.006493506493506494 0.015873015873015872
1 0.509090909090909 0.14603174603174604 0.01038961038961039 0.023809523809523808
2 0.5168831168831168 0.15555555555555556 0.003896103896103896 0.012698412698412698
1 0.4961038961038961 0.16984126984126985 0.016883116883116882 0.023809523809523808
2 0.5051948051948052 0.16031746031746033 0.007792207792207792 0.01746031746031746
1 0.487012987012987 0.15079365079365079 0.012987012987012988 0.025396825396825397
2 0.4948051948051948 0.14285714285714285 0.005194805194805195 0.023809523809523808
2 0.5 0.14761904761904762 0.006493506493506494 0.01904761904761905
2 0.4922077922077922 0.11587301587301588 0.006493506493506494 0.01746031746031746
2 0.4844155844155844 0.11746031746031746 0.005194805194805195 0.01746031746031746
2 0.4766233766233766 0.10634920634920635 0.003896103896103896 0.012698412698412698
2 0.4857142857142857 0.10317460317460317 0.003896103896103896 0.012698412698412698
2 0.5 0.1111111111111111 0.003896103896103896 0.011111111111111112
2 0.5012987012987012 0.10476190476190476 0.003896103896103896 0.009523809523809525
2 0.5051948051948052 0.10634920634920635 0.003896103896103896 0.011111111111111112
2 0.4961038961038961 0.11904761904761904 0.0025974025974025974 0.011111111111111112
2 0.5 0.1380952380952381 0.005194805194805195 0.020634920634920634
3 0.5 0.09523809523809523 0.012987012987012988 0.01904761904761905
1 0.4883116883116883 0.09682539682539683 0.007792207792207792 0.015873015873015872
1 0.4649350649350649 0.1492063492063492 0.012987012987012988 0.015873015873015872
1 0.4623376623376623 0.173015873015873 0.007792207792207792 0.020634920634920634
3 0.4766233766233766 0.16825396825396827 0.01948051948051948 0.047619047619047616
1 0.564935064935065 0.26666666666666666 0.025974025974025976 0.049206349206349205
1 0.574025974025974 0.29523809523809524 0.025974025974025976 0.05555555555555555
1 0.5974025974025974 0.3349206349206349 0.03896103896103896 0.0761904761904762
1 0.5467532467532468 0.3 0.02207792207792208 0.03650793650793651
1 0.5675324675324676 0.34444444444444444 0.03896103896103896 0.06984126984126984
1 0.5714285714285714 0.4444444444444444 0.06233766233766234 0.09841269841269841
1 0.5675324675324676 0.39206349206349206 0.045454545454545456 0.06190476190476191
1 0.5025974025974026 0.4095238095238095 0.04415584415584416 0.14761904761904762
1 0.6506493506493507 0.6730158730158731 0.07792207792207792 0.173015873015873
1 0.5831168831168831 0.9507936507936507 0.09350649350649351 0.09682539682539683