1 0.5688311688311688 0.9095238095238095 0.09350649350649351 0.18095238095238095
1 0.6779220779220779 0.8587301587301587 0.11298701298701298 0.24761904761904763
1 0.5376623376623376 0.5777777777777777 0.05064935064935065 0.16825396825396827
1 0.6194805194805195 0.5428571428571428 0.09090909090909091 0.11428571428571428
1 0.6 0.4523809523809524 0.05974025974025974 0.08571428571428572
2 0.4922077922077922 0.626984126984127 0.024675324675324677 0.09047619047619047
2 0.4883116883116883 0.5666666666666667 0.02857142857142857 0.05873015873015873
2 0.4922077922077922 0.5095238095238095 0.024675324675324677 0.06507936507936508
1 0.5285714285714286 0.4714285714285714 0.05064935064935065 0.11746031746031746
1 0.5792207792207792 0.39206349206349206 0.05844155844155844 0.0761904761904762
2 0.4857142857142857 0.45555555555555555 0.02207792207792208 0.08253968253968254
1 0.5181818181818182 0.40634920634920635 0.045454545454545456 0.0873015873015873
2 0.4779220779220779 0.34285714285714286 0.025974025974025976 0.06190476190476191
1 0.5064935064935064 0.3492063492063492 0.06753246753246753 0.09841269841269841
1 0.5116883116883116 0.35873015873015873 0.05194805194805195 0.050793650793650794
1 0.561038961038961 0.3380952380952381 0.045454545454545456 0.06984126984126984
1 0.548051948051948 0.28888888888888886 0.053246753246753244 0.06190476190476191
1 0.4961038961038961 0.16666666666666666 0.025974025974025976 0.05238095238095238
2 0.4948051948051948 0.12380952380952381 0.02727272727272727 0.01904761904761905
2 0.5363636363636364 0.19206349206349208 0.023376623376623377 0.044444444444444446
2 0.5415584415584416 0.25555555555555554 0.032467532467532464 0.06507936507936508
2 0.5675324675324676 0.26031746031746034 0.016883116883116882 0.031746031746031744
2 0.5909090909090909 0.346031746031746 0.03636363636363636 0.08253968253968254
2 0.5857142857142857 0.326984126984127 0.025974025974025976 0.05238095238095238
2 0.6194805194805195 0.35714285714285715 0.02727272727272727 0.050793650793650794
2 0.6285714285714286 0.4238095238095238 0.02207792207792208 0.06825396825396825
2 0.6506493506493507 0.4650793650793651 0.02727272727272727 0.05396825396825397
2 0.6545454545454545 0.4238095238095238 0.02987012987012987 0.07142857142857142
2 0.6610389610389611 0.473015873015873 0.033766233766233764 0.07936507936507936
2 0.6805194805194805 0.5349206349206349 0.016883116883116882 0.06507936507936508
2 0.6909090909090909 0.48253968253968255 0.01948051948051948 0.03492063492063492
2 0.712987012987013 0.5492063492063493 0.03636363636363636 0.06984126984126984
2 0.7116883116883117 0.48412698412698413 0.032467532467532464 0.07777777777777778
2 0.6883116883116883 0.6428571428571429 0.03506493506493506 0.07936507936507936
2 0.7350649350649351 0.7222222222222222 0.05714285714285714 0.13174603174603175
2 0.7246753246753247 0.626984126984127 0.02857142857142857 0.08253968253968254
2 0.7389610389610389 0.6158730158730159 0.033766233766233764 0.10158730158730159
2 0.6974025974025974 0.7174603174603175 0.03506493506493506 0.08571428571428572
2 0.7441558441558441 0.6857142857142857 0.03766233766233766 0.0746031746031746
2 0.7792207792207793 0.6968253968253968 0.05844155844155844 0.1349206349206349
2 0.7818181818181819 0.6936507936507936 0.05064935064935065 0.08412698412698413
2 0.5116883116883116 0.7412698412698413 0.053246753246753244 0.13968253968253969
2 0.5753246753246753 0.7047619047619048 0.03116883116883117 0.10952380952380952
2 0.6233766233766234 0.7095238095238096 0.032467532467532464 0.12857142857142856
2 0.7688311688311689 0.8793650793650793 0.05844155844155844 0.1634920634920635
2 0.8207792207792208 0.946031746031746 0.05064935064935065 0.07936507936507936
2 0.8831168831168831 0.9571428571428572 0.02987012987012987 0.08412698412698413
2 0.8363636363636363 0.8603174603174604 0.05584415584415584 0.11904761904761904
2 0.8688311688311688 0.846031746031746 0.045454545454545456 0.13968253968253969
2 0.8376623376623377 0.7301587301587301 0.04155844155844156 0.11428571428571428