2 0.6181818181818182 0.9158730158730158 0.053246753246753244 0.12222222222222222
2 0.6662337662337663 0.9380952380952381 0.03896103896103896 0.12222222222222222
2 0.7116883116883117 0.9301587301587302 0.05194805194805195 0.13968253968253969
2 0.6155844155844156 0.9698412698412698 0.06233766233766234 0.03968253968253968
2 0.7415584415584415 0.734920634920635 0.03766233766233766 0.1126984126984127
2 0.9623376623376624 0.8968253968253969 0.04155844155844156 0.12222222222222222
2 0.987012987012987 0.9063492063492063 0.025974025974025976 0.1873015873015873
2 0.9766233766233766 0.7936507936507936 0.046753246753246755 0.11746031746031746
2 0.948051948051948 0.8063492063492064 0.06103896103896104 0.11746031746031746
2 0.9194805194805195 0.8222222222222222 0.04935064935064935 0.1492063492063492
2 0.9311688311688312 0.6904761904761905 0.06493506493506493 0.10952380952380952
2 0.8597402597402597 0.5984126984126984 0.02727272727272727 0.09365079365079365
2 0.8220779220779221 0.5190476190476191 0.02727272727272727 0.06984126984126984
2 0.7935064935064935 0.48412698412698413 0.03766233766233766 0.08253968253968254
2 0.7376623376623377 0.4015873015873016 0.02727272727272727 0.07301587301587302
2 0.6883116883116883 0.4365079365079365 0.04155844155844156 0.08095238095238096
2 0.6831168831168831 0.3142857142857143 0.02207792207792208 0.06984126984126984
2 0.6831168831168831 0.2571428571428571 0.02987012987012987 0.06031746031746032
2 0.625974025974026 0.19047619047619047 0.025974025974025976 0.03650793650793651
2 0.6441558441558441 0.1634920634920635 0.03116883116883117 0.031746031746031744
1 0.7831168831168831 0.8984126984126984 0.10519480519480519 0.20317460317460317
1 0.935064935064935 0.9523809523809523 0.12727272727272726 0.09365079365079365
1 0.8454545454545455 0.8 0.11688311688311688 0.2920634920634921
1 0.7506493506493507 0.5793650793650794 0.06883116883116883 0.20634920634920634
1 0.8220779220779221 0.6142857142857143 0.06233766233766234 0.11904761904761904
0 0.6597402597402597 0.6111111111111112 0.1038961038961039 0.3825396825396825
3 0.6324675324675325 0.33650793650793653 0.09220779220779221 0.15396825396825398