1 0.7207792207792207 0.9333333333333333 0.13116883116883116 0.13174603174603175
1 0.6103896103896104 0.953968253968254 0.11558441558441558 0.09047619047619047
3 0.538961038961039 0.8158730158730159 0.13376623376623376 0.35079365079365077
1 0.6675324675324675 0.7587301587301587 0.12857142857142856 0.23809523809523808
1 0.587012987012987 0.5857142857142857 0.08831168831168831 0.1365079365079365
1 0.4961038961038961 0.5952380952380952 0.05584415584415584 0.1111111111111111
1 0.5532467532467532 0.47619047619047616 0.06103896103896104 0.1111111111111111
1 0.5506493506493506 0.39365079365079364 0.05454545454545454 0.1
1 0.587012987012987 0.32222222222222224 0.05584415584415584 0.09047619047619047
1 0.5337662337662338 0.3333333333333333 0.04155844155844156 0.05555555555555555
1 0.5207792207792208 0.29523809523809524 0.03766233766233766 0.047619047619047616
1 0.4584415584415584 0.2507936507936508 0.032467532467532464 0.06666666666666667
1 0.43896103896103894 0.19047619047619047 0.025974025974025976 0.04126984126984127
1 0.45324675324675323 0.14603174603174604 0.025974025974025976 0.03650793650793651
2 0.45454545454545453 0.09841269841269841 0.00909090909090909 0.015873015873015872
1 0.45324675324675323 0.09047619047619047 0.00909090909090909 0.015873015873015872
3 0.4649350649350649 0.09523809523809523 0.012987012987012988 0.025396825396825397
3 0.4792207792207792 0.44285714285714284 0.06363636363636363 0.2
2 0.4701298701298701 0.16031746031746033 0.01818181818181818 0.025396825396825397
2 0.4701298701298701 0.1365079365079365 0.012987012987012988 0.01746031746031746
2 0.4649350649350649 0.18412698412698414 0.014285714285714285 0.022222222222222223
2 0.487012987012987 0.21904761904761905 0.012987012987012988 0.03650793650793651
2 0.4974025974025974 0.20952380952380953 0.012987012987012988 0.031746031746031744
2 0.5012987012987012 0.18571428571428572 0.014285714285714285 0.025396825396825397
2 0.4896103896103896 0.19523809523809524 0.01948051948051948 0.015873015873015872
2 0.4831168831168831 0.2507936507936508 0.016883116883116882 0.046031746031746035
2 0.4727272727272727 0.30634920634920637 0.02077922077922078 0.046031746031746035
2 0.5194805194805194 0.20793650793650795 0.015584415584415584 0.031746031746031744
2 0.535064935064935 0.22063492063492063 0.007792207792207792 0.023809523809523808
2 0.5402597402597402 0.2571428571428571 0.015584415584415584 0.02857142857142857
2 0.538961038961039 0.24285714285714285 0.016883116883116882 0.025396825396825397
2 0.5454545454545454 0.2857142857142857 0.015584415584415584 0.03492063492063492
2 0.638961038961039 0.43492063492063493 0.04415584415584416 0.06507936507936508
2 0.6285714285714286 0.5031746031746032 0.04415584415584416 0.08253968253968254
2 0.6597402597402597 0.4984126984126984 0.03116883116883117 0.08412698412698413
2 0.7038961038961039 0.5317460317460317 0.03766233766233766 0.08888888888888889
2 0.5428571428571428 0.5174603174603175 0.024675324675324677 0.07301587301587302
2 0.5376623376623376 0.5714285714285714 0.03636363636363636 0.0761904761904762
2 0.4792207792207792 0.5682539682539682 0.04155844155844156 0.10634920634920635
2 0.6636363636363637 0.5857142857142857 0.04025974025974026 0.07142857142857142
2 0.7298701298701299 0.5968253968253968 0.04415584415584416 0.07936507936507936
2 0.6571428571428571 0.6428571428571429 0.03896103896103896 0.07301587301587302
2 0.7090909090909091 0.6619047619047619 0.04415584415584416 0.0873015873015873
2 0.7480519480519481 0.6666666666666666 0.04285714285714286 0.11428571428571428
2 0.6974025974025974 0.7031746031746032 0.048051948051948054 0.1126984126984127
2 0.7285714285714285 0.773015873015873 0.04285714285714286 0.11587301587301588
2 0.7636363636363637 0.8666666666666667 0.04935064935064935 0.1365079365079365
2 0.8584415584415584 0.8444444444444444 0.05714285714285714 0.1349206349206349
2 0.8181818181818182 0.9333333333333333 0.04025974025974026 0.13333333333333333
2 0.8441558441558441 0.9126984126984127 0.03766233766233766 0.13174603174603175
2 0.7961038961038961 0.9555555555555556 0.05194805194805195 0.08888888888888889
2 0.887012987012987 0.9698412698412698 0.045454545454545456 0.06031746031746032