1 0.5818181818181818 0.8952380952380953 0.11038961038961038 0.20793650793650795
1 0.7038961038961039 0.8761904761904762 0.10649350649350649 0.24761904761904763
1 0.8272727272727273 0.8888888888888888 0.11038961038961038 0.22063492063492063
1 0.6350649350649351 0.6984126984126984 0.08831168831168831 0.2
1 0.5506493506493506 0.7333333333333333 0.08961038961038961 0.20634920634920634
1 0.6922077922077922 0.5841269841269842 0.1 0.1349206349206349
1 0.5337662337662338 0.5920634920634921 0.06753246753246753 0.13968253968253969
1 0.5935064935064935 0.4873015873015873 0.06753246753246753 0.11904761904761904
1 0.5155844155844156 0.49682539682539684 0.05974025974025974 0.1253968253968254
1 0.5038961038961038 0.42857142857142855 0.04025974025974026 0.09523809523809523
1 0.5571428571428572 0.3984126984126984 0.04155844155844156 0.08888888888888889
1 0.5415584415584416 0.3603174603174603 0.03506493506493506 0.06666666666666667
1 0.5402597402597402 0.31746031746031744 0.04025974025974026 0.06349206349206349
1 0.5 0.353968253968254 0.02857142857142857 0.06190476190476191
1 0.5831168831168831 0.326984126984127 0.02857142857142857 0.06507936507936508
2 0.4818181818181818 0.3349206349206349 0.015584415584415584 0.06190476190476191
1 0.4922077922077922 0.30952380952380953 0.02987012987012987 0.05714285714285714
2 0.5 0.22380952380952382 0.014285714285714285 0.049206349206349205
1 0.5142857142857142 0.23809523809523808 0.023376623376623377 0.03968253968253968
1 0.4818181818181818 0.2714285714285714 0.024675324675324677 0.05555555555555555
1 0.4844155844155844 0.2507936507936508 0.02727272727272727 0.0380952380952381
1 0.4883116883116883 0.23174603174603176 0.024675324675324677 0.046031746031746035
1 0.4766233766233766 0.21746031746031746 0.02077922077922078 0.03968253968253968
1 0.4688311688311688 0.20634920634920634 0.01948051948051948 0.0380952380952381
1 0.4701298701298701 0.1873015873015873 0.02077922077922078 0.04126984126984127
1 0.4701298701298701 0.16825396825396827 0.015584415584415584 0.03333333333333333
1 0.4753246753246753 0.1619047619047619 0.015584415584415584 0.03333333333333333
1 0.4636363636363636 0.1492063492063492 0.015584415584415584 0.02857142857142857
1 0.4649350649350649 0.13333333333333333 0.015584415584415584 0.025396825396825397
1 0.4649350649350649 0.12222222222222222 0.01038961038961039 0.031746031746031744
1 0.4883116883116883 0.15079365079365079 0.015584415584415584 0.03015873015873016
1 0.4896103896103896 0.1349206349206349 0.011688311688311689 0.022222222222222223
0 0.4727272727272727 0.1126984126984127 0.014285714285714285 0.03968253968253968
1 0.4935064935064935 0.12380952380952381 0.00909090909090909 0.012698412698412698
1 0.5298701298701298 0.19682539682539682 0.024675324675324677 0.0380952380952381
2 0.8909090909090909 0.9317460317460318 0.04155844155844156 0.1365079365079365
2 0.9194805194805195 0.9111111111111111 0.05064935064935065 0.15079365079365079
2 0.7571428571428571 0.7714285714285715 0.033766233766233764 0.11428571428571428
2 0.8285714285714286 0.7777777777777778 0.048051948051948054 0.12380952380952381
2 0.7896103896103897 0.692063492063492 0.04285714285714286 0.1111111111111111
2 0.7272727272727273 0.692063492063492 0.04285714285714286 0.11746031746031746
2 0.712987012987013 0.7428571428571429 0.03506493506493506 0.08253968253968254
2 0.6844155844155844 0.680952380952381 0.045454545454545456 0.1126984126984127
2 0.5831168831168831 0.6634920634920635 0.032467532467532464 0.10158730158730159
2 0.7480519480519481 0.6158730158730159 0.02987012987012987 0.10634920634920635
2 0.7454545454545455 0.5666666666666667 0.02987012987012987 0.1
2 0.7155844155844155 0.5380952380952381 0.02727272727272727 0.0761904761904762
2 0.6493506493506493 0.6031746031746031 0.02987012987012987 0.08253968253968254
2 0.5571428571428572 0.5142857142857142 0.02727272727272727 0.06984126984126984
2 0.5753246753246753 0.5555555555555556 0.023376623376623377 0.08571428571428572
2 0.5948051948051948 0.5682539682539682 0.023376623376623377 0.06031746031746032
2 0.5974025974025974 0.5412698412698412 0.024675324675324677 0.08253968253968254
2 0.6116883116883117 0.5746031746031746 0.02207792207792208 0.046031746031746035
2 0.6324675324675325 0.5619047619047619 0.024675324675324677 0.07142857142857142
2 0.6324675324675325 0.5031746031746032 0.023376623376623377 0.09206349206349207
2 0.6571428571428571 0.49682539682539684 0.025974025974025976 0.06190476190476191
2 0.6662337662337663 0.4714285714285714 0.02727272727272727 0.05396825396825397
2 0.6597402597402597 0.4365079365079365 0.02987012987012987 0.06984126984126984
2 0.587012987012987 0.41904761904761906 0.014285714285714285 0.047619047619047616
2 0.6 0.41904761904761906 0.015584415584415584 0.06190476190476191
2 0.6181818181818182 0.4301587301587302 0.01818181818181818 0.06666666666666667
2 0.6324675324675325 0.4158730158730159 0.01948051948051948 0.04285714285714286
2 0.5753246753246753 0.37936507936507935 0.016883116883116882 0.05555555555555555
2 0.5818181818181818 0.3634920634920635 0.01948051948051948 0.047619047619047616
2 0.6025974025974026 0.3476190476190476 0.015584415584415584 0.04285714285714286
2 0.6012987012987013 0.3888888888888889 0.015584415584415584 0.04126984126984127
2 0.6311688311688312 0.3904761904761905 0.01818181818181818 0.049206349206349205
2 0.612987012987013 0.36666666666666664 0.01818181818181818 0.04285714285714286
2 0.6285714285714286 0.3603174603174603 0.02077922077922078 0.05555555555555555
2 0.6116883116883117 0.3412698412698413 0.016883116883116882 0.03492063492063492
2 0.6051948051948052 0.31746031746031744 0.012987012987012988 0.05396825396825397
2 0.5168831168831168 0.3412698412698413 0.01948051948051948 0.05714285714285714
2 0.5181818181818182 0.33650793650793653 0.01818181818181818 0.046031746031746035
2 0.5025974025974026 0.29365079365079366 0.01818181818181818 0.05555555555555555
2 0.512987012987013 0.2984126984126984 0.015584415584415584 0.047619047619047616
2 0.525974025974026 0.2984126984126984 0.014285714285714285 0.050793650793650794
2 0.5597402597402598 0.3 0.023376623376623377 0.050793650793650794
2 0.5727272727272728 0.28095238095238095 0.014285714285714285 0.03968253968253968
2 0.5818181818181818 0.26666666666666666 0.014285714285714285 0.050793650793650794
2 0.5948051948051948 0.2841269841269841 0.01818181818181818 0.03492063492063492
3 0.5493506493506494 0.24603174603174602 0.04025974025974026 0.07301587301587302
2 0.512987012987013 0.18253968253968253 0.011688311688311689 0.02857142857142857
0 0.5077922077922078 0.15396825396825398 0.02207792207792208 0.05555555555555555
2 0.5207792207792208 0.17142857142857143 0.012987012987012988 0.026984126984126985
2 0.5285714285714286 0.1746031746031746 0.01038961038961039 0.023809523809523808
0 0.4909090909090909 0.10317460317460317 0.01948051948051948 0.04126984126984127
0 0.5116883116883116 0.10476190476190476 0.015584415584415584 0.0380952380952381
2 0.5116883116883116 0.10476190476190476 0.00909090909090909 0.022222222222222223
2 0.4818181818181818 0.4 0.02077922077922078 0.06031746031746032