2 0.9896103896103896 0.9761904761904762 0.02077922077922078 0.047619047619047616
2 0.9493506493506494 0.9555555555555556 0.02987012987012987 0.0873015873015873
2 0.9493506493506494 0.8952380952380953 0.033766233766233764 0.11904761904761904
2 0.9025974025974026 0.9571428571428572 0.02987012987012987 0.08571428571428572
2 0.8545454545454545 0.9015873015873016 0.02987012987012987 0.1126984126984127
2 0.9038961038961039 0.7952380952380952 0.02857142857142857 0.15396825396825398
2 0.8519480519480519 0.6063492063492063 0.025974025974025976 0.08095238095238096
2 0.7181818181818181 0.7047619047619048 0.02207792207792208 0.10476190476190476
2 0.7454545454545455 0.680952380952381 0.024675324675324677 0.09523809523809523
2 0.6974025974025974 0.6555555555555556 0.025974025974025976 0.10634920634920635
2 0.6025974025974026 0.5793650793650794 0.02077922077922078 0.10158730158730159
2 0.5922077922077922 0.5285714285714286 0.012987012987012988 0.07936507936507936
2 0.8155844155844156 0.526984126984127 0.02077922077922078 0.09047619047619047
2 0.6428571428571429 0.44126984126984126 0.016883116883116882 0.06666666666666667
2 0.6467532467532467 0.4142857142857143 0.01948051948051948 0.05238095238095238
2 0.6688311688311688 0.4238095238095238 0.011688311688311689 0.049206349206349205
2 0.6922077922077922 0.4142857142857143 0.01038961038961039 0.031746031746031744
2 0.6831168831168831 0.4 0.012987012987012988 0.05714285714285714
2 0.6727272727272727 0.39365079365079364 0.01818181818181818 0.02857142857142857
2 0.6753246753246753 0.373015873015873 0.012987012987012988 0.03492063492063492
2 0.6688311688311688 0.35873015873015873 0.015584415584415584 0.05238095238095238
2 0.6506493506493507 0.38095238095238093 0.015584415584415584 0.06507936507936508
2 0.6818181818181818 0.3047619047619048 0.012987012987012988 0.044444444444444446
2 0.6974025974025974 0.30317460317460315 0.012987012987012988 0.02857142857142857
2 0.7038961038961039 0.3047619047619048 0.01038961038961039 0.044444444444444446
2 0.7194805194805195 0.3 0.012987012987012988 0.04126984126984127
2 0.7181818181818181 0.3396825396825397 0.011688311688311689 0.03650793650793651
2 0.7441558441558441 0.37777777777777777 0.01038961038961039 0.0380952380952381
2 0.7610389610389611 0.3904761904761905 0.016883116883116882 0.025396825396825397
2 0.7376623376623377 0.3603174603174603 0.016883116883116882 0.05238095238095238
2 0.7311688311688311 0.3253968253968254 0.00909090909090909 0.03333333333333333
2 0.6896103896103896 0.2698412698412698 0.01818181818181818 0.02857142857142857
2 0.6857142857142857 0.2396825396825397 0.015584415584415584 0.0380952380952381
2 0.6506493506493507 0.21587301587301588 0.011688311688311689 0.03492063492063492
2 0.6545454545454545 0.19206349206349208 0.007792207792207792 0.026984126984126985
2 0.6415584415584416 0.1873015873015873 0.00909090909090909 0.031746031746031744
2 0.5766233766233766 0.14285714285714285 0.00909090909090909 0.026984126984126985
2 0.6194805194805195 0.14126984126984127 0.012987012987012988 0.031746031746031744
2 0.5922077922077922 0.13333333333333333 0.00909090909090909 0.025396825396825397
2 0.6025974025974026 0.12698412698412698 0.003896103896103896 0.01746031746031746
2 0.6142857142857143 0.11746031746031746 0.012987012987012988 0.01904761904761905
2 0.6103896103896104 0.09841269841269841 0.00909090909090909 0.025396825396825397
2 0.6155844155844156 0.08888888888888889 0.005194805194805195 0.014285714285714285
2 0.5831168831168831 0.10158730158730159 0.00909090909090909 0.022222222222222223
1 0.825974025974026 0.9682539682539683 0.1038961038961039 0.06190476190476191
1 0.6584415584415585 0.8666666666666667 0.09090909090909091 0.2650793650793651
1 0.7610389610389611 0.8253968253968254 0.09480519480519481 0.22857142857142856
1 0.8376623376623377 0.7619047619047619 0.11298701298701298 0.29523809523809524
1 0.6493506493506493 0.6682539682539682 0.07012987012987013 0.18888888888888888
1 0.6922077922077922 0.5142857142857142 0.06233766233766234 0.17777777777777778
1 0.6233766233766234 0.4857142857142857 0.05584415584415584 0.12857142857142856
1 0.6142857142857143 0.39365079365079364 0.04025974025974026 0.10158730158730159
1 0.7194805194805195 0.4158730158730159 0.03766233766233766 0.08888888888888889
1 0.7 0.35873015873015873 0.04155844155844156 0.06507936507936508
1 0.5948051948051948 0.25873015873015875 0.023376623376623377 0.050793650793650794
1 0.5961038961038961 0.3 0.02857142857142857 0.050793650793650794
1 0.625974025974026 0.20317460317460317 0.024675324675324677 0.049206349206349205
1 0.5818181818181818 0.18412698412698414 0.015584415584415584 0.04126984126984127
3 0.5896103896103896 0.08571428571428572 0.01818181818181818 0.02857142857142857
3 0.6376623376623377 0.27936507936507937 0.04155844155844156 0.09206349206349207
3 0.7688311688311689 0.48412698412698413 0.08181818181818182 0.20317460317460317