1 0.6818181818181818 0.7365079365079366 0.07922077922077922 0.2
1 0.5571428571428572 0.6365079365079365 0.07402597402597402 0.1746031746031746
1 0.6246753246753247 0.5666666666666667 0.05194805194805195 0.1492063492063492
1 0.535064935064935 0.5396825396825397 0.04285714285714286 0.1253968253968254
1 0.6675324675324675 0.46825396825396826 0.05194805194805195 0.09047619047619047
2 0.577922077922078 0.44285714285714284 0.015584415584415584 0.049206349206349205
1 0.5909090909090909 0.4238095238095238 0.02857142857142857 0.08571428571428572
1 0.5701298701298702 0.3603174603174603 0.02987012987012987 0.07301587301587302
1 0.6246753246753247 0.3746031746031746 0.03766233766233766 0.06825396825396825
1 0.5077922077922078 0.4301587301587302 0.02987012987012987 0.09047619047619047
1 0.4961038961038961 0.3111111111111111 0.023376623376623377 0.03492063492063492
1 0.4896103896103896 0.28888888888888886 0.02207792207792208 0.047619047619047616
1 0.487012987012987 0.2571428571428571 0.02207792207792208 0.026984126984126985
1 0.4766233766233766 0.2365079365079365 0.016883116883116882 0.03650793650793651
1 0.5155844155844156 0.24444444444444444 0.015584415584415584 0.03492063492063492
1 0.5363636363636364 0.28095238095238095 0.01948051948051948 0.03492063492063492
1 0.561038961038961 0.30158730158730157 0.02207792207792208 0.05714285714285714
1 0.5597402597402598 0.25555555555555554 0.01818181818181818 0.03650793650793651
1 0.5025974025974026 0.35555555555555557 0.03506493506493506 0.07777777777777778
3 0.4714285714285714 0.19365079365079366 0.01948051948051948 0.06031746031746032
3 0.4766233766233766 0.15873015873015872 0.015584415584415584 0.04126984126984127
1 0.5077922077922078 0.22380952380952382 0.012987012987012988 0.022222222222222223
1 0.5012987012987012 0.2015873015873016 0.016883116883116882 0.03333333333333333
1 0.5038961038961038 0.20634920634920634 0.012987012987012988 0.015873015873015872
1 0.5168831168831168 0.18888888888888888 0.012987012987012988 0.026984126984126985
2 0.4922077922077922 0.15873015873015872 0.006493506493506494 0.020634920634920634
2 0.4948051948051948 0.1492063492063492 0.006493506493506494 0.023809523809523808
2 0.4909090909090909 0.1380952380952381 0.005194805194805195 0.020634920634920634
2 0.5025974025974026 0.15714285714285714 0.007792207792207792 0.026984126984126985
2 0.9701298701298702 0.9365079365079365 0.02857142857142857 0.12698412698412698
2 0.9207792207792208 0.9079365079365079 0.032467532467532464 0.10634920634920635
2 0.8766233766233766 0.9031746031746032 0.02857142857142857 0.0873015873015873
2 0.8987012987012987 0.9698412698412698 0.03116883116883117 0.06031746031746032
2 0.8779220779220779 0.8222222222222222 0.03766233766233766 0.08412698412698413
2 0.8311688311688312 0.8746031746031746 0.032467532467532464 0.12857142857142856
2 0.8454545454545455 0.846031746031746 0.04025974025974026 0.13174603174603175
2 0.8363636363636363 0.7619047619047619 0.025974025974025976 0.10476190476190476
2 0.7974025974025974 0.7841269841269841 0.024675324675324677 0.10476190476190476
2 0.787012987012987 0.7238095238095238 0.024675324675324677 0.10793650793650794
2 0.8038961038961039 0.6873015873015873 0.01948051948051948 0.09047619047619047
2 0.7454545454545455 0.7380952380952381 0.025974025974025976 0.11746031746031746
2 0.7506493506493507 0.6253968253968254 0.024675324675324677 0.07777777777777778
2 0.7584415584415585 0.6793650793650794 0.023376623376623377 0.1111111111111111
2 0.7025974025974026 0.665079365079365 0.015584415584415584 0.0761904761904762
2 0.7090909090909091 0.6365079365079365 0.025974025974025976 0.08412698412698413
2 0.712987012987013 0.5873015873015873 0.02727272727272727 0.07777777777777778
2 0.674025974025974 0.6015873015873016 0.015584415584415584 0.0761904761904762
2 0.6558441558441559 0.5603174603174603 0.02077922077922078 0.09841269841269841
2 0.6818181818181818 0.5682539682539682 0.01948051948051948 0.049206349206349205
2 0.6961038961038961 0.5571428571428572 0.01818181818181818 0.06349206349206349
2 0.6753246753246753 0.5222222222222223 0.01818181818181818 0.06349206349206349
2 0.6415584415584416 0.5126984126984127 0.016883116883116882 0.06507936507936508
2 0.6155844155844156 0.4857142857142857 0.01818181818181818 0.049206349206349205
2 0.6350649350649351 0.48253968253968255 0.01038961038961039 0.04285714285714286
2 0.6285714285714286 0.45714285714285713 0.012987012987012988 0.049206349206349205
2 0.6077922077922078 0.44603174603174606 0.014285714285714285 0.03492063492063492
2 0.5818181818181818 0.5031746031746032 0.02207792207792208 0.06984126984126984
2 0.5623376623376624 0.4793650793650794 0.015584415584415584 0.06507936507936508
2 0.5805194805194805 0.4587301587301587 0.014285714285714285 0.03492063492063492
2 0.5207792207792208 0.4666666666666667 0.016883116883116882 0.04285714285714286
2 0.5402597402597402 0.45555555555555555 0.01948051948051948 0.06031746031746032
2 0.551948051948052 0.43492063492063493 0.014285714285714285 0.050793650793650794
2 0.5506493506493506 0.40476190476190477 0.015584415584415584 0.046031746031746035
2 0.5363636363636364 0.3873015873015873 0.012987012987012988 0.04285714285714286
2 0.4883116883116883 0.48412698412698413 0.016883116883116882 0.04126984126984127
2 0.4909090909090909 0.5523809523809524 0.016883116883116882 0.0746031746031746
2 0.4948051948051948 0.5174603174603175 0.015584415584415584 0.04285714285714286
2 0.5012987012987012 0.5968253968253968 0.01818181818181818 0.08888888888888889
2 0.5103896103896104 0.6904761904761905 0.024675324675324677 0.09047619047619047
2 0.5051948051948052 0.7587301587301587 0.01948051948051948 0.10476190476190476
2 0.5415584415584416 0.807936507936508 0.02857142857142857 0.12222222222222222
2 0.5818181818181818 0.8206349206349206 0.024675324675324677 0.10793650793650794
2 0.6194805194805195 0.8222222222222222 0.02727272727272727 0.06984126984126984
2 0.6428571428571429 0.7952380952380952 0.02987012987012987 0.1
2 0.6688311688311688 0.8682539682539683 0.03116883116883117 0.15714285714285714
2 0.7038961038961039 0.9587301587301588 0.03506493506493506 0.08253968253968254
2 0.7428571428571429 0.9555555555555556 0.04155844155844156 0.08888888888888889
2 0.5194805194805194 0.8444444444444444 0.03116883116883117 0.13015873015873017
2 0.5311688311688312 0.9365079365079365 0.03506493506493506 0.12698412698412698
2 0.4675324675324675 0.14126984126984127 0.007792207792207792 0.020634920634920634
2 0.4753246753246753 0.11904761904761904 0.006493506493506494 0.01904761904761905
2 0.4831168831168831 0.13333333333333333 0.007792207792207792 0.023809523809523808
2 0.4922077922077922 0.173015873015873 0.007792207792207792 0.026984126984126985
2 0.487012987012987 0.1111111111111111 0.006493506493506494 0.014285714285714285
2 0.4896103896103896 0.12222222222222222 0.006493506493506494 0.011111111111111112
2 0.4948051948051948 0.1111111111111111 0.0025974025974025974 0.01904761904761905
2 0.4974025974025974 0.11428571428571428 0.003896103896103896 0.01746031746031746
2 0.5025974025974026 0.1111111111111111 0.005194805194805195 0.01904761904761905
2 0.5077922077922078 0.16984126984126985 0.005194805194805195 0.020634920634920634
2 0.5155844155844156 0.16666666666666666 0.005194805194805195 0.01746031746031746
2 0.6246753246753247 0.41904761904761906 0.011688311688311689 0.05555555555555555
2 0.6454545454545455 0.42698412698412697 0.007792207792207792 0.049206349206349205
2 0.6714285714285714 0.4174603174603175 0.012987012987012988 0.04285714285714286
2 0.6480519480519481 0.4015873015873016 0.012987012987012988 0.03968253968253968
2 0.6571428571428571 0.4111111111111111 0.00909090909090909 0.026984126984126985
2 0.6376623376623377 0.3619047619047619 0.011688311688311689 0.05873015873015873
2 0.625974025974026 0.3396825396825397 0.01038961038961039 0.03015873015873016
2 0.6194805194805195 0.3253968253968254 0.011688311688311689 0.03492063492063492
2 0.5974025974025974 0.34285714285714286 0.00909090909090909 0.03968253968253968
2 0.6064935064935065 0.3396825396825397 0.01038961038961039 0.03333333333333333
2 0.5896103896103896 0.3523809523809524 0.01038961038961039 0.049206349206349205
2 0.6090909090909091 0.3111111111111111 0.011688311688311689 0.03015873015873016
2 0.5922077922077922 0.30793650793650795 0.006493506493506494 0.03015873015873016
2 0.5922077922077922 0.2841269841269841 0.005194805194805195 0.0380952380952381
2 0.6 0.28888888888888886 0.00909090909090909 0.025396825396825397
2 0.5974025974025974 0.3142857142857143 0.00909090909090909 0.02857142857142857
2 0.5974025974025974 0.319047619047619 0.006493506493506494 0.03015873015873016
2 0.5831168831168831 0.31587301587301586 0.007792207792207792 0.031746031746031744
2 0.574025974025974 0.28095238095238095 0.01038961038961039 0.03650793650793651
2 0.5857142857142857 0.2873015873015873 0.006493506493506494 0.03492063492063492
2 0.5714285714285714 0.25396825396825395 0.006493506493506494 0.031746031746031744
2 0.577922077922078 0.2523809523809524 0.006493506493506494 0.02857142857142857
2 0.5805194805194805 0.2650793650793651 0.00909090909090909 0.023809523809523808
2 0.5272727272727272 0.35079365079365077 0.007792207792207792 0.049206349206349205
2 0.5428571428571428 0.3396825396825397 0.01038961038961039 0.046031746031746035
2 0.535064935064935 0.3492063492063492 0.00909090909090909 0.03015873015873016
2 0.5246753246753246 0.32222222222222224 0.007792207792207792 0.03333333333333333
2 0.535064935064935 0.3238095238095238 0.00909090909090909 0.03650793650793651
2 0.512987012987013 0.29365079365079366 0.01038961038961039 0.03492063492063492
2 0.5181818181818182 0.3 0.007792207792207792 0.031746031746031744
2 0.5103896103896104 0.26825396825396824 0.00909090909090909 0.03015873015873016
2 0.4948051948051948 0.2507936507936508 0.006493506493506494 0.03333333333333333
2 0.5311688311688312 0.2365079365079365 0.005194805194805195 0.02857142857142857
2 0.5363636363636364 0.25396825396825395 0.005194805194805195 0.022222222222222223
2 0.538961038961039 0.24761904761904763 0.007792207792207792 0.03015873015873016
2 0.5428571428571428 0.23492063492063492 0.006493506493506494 0.023809523809523808
2 0.548051948051948 0.22698412698412698 0.005194805194805195 0.015873015873015872
2 0.551948051948052 0.22698412698412698 0.007792207792207792 0.022222222222222223
2 0.5597402597402598 0.21904761904761905 0.006493506493506494 0.020634920634920634
2 0.564935064935065 0.23174603174603176 0.007792207792207792 0.03015873015873016
2 0.5714285714285714 0.24126984126984127 0.006493506493506494 0.025396825396825397
2 0.5454545454545454 0.2015873015873016 0.005194805194805195 0.026984126984126985
2 0.5441558441558442 0.21746031746031746 0.007792207792207792 0.023809523809523808
2 0.551948051948052 0.20952380952380953 0.005194805194805195 0.020634920634920634
2 0.5194805194805194 0.2111111111111111 0.007792207792207792 0.026984126984126985
2 0.5272727272727272 0.2111111111111111 0.006493506493506494 0.026984126984126985
2 0.5285714285714286 0.19206349206349208 0.007792207792207792 0.01904761904761905
2 0.5376623376623376 0.1984126984126984 0.007792207792207792 0.020634920634920634
2 0.535064935064935 0.21428571428571427 0.007792207792207792 0.01904761904761905
2 0.5285714285714286 0.17936507936507937 0.007792207792207792 0.023809523809523808
2 0.522077922077922 0.17142857142857143 0.007792207792207792 0.022222222222222223
2 0.5051948051948052 0.1365079365079365 0.006493506493506494 0.020634920634920634
1 0.5064935064935064 0.12380952380952381 0.01038961038961039 0.01746031746031746
2 0.4922077922077922 0.10634920634920635 0.003896103896103896 0.015873015873015872
2 0.5077922077922078 0.10158730158730159 0.0025974025974025974 0.012698412698412698
2 0.512987012987013 0.1 0.003896103896103896 0.012698412698412698
3 0.5038961038961038 0.09206349206349207 0.00909090909090909 0.020634920634920634