2 0.5987012987012987 0.819047619047619 0.02987012987012987 0.1365079365079365
2 0.7883116883116883 0.926984126984127 0.048051948051948054 0.14285714285714285
2 0.7545454545454545 0.7952380952380952 0.033766233766233764 0.13968253968253969
2 0.7272727272727273 0.7444444444444445 0.048051948051948054 0.12063492063492064
2 0.7038961038961039 0.6063492063492063 0.02987012987012987 0.1111111111111111
2 0.7597402597402597 0.6619047619047619 0.03116883116883117 0.10476190476190476
2 0.7974025974025974 0.7365079365079366 0.02857142857142857 0.09365079365079365
2 0.8298701298701299 0.7253968253968254 0.046753246753246755 0.09206349206349207
2 0.7389610389610389 0.5857142857142857 0.01948051948051948 0.1
2 0.6948051948051948 0.49523809523809526 0.02207792207792208 0.0873015873015873
1 0.6519480519480519 0.5047619047619047 0.06623376623376623 0.1253968253968254
2 0.674025974025974 0.4666666666666667 0.02207792207792208 0.0761904761904762
2 0.6116883116883117 0.44126984126984126 0.01948051948051948 0.049206349206349205
2 0.6311688311688312 0.4253968253968254 0.015584415584415584 0.049206349206349205
2 0.6467532467532467 0.43492063492063493 0.012987012987012988 0.02857142857142857
2 0.6571428571428571 0.4 0.01038961038961039 0.05238095238095238
2 0.6454545454545455 0.38412698412698415 0.011688311688311689 0.044444444444444446
2 0.6298701298701299 0.3873015873015873 0.012987012987012988 0.031746031746031744
1 0.5857142857142857 0.4666666666666667 0.05844155844155844 0.12063492063492064
2 0.5961038961038961 0.4095238095238095 0.014285714285714285 0.0380952380952381
2 0.6038961038961039 0.3952380952380952 0.012987012987012988 0.03650793650793651
2 0.5428571428571428 0.4666666666666667 0.01818181818181818 0.05238095238095238
2 0.538961038961039 0.42698412698412697 0.014285714285714285 0.03015873015873016
2 0.5337662337662338 0.40634920634920635 0.016883116883116882 0.031746031746031744
2 0.5168831168831168 0.4 0.014285714285714285 0.031746031746031744
2 0.4974025974025974 0.39365079365079364 0.014285714285714285 0.0380952380952381
2 0.4844155844155844 0.4142857142857143 0.012987012987012988 0.050793650793650794
2 0.4753246753246753 0.3904761904761905 0.015584415584415584 0.03968253968253968
2 0.4857142857142857 0.36666666666666664 0.011688311688311689 0.026984126984126985
2 0.5 0.373015873015873 0.012987012987012988 0.026984126984126985
2 0.5233766233766234 0.373015873015873 0.012987012987012988 0.02857142857142857
2 0.5064935064935064 0.35873015873015873 0.011688311688311689 0.02857142857142857
2 0.6181818181818182 0.35555555555555557 0.014285714285714285 0.044444444444444446
2 0.6285714285714286 0.3634920634920635 0.012987012987012988 0.020634920634920634
1 0.5961038961038961 0.36507936507936506 0.04415584415584416 0.06666666666666667
2 0.6077922077922078 0.3349206349206349 0.007792207792207792 0.02857142857142857
2 0.6168831168831169 0.3253968253968254 0.011688311688311689 0.025396825396825397
2 0.5974025974025974 0.29523809523809524 0.01038961038961039 0.03015873015873016
2 0.6077922077922078 0.3047619047619048 0.00909090909090909 0.02857142857142857
2 0.6142857142857143 0.3126984126984127 0.01038961038961039 0.025396825396825397
1 0.5428571428571428 0.33015873015873015 0.04285714285714286 0.05873015873015873
2 0.561038961038961 0.31587301587301586 0.00909090909090909 0.026984126984126985
2 0.5493506493506494 0.2920634920634921 0.006493506493506494 0.020634920634920634
2 0.5623376623376624 0.29365079365079366 0.012987012987012988 0.022222222222222223
1 0.5831168831168831 0.31587301587301586 0.02987012987012987 0.05238095238095238
2 0.5844155844155844 0.28253968253968254 0.00909090909090909 0.01904761904761905
2 0.5714285714285714 0.2777777777777778 0.014285714285714285 0.023809523809523808
2 0.5805194805194805 0.26825396825396824 0.00909090909090909 0.01904761904761905
0 0.487012987012987 0.29523809523809524 0.05194805194805195 0.11904761904761904
2 0.509090909090909 0.2714285714285714 0.007792207792207792 0.01904761904761905
2 0.5324675324675324 0.2523809523809524 0.007792207792207792 0.02857142857142857
2 0.45584415584415583 0.23015873015873015 0.007792207792207792 0.014285714285714285
2 0.45194805194805193 0.20317460317460317 0.01038961038961039 0.026984126984126985
1 0.4649350649350649 0.1634920634920635 0.014285714285714285 0.014285714285714285
1 0.4662337662337662 0.15396825396825398 0.014285714285714285 0.014285714285714285
1 0.4636363636363636 0.14285714285714285 0.011688311688311689 0.012698412698412698
2 0.4753246753246753 0.14285714285714285 0.007792207792207792 0.01746031746031746
2 0.4792207792207792 0.14761904761904762 0.005194805194805195 0.01904761904761905
1 0.4623376623376623 0.13174603174603175 0.01038961038961039 0.011111111111111112
2 0.4753246753246753 0.12857142857142856 0.005194805194805195 0.012698412698412698
1 0.4961038961038961 0.1619047619047619 0.015584415584415584 0.012698412698412698
2 0.5 0.14444444444444443 0.006493506493506494 0.01746031746031746
2 0.5103896103896104 0.12857142857142856 0.006493506493506494 0.007936507936507936
2 0.5155844155844156 0.1523809523809524 0.007792207792207792 0.01746031746031746
2 0.5168831168831168 0.173015873015873 0.00909090909090909 0.014285714285714285
1 0.5077922077922078 0.4587301587301587 0.045454545454545456 0.09523809523809523
1 0.5584415584415584 0.37777777777777777 0.046753246753246755 0.0761904761904762
1 0.5285714285714286 0.2968253968253968 0.02727272727272727 0.05396825396825397
1 0.5545454545454546 0.2619047619047619 0.02987012987012987 0.04126984126984127
0 0.5454545454545454 0.20476190476190476 0.046753246753246755 0.09365079365079365
1 0.5467532467532468 0.2396825396825397 0.02077922077922078 0.026984126984126985
1 0.5103896103896104 0.23809523809523808 0.02077922077922078 0.050793650793650794
1 0.4701298701298701 0.24444444444444444 0.02727272727272727 0.03968253968253968
1 0.4701298701298701 0.22063492063492063 0.016883116883116882 0.025396825396825397
1 0.5012987012987012 0.2111111111111111 0.01948051948051948 0.01904761904761905
1 0.4896103896103896 0.2 0.01948051948051948 0.020634920634920634
1 0.4987012987012987 0.1873015873015873 0.01818181818181818 0.01904761904761905
1 0.4766233766233766 0.19523809523809524 0.016883116883116882 0.031746031746031744
1 0.4701298701298701 0.1761904761904762 0.01948051948051948 0.020634920634920634
1 0.4974025974025974 0.173015873015873 0.01948051948051948 0.020634920634920634
1 0.4623376623376623 0.12380952380952381 0.006493506493506494 0.007936507936507936
1 0.4636363636363636 0.11746031746031746 0.00909090909090909 0.007936507936507936
1 0.4662337662337662 0.10952380952380952 0.00909090909090909 0.007936507936507936
1 0.4831168831168831 0.10952380952380952 0.011688311688311689 0.015873015873015872
1 0.577922077922078 0.9285714285714286 0.12597402597402596 0.14126984126984127
1 0.6831168831168831 0.8539682539682539 0.11558441558441558 0.21904761904761905
1 0.861038961038961 0.8888888888888888 0.15324675324675324 0.2222222222222222
0 0.4857142857142857 0.09047619047619047 0.02077922077922078 0.031746031746031744