1 0.6012987012987013 0.7841269841269841 0.09350649350649351 0.25396825396825395
1 0.5948051948051948 0.9492063492063492 0.07662337662337662 0.10158730158730159
1 0.7675324675324675 0.8809523809523809 0.09090909090909091 0.23809523809523808
1 0.7597402597402597 0.7174603174603175 0.08181818181818182 0.2253968253968254
1 0.6727272727272727 0.7047619047619048 0.09740259740259741 0.18095238095238095
1 0.5467532467532468 0.5746031746031746 0.05844155844155844 0.1365079365079365
1 0.6246753246753247 0.5523809523809524 0.07272727272727272 0.12222222222222222
1 0.6038961038961039 0.46825396825396826 0.04285714285714286 0.0761904761904762
1 0.5155844155844156 0.4650793650793651 0.04155844155844156 0.1111111111111111
1 0.5584415584415584 0.3952380952380952 0.03636363636363636 0.08253968253968254
1 0.4974025974025974 0.3904761904761905 0.03636363636363636 0.07301587301587302
1 0.5441558441558442 0.32222222222222224 0.02727272727272727 0.05714285714285714
1 0.5883116883116883 0.33015873015873015 0.02727272727272727 0.05555555555555555
1 0.4948051948051948 0.33174603174603173 0.024675324675324677 0.046031746031746035
1 0.4818181818181818 0.3 0.02077922077922078 0.04126984126984127
1 0.4792207792207792 0.25873015873015875 0.01948051948051948 0.05555555555555555
1 0.4909090909090909 0.26666666666666666 0.01948051948051948 0.03492063492063492
1 0.4779220779220779 0.2222222222222222 0.014285714285714285 0.03650793650793651
1 0.5376623376623376 0.2904761904761905 0.015584415584415584 0.03650793650793651
1 0.5337662337662338 0.273015873015873 0.01948051948051948 0.04126984126984127
1 0.5233766233766234 0.23492063492063492 0.015584415584415584 0.03015873015873016
2 0.4987012987012987 0.24603174603174602 0.01038961038961039 0.02857142857142857
2 0.5038961038961038 0.23809523809523808 0.00909090909090909 0.026984126984126985
1 0.5077922077922078 0.21904761904761905 0.016883116883116882 0.02857142857142857
1 0.4753246753246753 0.19206349206349208 0.01948051948051948 0.023809523809523808
1 0.5 0.1984126984126984 0.016883116883116882 0.02857142857142857
1 0.5051948051948052 0.19682539682539682 0.014285714285714285 0.01904761904761905
1 0.4623376623376623 0.17777777777777778 0.01818181818181818 0.03333333333333333
1 0.4766233766233766 0.18253968253968253 0.014285714285714285 0.01904761904761905
2 0.45194805194805193 0.1634920634920635 0.003896103896103896 0.02857142857142857
1 0.4649350649350649 0.15873015873015872 0.012987012987012988 0.01904761904761905
1 0.4662337662337662 0.1634920634920635 0.011688311688311689 0.020634920634920634
3 0.4636363636363636 0.1365079365079365 0.01818181818181818 0.046031746031746035
2 0.4779220779220779 0.16984126984126985 0.003896103896103896 0.01746031746031746
2 0.4831168831168831 0.1761904761904762 0.005194805194805195 0.020634920634920634
1 0.4883116883116883 0.1619047619047619 0.011688311688311689 0.01746031746031746
2 0.4779220779220779 0.1523809523809524 0.006493506493506494 0.022222222222222223
1 0.487012987012987 0.15396825396825398 0.01038961038961039 0.01746031746031746
1 0.4831168831168831 0.14126984126984127 0.012987012987012988 0.015873015873015872
1 0.4818181818181818 0.13174603174603175 0.01038961038961039 0.015873015873015872
1 0.4792207792207792 0.1111111111111111 0.01038961038961039 0.01904761904761905
1 0.4883116883116883 0.1492063492063492 0.01038961038961039 0.014285714285714285
1 0.4935064935064935 0.12857142857142856 0.01038961038961039 0.01746031746031746
1 0.4935064935064935 0.1126984126984127 0.011688311688311689 0.014285714285714285
2 0.4896103896103896 0.18888888888888888 0.005194805194805195 0.031746031746031744
1 0.4948051948051948 0.173015873015873 0.011688311688311689 0.025396825396825397
1 0.5233766233766234 0.1984126984126984 0.012987012987012988 0.020634920634920634
1 0.5207792207792208 0.1873015873015873 0.014285714285714285 0.025396825396825397
1 0.5402597402597402 0.20952380952380953 0.02207792207792208 0.026984126984126985
2 0.9207792207792208 0.9333333333333333 0.03896103896103896 0.13333333333333333
2 0.8896103896103896 0.9301587301587302 0.03636363636363636 0.11746031746031746
2 0.8558441558441559 0.953968253968254 0.03116883116883117 0.08888888888888889
2 0.8220779220779221 0.8825396825396825 0.03766233766233766 0.15396825396825398
2 0.8701298701298701 0.8444444444444444 0.04935064935064935 0.11428571428571428
2 0.8311688311688312 0.7380952380952381 0.03636363636363636 0.12380952380952381
2 0.8 0.6507936507936508 0.024675324675324677 0.07936507936507936
2 0.6922077922077922 0.5476190476190477 0.01818181818181818 0.06031746031746032
2 0.7168831168831169 0.5412698412698412 0.023376623376623377 0.0746031746031746
2 0.7337662337662337 0.5111111111111111 0.02857142857142857 0.06666666666666667
2 0.7181818181818181 0.5793650793650794 0.01948051948051948 0.047619047619047616
2 0.7376623376623377 0.5603174603174603 0.02727272727272727 0.06666666666666667
2 0.7636363636363637 0.5904761904761905 0.016883116883116882 0.04126984126984127
2 0.7 0.6047619047619047 0.025974025974025976 0.08095238095238096
2 0.674025974025974 0.573015873015873 0.02207792207792208 0.08412698412698413
2 0.6779220779220779 0.5111111111111111 0.01948051948051948 0.06031746031746032
2 0.6610389610389611 0.5333333333333333 0.02207792207792208 0.06349206349206349
2 0.6285714285714286 0.45555555555555555 0.014285714285714285 0.05714285714285714
2 0.6441558441558441 0.5095238095238095 0.016883116883116882 0.0761904761904762
2 0.6467532467532467 0.4714285714285714 0.014285714285714285 0.05714285714285714
2 0.6597402597402597 0.45396825396825397 0.011688311688311689 0.06190476190476191
2 0.6727272727272727 0.4777777777777778 0.016883116883116882 0.049206349206349205
2 0.6272727272727273 0.4253968253968254 0.014285714285714285 0.050793650793650794
2 0.6480519480519481 0.42063492063492064 0.01038961038961039 0.049206349206349205
2 0.6584415584415585 0.42698412698412697 0.01038961038961039 0.044444444444444446
2 0.6480519480519481 0.40476190476190477 0.01038961038961039 0.04285714285714286
2 0.6545454545454545 0.3968253968253968 0.012987012987012988 0.046031746031746035
2 0.6194805194805195 0.38095238095238093 0.00909090909090909 0.03015873015873016
2 0.6324675324675325 0.37936507936507935 0.014285714285714285 0.047619047619047616
2 0.6376623376623377 0.36984126984126986 0.012987012987012988 0.05238095238095238
2 0.6051948051948052 0.4158730158730159 0.01038961038961039 0.031746031746031744
2 0.6233766233766234 0.40793650793650793 0.012987012987012988 0.0380952380952381
2 0.5948051948051948 0.4 0.014285714285714285 0.04126984126984127
2 0.587012987012987 0.3825396825396825 0.014285714285714285 0.04285714285714286
2 0.6064935064935065 0.37936507936507935 0.014285714285714285 0.03333333333333333
2 0.6077922077922078 0.3523809523809524 0.01038961038961039 0.02857142857142857
2 0.6181818181818182 0.35555555555555557 0.01038961038961039 0.031746031746031744
2 0.6285714285714286 0.346031746031746 0.011688311688311689 0.031746031746031744
2 0.6051948051948052 0.32063492063492066 0.00909090909090909 0.046031746031746035
2 0.5688311688311688 0.30952380952380953 0.01038961038961039 0.05396825396825397
2 0.5558441558441558 0.28888888888888886 0.01038961038961039 0.04285714285714286
2 0.5792207792207792 0.29523809523809524 0.011688311688311689 0.03015873015873016
2 0.5974025974025974 0.3047619047619048 0.00909090909090909 0.03492063492063492
2 0.5896103896103896 0.2920634920634921 0.01038961038961039 0.02857142857142857
2 0.564935064935065 0.2746031746031746 0.006493506493506494 0.026984126984126985
2 0.577922077922078 0.2761904761904762 0.007792207792207792 0.0380952380952381
2 0.5701298701298702 0.2619047619047619 0.007792207792207792 0.0380952380952381
2 0.5857142857142857 0.26825396825396824 0.006493506493506494 0.022222222222222223
2 0.5506493506493506 0.2650793650793651 0.006493506493506494 0.03015873015873016
2 0.5545454545454546 0.2507936507936508 0.006493506493506494 0.03333333333333333
2 0.5558441558441558 0.2523809523809524 0.00909090909090909 0.03492063492063492
2 0.561038961038961 0.24761904761904763 0.005194805194805195 0.03015873015873016
2 0.564935064935065 0.24761904761904763 0.005194805194805195 0.02857142857142857
2 0.5714285714285714 0.24444444444444444 0.006493506493506494 0.022222222222222223
2 0.5753246753246753 0.24761904761904763 0.006493506493506494 0.026984126984126985
2 0.5506493506493506 0.2253968253968254 0.007792207792207792 0.031746031746031744
2 0.5545454545454546 0.23492063492063492 0.006493506493506494 0.022222222222222223
2 0.561038961038961 0.22857142857142856 0.007792207792207792 0.02857142857142857
2 0.548051948051948 0.23492063492063492 0.006493506493506494 0.023809523809523808
2 0.5558441558441558 0.21904761904761905 0.006493506493506494 0.025396825396825397
2 0.5363636363636364 0.2253968253968254 0.00909090909090909 0.026984126984126985
2 0.5415584415584416 0.24126984126984127 0.006493506493506494 0.03015873015873016
2 0.5246753246753246 0.3825396825396825 0.011688311688311689 0.06825396825396825
2 0.535064935064935 0.373015873015873 0.00909090909090909 0.05714285714285714
2 0.5142857142857142 0.3603174603174603 0.00909090909090909 0.046031746031746035
2 0.487012987012987 0.35555555555555557 0.01038961038961039 0.02857142857142857
2 0.5116883116883116 0.31746031746031744 0.01038961038961039 0.047619047619047616
2 0.5181818181818182 0.30158730158730157 0.01038961038961039 0.049206349206349205
2 0.5038961038961038 0.2873015873015873 0.006493506493506494 0.04126984126984127
2 0.5142857142857142 0.28095238095238095 0.007792207792207792 0.0380952380952381
2 0.5077922077922078 0.26825396825396824 0.007792207792207792 0.03968253968253968
2 0.45584415584415583 0.20952380952380953 0.007792207792207792 0.03968253968253968
1 0.4662337662337662 0.21428571428571427 0.00909090909090909 0.031746031746031744
3 0.4909090909090909 0.1 0.00909090909090909 0.01904761904761905
2 0.5441558441558442 0.2 0.005194805194805195 0.023809523809523808
2 0.5324675324675324 0.1873015873015873 0.003896103896103896 0.01904761904761905
2 0.538961038961039 0.19047619047619047 0.006493506493506494 0.020634920634920634
2 0.535064935064935 0.18412698412698414 0.003896103896103896 0.01904761904761905
2 0.525974025974026 0.173015873015873 0.003896103896103896 0.01746031746031746
2 0.5311688311688312 0.1746031746031746 0.003896103896103896 0.020634920634920634
2 0.5051948051948052 0.173015873015873 0.005194805194805195 0.020634920634920634
2 0.5116883116883116 0.16984126984126985 0.006493506493506494 0.020634920634920634
2 0.5194805194805194 0.16666666666666666 0.006493506493506494 0.01904761904761905
2 0.5 0.15079365079365079 0.005194805194805195 0.026984126984126985
2 0.5038961038961038 0.14761904761904762 0.003896103896103896 0.01904761904761905
2 0.509090909090909 0.15079365079365079 0.003896103896103896 0.01746031746031746
2 0.5142857142857142 0.15555555555555556 0.005194805194805195 0.022222222222222223
2 0.5 0.12857142857142856 0.003896103896103896 0.015873015873015872
2 0.5051948051948052 0.1380952380952381 0.003896103896103896 0.015873015873015872
2 0.5103896103896104 0.14285714285714285 0.003896103896103896 0.020634920634920634
2 0.5012987012987012 0.11746031746031746 0.003896103896103896 0.01746031746031746
2 0.5038961038961038 0.11587301587301588 0.005194805194805195 0.014285714285714285
2 0.4987012987012987 0.10476190476190476 0.003896103896103896 0.01904761904761905
2 0.5 0.09682539682539683 0.003896103896103896 0.012698412698412698
2 0.5038961038961038 0.10158730158730159 0.0025974025974025974 0.014285714285714285
2 0.5064935064935064 0.09682539682539683 0.0025974025974025974 0.012698412698412698
2 0.5064935064935064 0.1253968253968254 0.003896103896103896 0.015873015873015872
2 0.6012987012987013 0.6603174603174603 0.02987012987012987 0.09206349206349207
2 0.5623376623376624 0.6777777777777778 0.033766233766233764 0.10476190476190476
2 0.522077922077922 0.7873015873015873 0.02857142857142857 0.12380952380952381
2 0.525974025974026 0.7158730158730159 0.03636363636363636 0.08888888888888889
2 0.538961038961039 0.8888888888888888 0.04155844155844156 0.12698412698412698