2 0.8389610389610389 0.9746031746031746 0.03896103896103896 0.050793650793650794
2 0.8246753246753247 0.9031746031746032 0.048051948051948054 0.1111111111111111
2 0.8636363636363636 0.9253968253968254 0.032467532467532464 0.1349206349206349
2 0.9012987012987013 0.9619047619047619 0.03766233766233766 0.0746031746031746
2 0.9246753246753247 0.9412698412698413 0.046753246753246755 0.11587301587301588
2 0.9246753246753247 0.8952380952380953 0.05194805194805195 0.09206349206349207
2 0.7935064935064935 0.8492063492063492 0.02987012987012987 0.11587301587301588
2 0.8324675324675325 0.8301587301587302 0.04155844155844156 0.10634920634920635
2 0.8441558441558441 0.7873015873015873 0.033766233766233764 0.11746031746031746
2 0.812987012987013 0.7238095238095238 0.033766233766233764 0.1253968253968254
2 0.7675324675324675 0.7825396825396825 0.033766233766233764 0.12222222222222222
2 0.7753246753246753 0.7253968253968254 0.04025974025974026 0.09841269841269841
2 0.7675324675324675 0.6841269841269841 0.032467532467532464 0.08571428571428572
2 0.7467532467532467 0.6476190476190476 0.024675324675324677 0.10158730158730159
2 0.6311688311688312 0.8968253968253969 0.03766233766233766 0.16031746031746033
2 0.6675324675324675 0.8761904761904762 0.03896103896103896 0.1619047619047619
2 0.6246753246753247 0.7476190476190476 0.03116883116883117 0.12380952380952381
2 0.5935064935064935 0.6857142857142857 0.025974025974025976 0.11428571428571428
2 0.6285714285714286 0.6746031746031746 0.02727272727272727 0.10158730158730159
2 0.5922077922077922 0.6079365079365079 0.02987012987012987 0.09206349206349207
2 0.6311688311688312 0.6206349206349207 0.024675324675324677 0.0761904761904762
2 0.7402597402597403 0.5857142857142857 0.024675324675324677 0.08253968253968254
2 0.6233766233766234 0.5793650793650794 0.02857142857142857 0.08412698412698413
2 0.5792207792207792 0.5825396825396826 0.02077922077922078 0.10476190476190476
2 0.5714285714285714 0.5333333333333333 0.02987012987012987 0.08253968253968254
2 0.4909090909090909 0.45714285714285713 0.02727272727272727 0.1111111111111111
2 0.6402597402597403 0.4523809523809524 0.02077922077922078 0.05714285714285714
2 0.5727272727272728 0.49206349206349204 0.01948051948051948 0.049206349206349205
2 0.5571428571428572 0.4650793650793651 0.01818181818181818 0.05873015873015873
2 0.5571428571428572 0.43492063492063493 0.02077922077922078 0.047619047619047616
2 0.5493506493506494 0.4111111111111111 0.014285714285714285 0.047619047619047616
2 0.5571428571428572 0.37777777777777777 0.015584415584415584 0.047619047619047616
2 0.538961038961039 0.3761904761904762 0.016883116883116882 0.049206349206349205
2 0.6207792207792208 0.40634920634920635 0.01818181818181818 0.044444444444444446
2 0.6051948051948052 0.39365079365079364 0.01818181818181818 0.046031746031746035
2 0.638961038961039 0.4174603174603175 0.016883116883116882 0.0380952380952381
2 0.6545454545454545 0.3968253968253968 0.02857142857142857 0.06349206349206349
2 0.6103896103896104 0.32063492063492066 0.01818181818181818 0.05555555555555555
2 0.5415584415584416 0.34444444444444444 0.014285714285714285 0.03968253968253968
2 0.5493506493506494 0.33174603174603173 0.01818181818181818 0.044444444444444446
2 0.5298701298701298 0.30793650793650795 0.01818181818181818 0.046031746031746035
2 0.4701298701298701 0.2650793650793651 0.012987012987012988 0.05238095238095238
2 0.4623376623376623 0.2492063492063492 0.011688311688311689 0.06190476190476191
2 0.522077922077922 0.2698412698412698 0.015584415584415584 0.0380952380952381
2 0.5103896103896104 0.2523809523809524 0.014285714285714285 0.03333333333333333
2 0.5935064935064935 0.25873015873015875 0.015584415584415584 0.03968253968253968
2 0.5168831168831168 0.23015873015873015 0.012987012987012988 0.03650793650793651
2 0.5506493506493506 0.2492063492063492 0.015584415584415584 0.0380952380952381
2 0.4922077922077922 0.2015873015873016 0.012987012987012988 0.03333333333333333
2 0.45714285714285713 0.15873015873015872 0.00909090909090909 0.023809523809523808
2 0.4766233766233766 0.11587301587301588 0.007792207792207792 0.022222222222222223
2 0.487012987012987 0.1492063492063492 0.007792207792207792 0.022222222222222223
2 0.4922077922077922 0.13174603174603175 0.011688311688311689 0.023809523809523808
2 0.4896103896103896 0.10634920634920635 0.00909090909090909 0.014285714285714285
2 0.4948051948051948 0.1126984126984127 0.006493506493506494 0.01904761904761905
2 0.5012987012987012 0.1111111111111111 0.007792207792207792 0.020634920634920634
2 0.5077922077922078 0.10634920634920635 0.00909090909090909 0.022222222222222223
2 0.5012987012987012 0.1349206349206349 0.006493506493506494 0.023809523809523808
2 0.5116883116883116 0.13968253968253969 0.006493506493506494 0.026984126984126985
2 0.5064935064935064 0.1365079365079365 0.007792207792207792 0.026984126984126985
2 0.4974025974025974 0.15714285714285714 0.006493506493506494 0.023809523809523808
2 0.5025974025974026 0.15714285714285714 0.006493506493506494 0.026984126984126985
2 0.5376623376623376 0.1984126984126984 0.014285714285714285 0.026984126984126985
2 0.4857142857142857 0.17777777777777778 0.007792207792207792 0.026984126984126985
1 0.4623376623376623 0.13015873015873017 0.01948051948051948 0.023809523809523808
1 0.4636363636363636 0.14603174603174604 0.015584415584415584 0.022222222222222223
1 0.4662337662337662 0.16507936507936508 0.01818181818181818 0.020634920634920634
1 0.474025974025974 0.17936507936507937 0.01818181818181818 0.025396825396825397
1 0.5025974025974026 0.17936507936507937 0.01818181818181818 0.022222222222222223
1 0.5233766233766234 0.173015873015873 0.01818181818181818 0.025396825396825397
1 0.4727272727272727 0.1984126984126984 0.02207792207792208 0.031746031746031744
1 0.4935064935064935 0.2253968253968254 0.02207792207792208 0.03492063492063492
1 0.5077922077922078 0.19523809523809524 0.01818181818181818 0.02857142857142857
1 0.5454545454545454 0.21904761904761905 0.024675324675324677 0.031746031746031744
1 0.4831168831168831 0.23174603174603176 0.01948051948051948 0.03015873015873016
1 0.4961038961038961 0.2619047619047619 0.024675324675324677 0.04285714285714286
1 0.5298701298701298 0.25555555555555554 0.02727272727272727 0.03968253968253968
1 0.4857142857142857 0.28253968253968254 0.033766233766233764 0.06031746031746032
1 0.5415584415584416 0.28888888888888886 0.02857142857142857 0.05714285714285714
1 0.5675324675324676 0.26666666666666666 0.02857142857142857 0.06507936507936508
1 0.587012987012987 0.29523809523809524 0.03766233766233766 0.06984126984126984
1 0.4987012987012987 0.2968253968253968 0.03116883116883117 0.031746031746031744
1 0.5064935064935064 0.326984126984127 0.03636363636363636 0.0380952380952381
1 0.5714285714285714 0.32222222222222224 0.02987012987012987 0.03968253968253968
1 0.5857142857142857 0.346031746031746 0.03636363636363636 0.050793650793650794
1 0.5844155844155844 0.4 0.04155844155844156 0.06190476190476191
1 0.5116883116883116 0.3746031746031746 0.048051948051948054 0.06507936507936508
1 0.612987012987013 0.4714285714285714 0.05194805194805195 0.12857142857142856
1 0.5298701298701298 0.4793650793650794 0.05584415584415584 0.14126984126984127
1 0.5272727272727272 0.6238095238095238 0.06493506493506493 0.17936507936507937
1 0.5571428571428572 0.7698412698412699 0.07922077922077922 0.2222222222222222
1 0.5818181818181818 0.9380952380952381 0.10909090909090909 0.12380952380952381
3 0.6857142857142857 0.5476190476190477 0.1012987012987013 0.2619047619047619
1 0.6974025974025974 0.753968253968254 0.11038961038961038 0.21587301587301588
1 0.7584415584415585 0.9206349206349206 0.13246753246753246 0.15714285714285714