2 0.6090909090909091 0.9285714285714286 0.03636363636363636 0.1349206349206349
2 0.5311688311688312 0.9476190476190476 0.03116883116883117 0.10317460317460317
2 0.6233766233766234 0.6904761904761905 0.02987012987012987 0.11746031746031746
2 0.6909090909090909 0.6888888888888889 0.023376623376623377 0.10793650793650794
2 0.6987012987012987 0.6365079365079365 0.024675324675324677 0.1111111111111111
2 0.7259740259740259 0.5952380952380952 0.025974025974025976 0.11428571428571428
2 0.7792207792207793 0.7111111111111111 0.032467532467532464 0.11746031746031746
2 0.7415584415584415 0.7206349206349206 0.02857142857142857 0.1380952380952381
2 0.8415584415584415 0.8111111111111111 0.046753246753246755 0.11746031746031746
2 0.787012987012987 0.8380952380952381 0.03896103896103896 0.1523809523809524
2 0.812987012987013 0.9428571428571428 0.046753246753246755 0.1126984126984127
2 0.8519480519480519 0.9158730158730158 0.04935064935064935 0.15873015873015872
2 0.9376623376623376 0.9523809523809523 0.05844155844155844 0.09523809523809523
2 0.6831168831168831 0.49682539682539684 0.024675324675324677 0.07936507936507936
2 0.6688311688311688 0.5634920634920635 0.02207792207792208 0.09841269841269841
1 0.6194805194805195 0.5682539682539682 0.07012987012987013 0.16031746031746033
2 0.6350649350649351 0.4984126984126984 0.025974025974025976 0.0746031746031746
2 0.6493506493506493 0.4888888888888889 0.01818181818181818 0.07777777777777778
2 0.6480519480519481 0.4396825396825397 0.016883116883116882 0.047619047619047616
2 0.6168831168831169 0.44285714285714284 0.016883116883116882 0.05396825396825397
2 0.5571428571428572 0.5015873015873016 0.01948051948051948 0.08095238095238096
2 0.574025974025974 0.48095238095238096 0.02077922077922078 0.07142857142857142
1 0.5181818181818182 0.44285714285714284 0.04935064935064935 0.0873015873015873
2 0.5597402597402598 0.43333333333333335 0.01818181818181818 0.06031746031746032
1 0.5467532467532468 0.638095238095238 0.06363636363636363 0.18095238095238095
2 0.5324675324675324 0.5158730158730159 0.02077922077922078 0.06984126984126984
2 0.4974025974025974 0.5412698412698412 0.02077922077922078 0.09523809523809523
2 0.6064935064935065 0.3888888888888889 0.016883116883116882 0.07142857142857142
2 0.6350649350649351 0.3968253968253968 0.014285714285714285 0.06031746031746032
2 0.6194805194805195 0.373015873015873 0.014285714285714285 0.06825396825396825
2 0.6246753246753247 0.3492063492063492 0.012987012987012988 0.047619047619047616
1 0.561038961038961 0.36507936507936506 0.04155844155844156 0.09365079365079365
2 0.5818181818181818 0.3492063492063492 0.012987012987012988 0.05555555555555555
2 0.5987012987012987 0.3142857142857143 0.01038961038961039 0.03650793650793651
2 0.5714285714285714 0.30634920634920637 0.012987012987012988 0.047619047619047616
3 0.5597402597402598 0.24444444444444444 0.03766233766233766 0.08095238095238096
2 0.5714285714285714 0.273015873015873 0.01038961038961039 0.026984126984126985
1 0.4948051948051948 0.3523809523809524 0.033766233766233764 0.0873015873015873
2 0.5207792207792208 0.34444444444444444 0.011688311688311689 0.05555555555555555
2 0.5337662337662338 0.32857142857142857 0.01038961038961039 0.05714285714285714
2 0.5077922077922078 0.3253968253968254 0.007792207792207792 0.05238095238095238
2 0.5233766233766234 0.3126984126984127 0.01038961038961039 0.022222222222222223
2 0.5142857142857142 0.2920634920634921 0.012987012987012988 0.04285714285714286
1 0.5363636363636364 0.28095238095238095 0.02857142857142857 0.05714285714285714
2 0.535064935064935 0.24603174603174602 0.00909090909090909 0.015873015873015872
2 0.5025974025974026 0.25555555555555554 0.01038961038961039 0.03492063492063492
2 0.4987012987012987 0.23174603174603176 0.01038961038961039 0.023809523809523808
2 0.5324675324675324 0.23174603174603176 0.006493506493506494 0.026984126984126985
2 0.5753246753246753 0.23492063492063492 0.007792207792207792 0.022222222222222223
2 0.522077922077922 0.17936507936507937 0.00909090909090909 0.03015873015873016
1 0.5025974025974026 0.2 0.01818181818181818 0.04126984126984127
2 0.5077922077922078 0.17777777777777778 0.00909090909090909 0.025396825396825397
2 0.5064935064935064 0.16031746031746033 0.007792207792207792 0.020634920634920634
2 0.4818181818181818 0.19206349206349208 0.007792207792207792 0.025396825396825397
2 0.4597402597402597 0.1984126984126984 0.006493506493506494 0.03015873015873016
1 0.4792207792207792 0.14761904761904762 0.014285714285714285 0.03650793650793651
2 0.5064935064935064 0.10476190476190476 0.005194805194805195 0.014285714285714285
1 0.4688311688311688 0.20793650793650795 0.014285714285714285 0.03492063492063492
1 0.4779220779220779 0.24603174603174602 0.025974025974025976 0.047619047619047616
1 0.4779220779220779 0.21587301587301588 0.01948051948051948 0.02857142857142857
1 0.5155844155844156 0.23333333333333334 0.02857142857142857 0.05396825396825397
3 0.487012987012987 0.28253968253968254 0.02987012987012987 0.06984126984126984
1 0.674025974025974 0.8142857142857143 0.10519480519480519 0.22063492063492063