1 0.6428571428571429 0.9841269841269841 0.08961038961038961 0.03015873015873016
1 0.7532467532467533 0.9507936507936507 0.10519480519480519 0.09682539682539683
1 0.6038961038961039 0.8365079365079365 0.09090909090909091 0.25873015873015875
1 0.674025974025974 0.6936507936507936 0.08181818181818182 0.15555555555555556
1 0.7246753246753247 0.6158730158730159 0.07662337662337662 0.12698412698412698
1 0.6350649350649351 0.5857142857142857 0.06883116883116883 0.11904761904761904
1 0.5441558441558442 0.6190476190476191 0.08051948051948052 0.13968253968253969
1 0.6584415584415585 0.48412698412698413 0.05584415584415584 0.09365079365079365
1 0.612987012987013 0.4793650793650794 0.05974025974025974 0.08571428571428572
1 0.5896103896103896 0.4253968253968254 0.03636363636363636 0.046031746031746035
1 0.5675324675324676 0.3746031746031746 0.05064935064935065 0.06507936507936508
1 0.5935064935064935 0.319047619047619 0.03506493506493506 0.05714285714285714
1 0.5597402597402598 0.3253968253968254 0.04155844155844156 0.05396825396825397
1 0.5103896103896104 0.3412698412698413 0.03636363636363636 0.06031746031746032
1 0.5441558441558442 0.29523809523809524 0.01818181818181818 0.04126984126984127
1 0.5168831168831168 0.2126984126984127 0.023376623376623377 0.046031746031746035
1 0.4922077922077922 0.13015873015873017 0.015584415584415584 0.031746031746031744
0 0.5298701298701298 0.4714285714285714 0.06233766233766234 0.15873015873015872
1 0.8857142857142857 0.9809523809523809 0.09480519480519481 0.0380952380952381
2 0.5428571428571428 0.9682539682539683 0.03896103896103896 0.06349206349206349
2 0.9376623376623376 0.953968253968254 0.02207792207792208 0.08412698412698413
2 0.887012987012987 0.926984126984127 0.02727272727272727 0.06984126984126984
2 0.8532467532467533 0.926984126984127 0.02727272727272727 0.07936507936507936
2 0.8493506493506493 0.8539682539682539 0.032467532467532464 0.09682539682539683
2 0.8051948051948052 0.8968253968253969 0.04285714285714286 0.09047619047619047
2 0.8 0.8206349206349206 0.04415584415584416 0.11428571428571428
2 0.8558441558441559 0.7555555555555555 0.07792207792207792 0.09365079365079365
2 0.7571428571428571 0.7746031746031746 0.04025974025974026 0.11428571428571428
2 0.6831168831168831 0.8793650793650793 0.02727272727272727 0.12857142857142856
2 0.7597402597402597 0.765079365079365 0.045454545454545456 0.09841269841269841
2 0.8 0.6841269841269841 0.05844155844155844 0.14444444444444443
2 0.7272727272727273 0.7063492063492064 0.04285714285714286 0.11587301587301588
2 0.5155844155844156 0.926984126984127 0.03636363636363636 0.11904761904761904
2 0.5207792207792208 0.834920634920635 0.04415584415584416 0.11587301587301588
2 0.5246753246753246 0.7619047619047619 0.045454545454545456 0.11746031746031746
2 0.5285714285714286 0.7 0.02857142857142857 0.07142857142857142
2 0.6246753246753247 0.7253968253968254 0.03116883116883117 0.0746031746031746
2 0.5753246753246753 0.680952380952381 0.025974025974025976 0.06031746031746032
2 0.6116883116883117 0.6619047619047619 0.032467532467532464 0.06984126984126984
2 0.5974025974025974 0.626984126984127 0.03636363636363636 0.07936507936507936
2 0.5922077922077922 0.5603174603174603 0.03766233766233766 0.07777777777777778
2 0.7142857142857143 0.5238095238095238 0.02727272727272727 0.05555555555555555
2 0.7077922077922078 0.49206349206349204 0.03896103896103896 0.07301587301587302
2 0.5727272727272728 0.4888888888888889 0.03116883116883117 0.0746031746031746
2 0.6272727272727273 0.4222222222222222 0.025974025974025976 0.049206349206349205
2 0.6480519480519481 0.40793650793650793 0.02077922077922078 0.04285714285714286
2 0.638961038961039 0.3888888888888889 0.02987012987012987 0.044444444444444446
2 0.6337662337662338 0.3603174603174603 0.02987012987012987 0.02857142857142857
2 0.6207792207792208 0.4 0.02077922077922078 0.031746031746031744
2 0.6116883116883117 0.38095238095238093 0.024675324675324677 0.022222222222222223
2 0.6077922077922078 0.36666666666666664 0.01818181818181818 0.012698412698412698
2 0.5961038961038961 0.35079365079365077 0.02727272727272727 0.05555555555555555
2 0.6090909090909091 0.3603174603174603 0.012987012987012988 0.01904761904761905
2 0.5675324675324676 0.4746031746031746 0.015584415584415584 0.044444444444444446
2 0.5532467532467532 0.44126984126984126 0.02857142857142857 0.0761904761904762
2 0.5038961038961038 0.39365079365079364 0.015584415584415584 0.03492063492063492
2 0.4909090909090909 0.4396825396825397 0.01948051948051948 0.08253968253968254
2 0.4857142857142857 0.3968253968253968 0.025974025974025976 0.04285714285714286
2 0.4831168831168831 0.37142857142857144 0.016883116883116882 0.0380952380952381
2 0.4766233766233766 0.3380952380952381 0.01818181818181818 0.04126984126984127
2 0.4805194805194805 0.30634920634920637 0.02207792207792208 0.04285714285714286
2 0.5038961038961038 0.2984126984126984 0.015584415584415584 0.049206349206349205
2 0.5207792207792208 0.3 0.015584415584415584 0.044444444444444446
2 0.5246753246753246 0.26825396825396824 0.01818181818181818 0.06031746031746032
2 0.5714285714285714 0.28888888888888886 0.016883116883116882 0.046031746031746035
2 0.5428571428571428 0.2507936507936508 0.014285714285714285 0.04126984126984127
2 0.5337662337662338 0.20317460317460317 0.00909090909090909 0.03015873015873016
2 0.4857142857142857 0.2650793650793651 0.02077922077922078 0.046031746031746035
2 0.4714285714285714 0.20634920634920634 0.023376623376623377 0.04285714285714286
2 0.4857142857142857 0.1984126984126984 0.01818181818181818 0.04126984126984127
2 0.4974025974025974 0.2015873015873016 0.02077922077922078 0.026984126984126985
2 0.4857142857142857 0.173015873015873 0.011688311688311689 0.02857142857142857
2 0.4935064935064935 0.16507936507936508 0.01038961038961039 0.02857142857142857
2 0.4987012987012987 0.1761904761904762 0.00909090909090909 0.020634920634920634
2 0.5051948051948052 0.16984126984126985 0.012987012987012988 0.026984126984126985
2 0.5025974025974026 0.15079365079365079 0.00909090909090909 0.023809523809523808
2 0.5051948051948052 0.13015873015873017 0.011688311688311689 0.03333333333333333
2 0.4844155844155844 0.10952380952380952 0.005194805194805195 0.012698412698412698
2 0.4987012987012987 0.10793650793650794 0.005194805194805195 0.020634920634920634
2 0.509090909090909 0.10634920634920635 0.007792207792207792 0.015873015873015872
2 0.9883116883116884 0.6301587301587301 0.023376623376623377 0.07777777777777778
2 0.9636363636363636 0.5317460317460317 0.07272727272727272 0.06666666666666667