2 0.5155844155844156 0.8920634920634921 0.04285714285714286 0.14603174603174604
2 0.512987012987013 0.9809523809523809 0.04155844155844156 0.0380952380952381
1 0.5922077922077922 0.9301587301587302 0.10909090909090909 0.13968253968253969
2 0.6025974025974026 0.8396825396825397 0.03506493506493506 0.08412698412698413
2 0.6324675324675325 0.7714285714285715 0.03116883116883117 0.1523809523809524
2 0.6545454545454545 0.8666666666666667 0.03506493506493506 0.16984126984126985
2 0.7090909090909091 0.8809523809523809 0.04415584415584416 0.1634920634920635
2 0.6883116883116883 0.9507936507936507 0.046753246753246755 0.09841269841269841
1 0.7883116883116883 0.861904761904762 0.14155844155844155 0.2698412698412698
2 0.7389610389610389 0.9428571428571428 0.05584415584415584 0.11428571428571428
2 0.5831168831168831 0.553968253968254 0.02857142857142857 0.08095238095238096
2 0.6792207792207792 0.5476190476190477 0.01818181818181818 0.0746031746031746
1 0.6805194805194805 0.680952380952381 0.09220779220779221 0.19047619047619047
2 0.6948051948051948 0.5888888888888889 0.024675324675324677 0.06984126984126984
2 0.7207792207792207 0.638095238095238 0.02207792207792208 0.08888888888888889
2 0.7363636363636363 0.6111111111111112 0.024675324675324677 0.0761904761904762
2 0.7363636363636363 0.6857142857142857 0.02987012987012987 0.1111111111111111
2 0.7636363636363637 0.6619047619047619 0.02857142857142857 0.10634920634920635
2 0.7714285714285715 0.6428571428571429 0.03506493506493506 0.10793650793650794
2 0.7649350649350649 0.7142857142857143 0.024675324675324677 0.05555555555555555
2 0.8051948051948052 0.7111111111111111 0.045454545454545456 0.0873015873015873
2 0.8116883116883117 0.7841269841269841 0.045454545454545456 0.10634920634920635
2 0.9922077922077922 0.9634920634920635 0.015584415584415584 0.07142857142857142
2 0.9415584415584416 0.9476190476190476 0.05714285714285714 0.10476190476190476
2 0.8909090909090909 0.9412698412698413 0.046753246753246755 0.11587301587301588
2 0.8454545454545455 0.8857142857142857 0.045454545454545456 0.16031746031746033
2 0.8766233766233766 0.8555555555555555 0.045454545454545456 0.11428571428571428
2 0.487012987012987 0.36507936507936506 0.024675324675324677 0.06825396825396825
3 0.6285714285714286 0.5301587301587302 0.09740259740259741 0.20317460317460317
2 0.5831168831168831 0.46984126984126984 0.016883116883116882 0.08095238095238096
1 0.6714285714285714 0.48095238095238096 0.06233766233766234 0.10634920634920635
2 0.6480519480519481 0.40634920634920635 0.016883116883116882 0.05714285714285714
2 0.7766233766233767 0.4857142857142857 0.04935064935064935 0.08253968253968254
2 0.5831168831168831 0.30317460317460315 0.025974025974025976 0.05714285714285714
2 0.4974025974025974 0.28253968253968254 0.02077922077922078 0.047619047619047616
2 0.525974025974026 0.21587301587301588 0.011688311688311689 0.031746031746031744
2 0.4831168831168831 0.16507936507936508 0.014285714285714285 0.025396825396825397
2 0.4987012987012987 0.16507936507936508 0.00909090909090909 0.031746031746031744
2 0.4922077922077922 0.14444444444444443 0.011688311688311689 0.025396825396825397
2 0.4857142857142857 0.12857142857142856 0.01038961038961039 0.01904761904761905
2 0.5012987012987012 0.1111111111111111 0.007792207792207792 0.015873015873015872
1 0.5636363636363636 0.6968253968253968 0.08961038961038961 0.20317460317460317
1 0.5454545454545454 0.5698412698412698 0.06883116883116883 0.14126984126984127
1 0.5402597402597402 0.48412698412698413 0.05584415584415584 0.0761904761904762
1 0.5376623376623376 0.4111111111111111 0.05584415584415584 0.10317460317460317
1 0.5246753246753246 0.35555555555555557 0.048051948051948054 0.07777777777777778
1 0.6090909090909091 0.38571428571428573 0.05974025974025974 0.09841269841269841