2 0.5688311688311688 0.9857142857142858 0.02987012987012987 0.02857142857142857
2 0.8090909090909091 0.9380952380952381 0.05064935064935065 0.11746031746031746
2 0.7571428571428571 0.9079365079365079 0.048051948051948054 0.13015873015873017
2 0.7831168831168831 0.9571428571428572 0.02857142857142857 0.06031746031746032
2 0.8714285714285714 0.9809523809523809 0.033766233766233764 0.0380952380952381
2 0.8207792207792208 0.9015873015873016 0.04415584415584416 0.12698412698412698
2 0.861038961038961 0.9111111111111111 0.04415584415584416 0.1746031746031746
2 0.7194805194805195 0.8095238095238095 0.033766233766233764 0.1523809523809524
2 0.7623376623376623 0.8365079365079365 0.03766233766233766 0.11587301587301588
2 0.8 0.8317460317460318 0.03506493506493506 0.12857142857142856
2 0.8207792207792208 0.8174603174603174 0.03636363636363636 0.14285714285714285
2 0.5974025974025974 0.7142857142857143 0.03896103896103896 0.14761904761904762
2 0.7961038961038961 0.7174603174603175 0.04155844155844156 0.11428571428571428
2 0.7649350649350649 0.680952380952381 0.02727272727272727 0.10793650793650794
2 0.7207792207792207 0.6047619047619047 0.02727272727272727 0.07936507936507936
2 0.7454545454545455 0.5587301587301587 0.025974025974025976 0.05555555555555555
2 0.7467532467532467 0.6015873015873016 0.02857142857142857 0.08571428571428572
2 0.6649350649350649 0.6317460317460317 0.02987012987012987 0.11746031746031746
2 0.6857142857142857 0.6 0.02727272727272727 0.08888888888888889
2 0.5506493506493506 0.5571428571428572 0.023376623376623377 0.07301587301587302
2 0.551948051948052 0.5142857142857142 0.025974025974025976 0.047619047619047616
2 0.5532467532467532 0.48095238095238096 0.01818181818181818 0.049206349206349205
2 0.5402597402597402 0.4714285714285714 0.016883116883116882 0.0761904761904762
2 0.5532467532467532 0.44603174603174606 0.024675324675324677 0.05396825396825397
2 0.5298701298701298 0.4238095238095238 0.01948051948051948 0.06666666666666667
2 0.6415584415584416 0.5888888888888889 0.03116883116883117 0.1126984126984127
2 0.5831168831168831 0.5238095238095238 0.02207792207792208 0.06984126984126984
2 0.577922077922078 0.5015873015873016 0.01818181818181818 0.06666666666666667
2 0.5753246753246753 0.4714285714285714 0.01948051948051948 0.05873015873015873
2 0.5792207792207792 0.4523809523809524 0.02077922077922078 0.047619047619047616
2 0.6181818181818182 0.5285714285714286 0.02077922077922078 0.050793650793650794
2 0.674025974025974 0.5444444444444444 0.02077922077922078 0.05555555555555555
2 0.6935064935064935 0.5476190476190477 0.02207792207792208 0.09523809523809523
2 0.7155844155844155 0.5396825396825397 0.024675324675324677 0.09365079365079365
2 0.5324675324675324 0.36507936507936506 0.02207792207792208 0.06666666666666667
2 0.5337662337662338 0.326984126984127 0.02077922077922078 0.06349206349206349
2 0.6025974025974026 0.44603174603174606 0.02077922077922078 0.06666666666666667
2 0.6038961038961039 0.46984126984126984 0.023376623376623377 0.06349206349206349
2 0.6142857142857143 0.5015873015873016 0.024675324675324677 0.047619047619047616
2 0.6480519480519481 0.5126984126984127 0.024675324675324677 0.06190476190476191
2 0.687012987012987 0.4936507936507937 0.02207792207792208 0.05396825396825397
2 0.6779220779220779 0.4634920634920635 0.02077922077922078 0.049206349206349205
2 0.6311688311688312 0.49206349206349204 0.023376623376623377 0.07301587301587302
2 0.6298701298701299 0.4507936507936508 0.02077922077922078 0.05396825396825397
2 0.6506493506493507 0.4650793650793651 0.02207792207792208 0.06031746031746032
2 0.6246753246753247 0.4126984126984127 0.02207792207792208 0.05873015873015873
2 0.6402597402597403 0.39365079365079364 0.01948051948051948 0.06031746031746032
2 0.6558441558441559 0.43174603174603177 0.014285714285714285 0.06984126984126984
2 0.5935064935064935 0.346031746031746 0.015584415584415584 0.05396825396825397
2 0.6155844155844156 0.3380952380952381 0.016883116883116882 0.03492063492063492
2 0.6168831168831169 0.37777777777777777 0.01818181818181818 0.06031746031746032
2 0.6701298701298701 0.4380952380952381 0.015584415584415584 0.05396825396825397
2 0.6610389610389611 0.3984126984126984 0.015584415584415584 0.0380952380952381
2 0.6038961038961039 0.31746031746031744 0.014285714285714285 0.05873015873015873
2 0.5831168831168831 0.30317460317460315 0.01818181818181818 0.05396825396825397
2 0.5168831168831168 0.2650793650793651 0.012987012987012988 0.046031746031746035
2 0.4935064935064935 0.23809523809523808 0.011688311688311689 0.03492063492063492
2 0.5051948051948052 0.24126984126984127 0.01038961038961039 0.02857142857142857
2 0.5051948051948052 0.22380952380952382 0.014285714285714285 0.0380952380952381
2 0.5272727272727272 0.21428571428571427 0.011688311688311689 0.044444444444444446
2 0.5623376623376624 0.25396825396825395 0.011688311688311689 0.04126984126984127
2 0.5753246753246753 0.2634920634920635 0.011688311688311689 0.04126984126984127
2 0.587012987012987 0.2746031746031746 0.015584415584415584 0.03650793650793651
2 0.5454545454545454 0.24761904761904763 0.011688311688311689 0.044444444444444446
2 0.5428571428571428 0.21904761904761905 0.011688311688311689 0.04126984126984127
2 0.487012987012987 0.16666666666666666 0.00909090909090909 0.026984126984126985
2 0.4714285714285714 0.16031746031746033 0.007792207792207792 0.025396825396825397
2 0.4844155844155844 0.1492063492063492 0.01038961038961039 0.01904761904761905
2 0.5038961038961038 0.11428571428571428 0.011688311688311689 0.023809523809523808
2 0.5012987012987012 0.09841269841269841 0.007792207792207792 0.020634920634920634
2 0.4662337662337662 0.12698412698412698 0.00909090909090909 0.026984126984126985
2 0.4701298701298701 0.11587301587301588 0.01038961038961039 0.022222222222222223
3 0.7740259740259741 0.9857142857142858 0.11298701298701298 0.02857142857142857
1 0.6779220779220779 0.8587301587301587 0.11298701298701298 0.273015873015873
1 0.561038961038961 0.807936507936508 0.09350649350649351 0.25555555555555554
1 0.7324675324675325 0.7142857142857143 0.1012987012987013 0.17142857142857143
1 0.5298701298701298 0.6317460317460317 0.08051948051948052 0.18571428571428572
1 0.6025974025974026 0.6142857142857143 0.08701298701298701 0.15714285714285714
1 0.509090909090909 0.5031746031746032 0.06103896103896104 0.13015873015873017
1 0.5792207792207792 0.3746031746031746 0.053246753246753244 0.1111111111111111
1 0.5571428571428572 0.3 0.03506493506493506 0.06825396825396825
1 0.474025974025974 0.1380952380952381 0.015584415584415584 0.031746031746031744
3 0.487012987012987 0.12380952380952381 0.01818181818181818 0.0380952380952381
0 0.4987012987012987 0.3047619047619048 0.04285714285714286 0.12857142857142856
3 0.4753246753246753 0.10476190476190476 0.00909090909090909 0.022222222222222223
0 0.4857142857142857 0.1 0.02207792207792208 0.03650793650793651