2 0.5857142857142857 0.9158730158730158 0.03896103896103896 0.15714285714285714
2 0.6441558441558441 0.9698412698412698 0.05064935064935065 0.06031746031746032
2 0.7285714285714285 0.926984126984127 0.045454545454545456 0.13333333333333333
2 0.7805194805194805 0.9253968253968254 0.03896103896103896 0.14444444444444443
2 0.8532467532467533 0.8174603174603174 0.048051948051948054 0.1492063492063492
2 0.8220779220779221 0.8682539682539683 0.05064935064935065 0.16825396825396827
2 0.9038961038961039 0.9238095238095239 0.07272727272727272 0.12698412698412698
2 0.6714285714285714 0.834920634920635 0.03506493506493506 0.1349206349206349
2 0.6194805194805195 0.7253968253968254 0.032467532467532464 0.17142857142857143
2 0.7012987012987013 0.7365079365079366 0.033766233766233764 0.12380952380952381
2 0.7376623376623377 0.7174603174603175 0.02987012987012987 0.1365079365079365
2 0.7688311688311689 0.6857142857142857 0.03766233766233766 0.12380952380952381
2 0.7194805194805195 0.6285714285714286 0.032467532467532464 0.08571428571428572
2 0.6909090909090909 0.6571428571428571 0.032467532467532464 0.13015873015873017
2 0.6649350649350649 0.6190476190476191 0.023376623376623377 0.10952380952380952
2 0.6441558441558441 0.5253968253968254 0.02077922077922078 0.09206349206349207
2 0.6818181818181818 0.526984126984127 0.02077922077922078 0.049206349206349205
2 0.7181818181818181 0.5587301587301587 0.01818181818181818 0.06825396825396825
2 0.6818181818181818 0.5746031746031746 0.024675324675324677 0.06984126984126984
2 0.5688311688311688 0.4650793650793651 0.01818181818181818 0.07142857142857142
2 0.6506493506493507 0.4238095238095238 0.016883116883116882 0.08095238095238096
2 0.5233766233766234 0.3825396825396825 0.01948051948051948 0.05873015873015873
2 0.548051948051948 0.42857142857142855 0.016883116883116882 0.06349206349206349
2 0.5532467532467532 0.39365079365079364 0.01948051948051948 0.046031746031746035
2 0.5506493506493506 0.3634920634920635 0.011688311688311689 0.025396825396825397
2 0.5454545454545454 0.35714285714285715 0.014285714285714285 0.044444444444444446
2 0.5844155844155844 0.3142857142857143 0.011688311688311689 0.03968253968253968
2 0.5987012987012987 0.3047619047619048 0.012987012987012988 0.03968253968253968
2 0.6064935064935065 0.3238095238095238 0.016883116883116882 0.04285714285714286
2 0.6051948051948052 0.34444444444444444 0.02857142857142857 0.03968253968253968
2 0.6272727272727273 0.38095238095238093 0.02077922077922078 0.07142857142857142
2 0.4649350649350649 0.2634920634920635 0.012987012987012988 0.04126984126984127
2 0.5155844155844156 0.2920634920634921 0.016883116883116882 0.050793650793650794
2 0.5051948051948052 0.2523809523809524 0.00909090909090909 0.031746031746031744
2 0.5168831168831168 0.2523809523809524 0.00909090909090909 0.026984126984126985
2 0.535064935064935 0.2619047619047619 0.011688311688311689 0.03492063492063492
2 0.5532467532467532 0.2492063492063492 0.011688311688311689 0.023809523809523808
2 0.5636363636363636 0.24126984126984127 0.007792207792207792 0.026984126984126985
2 0.574025974025974 0.25555555555555554 0.006493506493506494 0.03333333333333333
2 0.587012987012987 0.2841269841269841 0.011688311688311689 0.044444444444444446
2 0.5311688311688312 0.2253968253968254 0.015584415584415584 0.03333333333333333
2 0.5428571428571428 0.22063492063492063 0.01038961038961039 0.03333333333333333
2 0.5181818181818182 0.19682539682539682 0.006493506493506494 0.03650793650793651
2 0.5298701298701298 0.19047619047619047 0.007792207792207792 0.02857142857142857
2 0.5402597402597402 0.2 0.00909090909090909 0.011111111111111112
2 0.45584415584415583 0.18888888888888888 0.012987012987012988 0.031746031746031744
2 0.45324675324675323 0.1634920634920635 0.007792207792207792 0.01904761904761905
2 0.4597402597402597 0.173015873015873 0.00909090909090909 0.023809523809523808
2 0.4766233766233766 0.18571428571428572 0.00909090909090909 0.022222222222222223
2 0.4792207792207792 0.16507936507936508 0.006493506493506494 0.015873015873015872
2 0.4779220779220779 0.15079365079365079 0.005194805194805195 0.012698412698412698
2 0.4896103896103896 0.14603174603174604 0.005194805194805195 0.009523809523809525
2 0.5116883116883116 0.14285714285714285 0.005194805194805195 0.01904761904761905
2 0.5077922077922078 0.1253968253968254 0.005194805194805195 0.014285714285714285
2 0.5025974025974026 0.10793650793650794 0.0025974025974025974 0.012698412698412698
2 0.4987012987012987 0.1126984126984127 0.003896103896103896 0.009523809523809525
2 0.4818181818181818 0.11904761904761904 0.005194805194805195 0.014285714285714285
2 0.4714285714285714 0.10793650793650794 0.01038961038961039 0.011111111111111112
1 0.5454545454545454 0.7063492063492064 0.07922077922077922 0.2111111111111111
1 0.6064935064935065 0.5650793650793651 0.07532467532467532 0.16031746031746033
1 0.5922077922077922 0.3873015873015873 0.05454545454545454 0.10317460317460317
1 0.5038961038961038 0.4301587301587302 0.05584415584415584 0.09206349206349207
1 0.4961038961038961 0.3349206349206349 0.032467532467532464 0.06984126984126984
1 0.5415584415584416 0.3111111111111111 0.04155844155844156 0.06507936507936508
1 0.564935064935065 0.28888888888888886 0.032467532467532464 0.06507936507936508
1 0.4857142857142857 0.2746031746031746 0.03506493506493506 0.05238095238095238
1 0.4831168831168831 0.2365079365079365 0.03116883116883117 0.03015873015873016
1 0.5103896103896104 0.22380952380952382 0.023376623376623377 0.03333333333333333
1 0.4727272727272727 0.22063492063492063 0.02077922077922078 0.03015873015873016
1 0.4701298701298701 0.1984126984126984 0.01818181818181818 0.026984126984126985
1 0.4675324675324675 0.1619047619047619 0.015584415584415584 0.03015873015873016
1 0.4779220779220779 0.1365079365079365 0.014285714285714285 0.01746031746031746
1 0.4961038961038961 0.1253968253968254 0.011688311688311689 0.012698412698412698
1 0.4974025974025974 0.1349206349206349 0.01818181818181818 0.015873015873015872
1 0.4662337662337662 0.12380952380952381 0.012987012987012988 0.020634920634920634
1 0.5168831168831168 0.16984126984126985 0.011688311688311689 0.031746031746031744
3 0.5 0.18253968253968253 0.024675324675324677 0.05873015873015873
3 0.4896103896103896 0.1 0.015584415584415584 0.03968253968253968
1 0.5051948051948052 0.09047619047619047 0.006493506493506494 0.011111111111111112
2 0.5 0.09841269841269841 0.005194805194805195 0.011111111111111112
2 0.5532467532467532 0.2253968253968254 0.01038961038961039 0.022222222222222223
2 0.4831168831168831 0.15079365079365079 0.007792207792207792 0.014285714285714285
2 0.5064935064935064 0.10634920634920635 0.0025974025974025974 0.01746031746031746