2 0.9467532467532468 0.926984126984127 0.05844155844155844 0.14126984126984127
2 0.9168831168831169 0.9523809523809523 0.03766233766233766 0.09523809523809523
2 0.9 0.9761904761904762 0.01948051948051948 0.047619047619047616
2 0.8597402597402597 0.9365079365079365 0.03766233766233766 0.12698412698412698
2 0.8194805194805195 0.9253968253968254 0.033766233766233764 0.12857142857142856
2 0.8532467532467533 0.846031746031746 0.03116883116883117 0.10793650793650794
1 0.7259740259740259 0.8825396825396825 0.12337662337662338 0.23333333333333334
2 0.7831168831168831 0.8761904761904762 0.03116883116883117 0.1365079365079365
2 0.6441558441558441 0.9238095238095239 0.03896103896103896 0.12857142857142856
2 0.6467532467532467 0.9746031746031746 0.033766233766233764 0.049206349206349205
2 0.6298701298701299 0.846031746031746 0.033766233766233764 0.1
2 0.8116883116883117 0.792063492063492 0.02857142857142857 0.13015873015873017
2 0.7623376623376623 0.7888888888888889 0.048051948051948054 0.12380952380952381
2 0.8012987012987013 0.7174603174603175 0.02727272727272727 0.10952380952380952
2 0.7623376623376623 0.7222222222222222 0.024675324675324677 0.07936507936507936
2 0.7610389610389611 0.6730158730158731 0.02987012987012987 0.0746031746031746
2 0.7701298701298701 0.6555555555555556 0.02727272727272727 0.09841269841269841
2 0.7376623376623377 0.6444444444444445 0.024675324675324677 0.09841269841269841
2 0.7233766233766233 0.6888888888888889 0.02987012987012987 0.1126984126984127
1 0.6766233766233766 0.6984126984126984 0.09740259740259741 0.2
2 0.7012987012987013 0.6142857142857143 0.02987012987012987 0.09841269841269841
2 0.7558441558441559 0.5476190476190477 0.02857142857142857 0.09523809523809523
2 0.6207792207792208 0.7793650793650794 0.03506493506493506 0.09682539682539683
1 0.5688311688311688 0.8476190476190476 0.10779220779220779 0.2857142857142857
2 0.6194805194805195 0.7206349206349206 0.02207792207792208 0.08571428571428572
2 0.6064935064935065 0.6666666666666666 0.02727272727272727 0.08412698412698413
2 0.5844155844155844 0.6793650793650794 0.02857142857142857 0.0873015873015873
2 0.5753246753246753 0.6968253968253968 0.025974025974025976 0.06349206349206349
2 0.5064935064935064 0.7301587301587301 0.02857142857142857 0.10476190476190476
2 0.4961038961038961 0.6587301587301587 0.02987012987012987 0.09365079365079365
2 0.4896103896103896 0.5746031746031746 0.02207792207792208 0.10317460317460317
2 0.4922077922077922 0.5968253968253968 0.023376623376623377 0.08253968253968254
2 0.5974025974025974 0.6079365079365079 0.025974025974025976 0.07301587301587302
2 0.5909090909090909 0.5714285714285714 0.02727272727272727 0.07936507936507936
2 0.7 0.5761904761904761 0.025974025974025976 0.06984126984126984
2 0.5792207792207792 0.5285714285714286 0.024675324675324677 0.07777777777777778
1 0.538961038961039 0.5888888888888889 0.06363636363636363 0.14761904761904762
2 0.551948051948052 0.5079365079365079 0.02207792207792208 0.05714285714285714
1 0.6766233766233766 0.5190476190476191 0.05844155844155844 0.10476190476190476
2 0.6636363636363637 0.45714285714285713 0.012987012987012988 0.04126984126984127
2 0.6506493506493507 0.4444444444444444 0.015584415584415584 0.06031746031746032
2 0.638961038961039 0.45714285714285713 0.016883116883116882 0.06984126984126984
2 0.6168831168831169 0.4396825396825397 0.016883116883116882 0.06666666666666667
2 0.5532467532467532 0.43174603174603177 0.015584415584415584 0.06666666666666667
2 0.5454545454545454 0.3968253968253968 0.015584415584415584 0.0380952380952381
2 0.5402597402597402 0.37777777777777777 0.015584415584415584 0.0380952380952381
2 0.5246753246753246 0.37142857142857144 0.01818181818181818 0.06349206349206349
1 0.4974025974025974 0.32222222222222224 0.03636363636363636 0.06349206349206349
1 0.5064935064935064 0.3968253968253968 0.03766233766233766 0.08095238095238096
2 0.5064935064935064 0.3412698412698413 0.012987012987012988 0.022222222222222223
2 0.6194805194805195 0.4142857142857143 0.016883116883116882 0.049206349206349205
2 0.6064935064935065 0.3952380952380952 0.016883116883116882 0.05396825396825397
1 0.6415584415584416 0.39365079365079364 0.04155844155844156 0.08571428571428572
2 0.6298701298701299 0.34285714285714286 0.01038961038961039 0.023809523809523808
2 0.6168831168831169 0.3333333333333333 0.012987012987012988 0.0380952380952381
2 0.6090909090909091 0.3142857142857143 0.011688311688311689 0.049206349206349205
2 0.5948051948051948 0.30793650793650795 0.011688311688311689 0.046031746031746035
2 0.5792207792207792 0.33015873015873015 0.015584415584415584 0.046031746031746035
2 0.6025974025974026 0.35079365079365077 0.012987012987012988 0.049206349206349205
1 0.5727272727272728 0.3984126984126984 0.04025974025974026 0.09047619047619047
2 0.5909090909090909 0.35555555555555557 0.012987012987012988 0.049206349206349205
2 0.612987012987013 0.3619047619047619 0.011688311688311689 0.0380952380952381
2 0.5974025974025974 0.28253968253968254 0.011688311688311689 0.03015873015873016
1 0.5766233766233766 0.2920634920634921 0.033766233766233764 0.07142857142857142
2 0.5883116883116883 0.26666666666666666 0.012987012987012988 0.020634920634920634
2 0.5597402597402598 0.24603174603174602 0.007792207792207792 0.03333333333333333
2 0.5675324675324676 0.24603174603174602 0.007792207792207792 0.031746031746031744
2 0.5792207792207792 0.25555555555555554 0.007792207792207792 0.025396825396825397
3 0.535064935064935 0.28095238095238095 0.048051948051948054 0.11428571428571428
2 0.5558441558441558 0.21587301587301588 0.011688311688311689 0.03015873015873016
1 0.5363636363636364 0.22063492063492063 0.023376623376623377 0.03015873015873016
2 0.5532467532467532 0.22380952380952382 0.005194805194805195 0.026984126984126985
2 0.5493506493506494 0.20476190476190476 0.007792207792207792 0.025396825396825397
1 0.5025974025974026 0.2111111111111111 0.01818181818181818 0.03015873015873016
2 0.512987012987013 0.19523809523809524 0.006493506493506494 0.026984126984126985
2 0.512987012987013 0.17936507936507937 0.003896103896103896 0.01746031746031746
2 0.5207792207792208 0.1761904761904762 0.00909090909090909 0.026984126984126985
2 0.5246753246753246 0.19047619047619047 0.007792207792207792 0.03015873015873016
2 0.5324675324675324 0.18571428571428572 0.007792207792207792 0.02857142857142857
2 0.5376623376623376 0.19365079365079366 0.00909090909090909 0.025396825396825397
2 0.5 0.27936507936507937 0.00909090909090909 0.03333333333333333
2 0.5051948051948052 0.2857142857142857 0.00909090909090909 0.025396825396825397
2 0.4844155844155844 0.2841269841269841 0.007792207792207792 0.025396825396825397
2 0.4701298701298701 0.2841269841269841 0.011688311688311689 0.046031746031746035
1 0.4805194805194805 0.2619047619047619 0.02727272727272727 0.049206349206349205
2 0.4935064935064935 0.2396825396825397 0.00909090909090909 0.03492063492063492
1 0.4766233766233766 0.2365079365079365 0.02207792207792208 0.023809523809523808
1 0.4753246753246753 0.2126984126984127 0.02077922077922078 0.03492063492063492
2 0.4844155844155844 0.22380952380952382 0.006493506493506494 0.009523809523809525
2 0.461038961038961 0.23015873015873015 0.011688311688311689 0.03492063492063492
2 0.45324675324675323 0.21904761904761905 0.005194805194805195 0.03650793650793651
2 0.4727272727272727 0.18888888888888888 0.003896103896103896 0.020634920634920634
2 0.4662337662337662 0.1873015873015873 0.007792207792207792 0.022222222222222223
2 0.4597402597402597 0.2015873015873016 0.006493506493506494 0.020634920634920634
2 0.4792207792207792 0.19047619047619047 0.005194805194805195 0.01904761904761905
2 0.4844155844155844 0.19206349206349208 0.005194805194805195 0.025396825396825397
2 0.4831168831168831 0.16825396825396827 0.006493506493506494 0.01904761904761905
2 0.5077922077922078 0.14126984126984127 0.006493506493506494 0.014285714285714285
2 0.4987012987012987 0.13333333333333333 0.003896103896103896 0.01904761904761905
2 0.5025974025974026 0.12698412698412698 0.005194805194805195 0.015873015873015872
2 0.4857142857142857 0.1365079365079365 0.006493506493506494 0.025396825396825397
2 0.4779220779220779 0.12698412698412698 0.003896103896103896 0.012698412698412698
2 0.4714285714285714 0.14285714285714285 0.006493506493506494 0.01746031746031746
2 0.4935064935064935 0.10793650793650794 0.003896103896103896 0.012698412698412698
1 0.4818181818181818 0.10317460317460317 0.00909090909090909 0.014285714285714285
2 0.4844155844155844 0.10634920634920635 0.0025974025974025974 0.012698412698412698
1 0.5051948051948052 0.09047619047619047 0.006493506493506494 0.012698412698412698
1 0.4727272727272727 0.11746031746031746 0.01038961038961039 0.01904761904761905
1 0.4922077922077922 0.1253968253968254 0.01038961038961039 0.020634920634920634
1 0.5012987012987012 0.10476190476190476 0.007792207792207792 0.01746031746031746
1 0.4662337662337662 0.16984126984126985 0.015584415584415584 0.03333333333333333
3 0.4987012987012987 0.18095238095238095 0.023376623376623377 0.05714285714285714
1 0.509090909090909 0.2492063492063492 0.01948051948051948 0.03968253968253968
1 0.5558441558441558 0.346031746031746 0.032467532467532464 0.07142857142857142
1 0.525974025974026 0.4523809523809524 0.04025974025974026 0.10634920634920635
1 0.5909090909090909 0.4603174603174603 0.045454545454545456 0.10317460317460317
1 0.6363636363636364 0.5444444444444444 0.05974025974025974 0.12698412698412698