2 0.9142857142857143 0.9634920634920635 0.053246753246753244 0.07301587301587302
2 0.8961038961038961 0.8825396825396825 0.05064935064935065 0.1619047619047619
1 0.8012987012987013 0.873015873015873 0.15584415584415584 0.2523809523809524
2 0.8272727272727273 0.7825396825396825 0.03896103896103896 0.1111111111111111
2 0.8168831168831169 0.7142857142857143 0.03766233766233766 0.10317460317460317
2 0.7688311688311689 0.707936507936508 0.025974025974025976 0.07777777777777778
2 0.7662337662337663 0.6587301587301587 0.02987012987012987 0.12063492063492064
2 0.6792207792207792 0.6444444444444445 0.02207792207792208 0.12222222222222222
2 0.7025974025974026 0.6 0.02207792207792208 0.09047619047619047
2 0.7181818181818181 0.6587301587301587 0.03896103896103896 0.10158730158730159
2 0.7337662337662337 0.6031746031746031 0.03116883116883117 0.10952380952380952
2 0.7103896103896103 0.7063492063492064 0.033766233766233764 0.1349206349206349
2 0.7090909090909091 0.5317460317460317 0.024675324675324677 0.06984126984126984
2 0.6883116883116883 0.5142857142857142 0.023376623376623377 0.09047619047619047
2 0.7038961038961039 0.5 0.02207792207792208 0.08253968253968254
1 0.6402597402597403 0.48253968253968255 0.06363636363636363 0.1365079365079365
2 0.6701298701298701 0.473015873015873 0.02077922077922078 0.06825396825396825
2 0.6493506493506493 0.4238095238095238 0.01948051948051948 0.03650793650793651
2 0.6597402597402597 0.41904761904761906 0.011688311688311689 0.0380952380952381
2 0.6675324675324675 0.4396825396825397 0.014285714285714285 0.047619047619047616
1 0.5896103896103896 0.5015873015873016 0.06103896103896104 0.1253968253968254
2 0.6103896103896104 0.44126984126984126 0.015584415584415584 0.050793650793650794
2 0.6207792207792208 0.4253968253968254 0.012987012987012988 0.047619047619047616
2 0.5974025974025974 0.41904761904761906 0.016883116883116882 0.049206349206349205
2 0.6207792207792208 0.4031746031746032 0.012987012987012988 0.04285714285714286
2 0.6441558441558441 0.3952380952380952 0.033766233766233764 0.05396825396825397
3 0.5818181818181818 0.3603174603174603 0.06363636363636363 0.11746031746031746
2 0.612987012987013 0.38095238095238093 0.01038961038961039 0.046031746031746035
2 0.6233766233766234 0.3761904761904762 0.01038961038961039 0.05238095238095238
2 0.6233766233766234 0.346031746031746 0.01038961038961039 0.044444444444444446
2 0.6350649350649351 0.3603174603174603 0.012987012987012988 0.020634920634920634
2 0.6350649350649351 0.3412698412698413 0.01038961038961039 0.020634920634920634
2 0.6103896103896104 0.3476190476190476 0.011688311688311689 0.04126984126984127
2 0.6142857142857143 0.32063492063492066 0.011688311688311689 0.01904761904761905
2 0.6012987012987013 0.326984126984127 0.01038961038961039 0.03015873015873016
2 0.6064935064935065 0.30793650793650795 0.01038961038961039 0.026984126984126985
1 0.5298701298701298 0.5 0.05194805194805195 0.13333333333333333
2 0.548051948051948 0.3968253968253968 0.014285714285714285 0.047619047619047616
2 0.5363636363636364 0.3746031746031746 0.015584415584415584 0.05555555555555555
2 0.5883116883116883 0.3111111111111111 0.00909090909090909 0.025396825396825397
2 0.5974025974025974 0.2984126984126984 0.006493506493506494 0.01904761904761905
1 0.5467532467532468 0.3380952380952381 0.02857142857142857 0.07301587301587302
1 0.5675324675324676 0.2841269841269841 0.032467532467532464 0.05873015873015873
2 0.5675324675324676 0.3 0.007792207792207792 0.014285714285714285
2 0.577922077922078 0.30317460317460315 0.007792207792207792 0.012698412698412698
2 0.5883116883116883 0.2746031746031746 0.014285714285714285 0.026984126984126985
2 0.5844155844155844 0.26666666666666666 0.006493506493506494 0.023809523809523808
2 0.577922077922078 0.2571428571428571 0.007792207792207792 0.023809523809523808
2 0.5688311688311688 0.24761904761904763 0.006493506493506494 0.022222222222222223
2 0.5636363636363636 0.23492063492063492 0.00909090909090909 0.026984126984126985
2 0.5324675324675324 0.2507936507936508 0.006493506493506494 0.01904761904761905
2 0.5025974025974026 0.26666666666666666 0.011688311688311689 0.03492063492063492
1 0.5181818181818182 0.25555555555555554 0.023376623376623377 0.044444444444444446
2 0.509090909090909 0.2634920634920635 0.00909090909090909 0.025396825396825397
1 0.4831168831168831 0.27936507936507937 0.02727272727272727 0.06031746031746032
2 0.4909090909090909 0.2507936507936508 0.007792207792207792 0.014285714285714285
2 0.4649350649350649 0.2634920634920635 0.01038961038961039 0.03968253968253968
2 0.4922077922077922 0.23492063492063492 0.007792207792207792 0.015873015873015872
1 0.4974025974025974 0.20793650793650795 0.01818181818181818 0.03015873015873016
2 0.4909090909090909 0.22063492063492063 0.005194805194805195 0.014285714285714285
2 0.4831168831168831 0.20476190476190476 0.007792207792207792 0.02857142857142857
2 0.45194805194805193 0.2111111111111111 0.006493506493506494 0.03492063492063492
2 0.45324675324675323 0.19682539682539682 0.007792207792207792 0.023809523809523808
2 0.45194805194805193 0.18253968253968253 0.007792207792207792 0.01904761904761905
2 0.4831168831168831 0.18571428571428572 0.005194805194805195 0.020634920634920634
2 0.4818181818181818 0.1746031746031746 0.007792207792207792 0.01746031746031746
2 0.4766233766233766 0.16666666666666666 0.005194805194805195 0.01904761904761905
1 0.5077922077922078 0.22380952380952382 0.01818181818181818 0.046031746031746035
1 0.5194805194805194 0.23333333333333334 0.02207792207792208 0.03968253968253968
2 0.5155844155844156 0.2111111111111111 0.005194805194805195 0.014285714285714285
1 0.5298701298701298 0.2015873015873016 0.02077922077922078 0.04126984126984127
2 0.522077922077922 0.20793650793650795 0.006493506493506494 0.015873015873015872
2 0.5103896103896104 0.19682539682539682 0.003896103896103896 0.011111111111111112
2 0.5155844155844156 0.19682539682539682 0.005194805194805195 0.012698412698412698
2 0.509090909090909 0.18095238095238095 0.0025974025974025974 0.011111111111111112
2 0.5272727272727272 0.1746031746031746 0.005194805194805195 0.011111111111111112
2 0.5298701298701298 0.17936507936507937 0.003896103896103896 0.004761904761904762
2 0.4974025974025974 0.1492063492063492 0.003896103896103896 0.01904761904761905
1 0.4974025974025974 0.1984126984126984 0.02077922077922078 0.026984126984126985
1 0.4961038961038961 0.18253968253968253 0.014285714285714285 0.015873015873015872
1 0.4948051948051948 0.17142857142857143 0.014285714285714285 0.020634920634920634
2 0.5012987012987012 0.15714285714285714 0.003896103896103896 0.014285714285714285
2 0.5077922077922078 0.16825396825396827 0.005194805194805195 0.014285714285714285
2 0.5064935064935064 0.15555555555555556 0.006493506493506494 0.01746031746031746
2 0.512987012987013 0.15555555555555556 0.003896103896103896 0.01746031746031746
1 0.5077922077922078 0.14126984126984127 0.00909090909090909 0.015873015873015872
2 0.512987012987013 0.14603174603174604 0.005194805194805195 0.009523809523809525
1 0.4649350649350649 0.1746031746031746 0.015584415584415584 0.01746031746031746
1 0.4636363636363636 0.15873015873015872 0.015584415584415584 0.01904761904761905
1 0.4688311688311688 0.15079365079365079 0.015584415584415584 0.026984126984126985
2 0.4727272727272727 0.14126984126984127 0.003896103896103896 0.01904761904761905
2 0.4766233766233766 0.12380952380952381 0.003896103896103896 0.01746031746031746
2 0.5025974025974026 0.1365079365079365 0.005194805194805195 0.01746031746031746
2 0.5233766233766234 0.16984126984126985 0.003896103896103896 0.012698412698412698
2 0.5181818181818182 0.15714285714285714 0.005194805194805195 0.011111111111111112
1 0.4636363636363636 0.12857142857142856 0.012987012987012988 0.01904761904761905
1 0.4662337662337662 0.11587301587301588 0.011688311688311689 0.009523809523809525
1 0.4662337662337662 0.1111111111111111 0.01038961038961039 0.011111111111111112
1 0.4727272727272727 0.10952380952380952 0.006493506493506494 0.011111111111111112
2 0.4766233766233766 0.1111111111111111 0.0025974025974025974 0.009523809523809525
2 0.5077922077922078 0.11904761904761904 0.003896103896103896 0.011111111111111112
2 0.5077922077922078 0.1111111111111111 0.0025974025974025974 0.011111111111111112
1 0.4779220779220779 0.10158730158730159 0.005194805194805195 0.007936507936507936
3 0.4896103896103896 0.11904761904761904 0.01948051948051948 0.0380952380952381
1 0.4896103896103896 0.09206349206349207 0.007792207792207792 0.009523809523809525
2 0.4948051948051948 0.09682539682539683 0.003896103896103896 0.004761904761904762
1 0.4987012987012987 0.09206349206349207 0.006493506493506494 0.011111111111111112
1 0.5025974025974026 0.10158730158730159 0.006493506493506494 0.011111111111111112
3 0.4857142857142857 0.14126984126984127 0.016883116883116882 0.04126984126984127
1 0.4688311688311688 0.19206349206349208 0.016883116883116882 0.02857142857142857
1 0.4662337662337662 0.22063492063492063 0.016883116883116882 0.04285714285714286
1 0.4753246753246753 0.23174603174603176 0.02077922077922078 0.04126984126984127
1 0.4909090909090909 0.16507936507936508 0.012987012987012988 0.015873015873015872
1 0.487012987012987 0.15396825396825398 0.011688311688311689 0.011111111111111112
1 0.5233766233766234 0.28253968253968254 0.02987012987012987 0.049206349206349205
1 0.5376623376623376 0.30634920634920637 0.03116883116883117 0.06190476190476191
3 0.548051948051948 0.22063492063492063 0.024675324675324677 0.06984126984126984
1 0.551948051948052 0.2634920634920635 0.025974025974025976 0.050793650793650794
1 0.5064935064935064 0.373015873015873 0.03766233766233766 0.09206349206349207
1 0.4987012987012987 0.3412698412698413 0.03506493506493506 0.0761904761904762
1 0.512987012987013 0.43174603174603177 0.046753246753246755 0.1126984126984127
1 0.5441558441558442 0.6634920634920635 0.07272727272727272 0.2
1 0.6350649350649351 0.6888888888888889 0.08571428571428572 0.16825396825396827
1 0.7155844155844155 0.919047619047619 0.12987012987012986 0.16031746031746033