1 0.587012987012987 0.8984126984126984 0.09350649350649351 0.20317460317460317
1 0.5493506493506494 0.6793650793650794 0.07402597402597402 0.20317460317460317
1 0.5415584415584416 0.5698412698412698 0.046753246753246755 0.11428571428571428
1 0.6 0.5523809523809524 0.04025974025974026 0.11428571428571428
1 0.6324675324675325 0.6777777777777778 0.05454545454545454 0.16507936507936508
1 0.6805194805194805 0.8111111111111111 0.08181818181818182 0.25873015873015875
1 0.7415584415584415 0.973015873015873 0.08181818181818182 0.05238095238095238
1 0.7389610389610389 0.6317460317460317 0.06363636363636363 0.1380952380952381
1 0.5142857142857142 0.4857142857142857 0.03896103896103896 0.09682539682539683
1 0.5792207792207792 0.4603174603174603 0.03896103896103896 0.07301587301587302
1 0.5064935064935064 0.4015873015873016 0.03506493506493506 0.07301587301587302
1 0.5714285714285714 0.4 0.03506493506493506 0.05873015873015873
1 0.548051948051948 0.3523809523809524 0.02987012987012987 0.06190476190476191
1 0.5896103896103896 0.3603174603174603 0.024675324675324677 0.046031746031746035
1 0.5987012987012987 0.32857142857142857 0.02857142857142857 0.050793650793650794
1 0.535064935064935 0.2904761904761905 0.025974025974025976 0.047619047619047616
3 0.4974025974025974 0.32857142857142857 0.03766233766233766 0.11746031746031746
2 0.4948051948051948 0.36666666666666664 0.007792207792207792 0.03492063492063492
2 0.5025974025974026 0.3603174603174603 0.006493506493506494 0.02857142857142857
2 0.5194805194805194 0.353968253968254 0.01038961038961039 0.0380952380952381
2 0.5116883116883116 0.42857142857142855 0.015584415584415584 0.044444444444444446
2 0.5402597402597402 0.45714285714285713 0.01038961038961039 0.06507936507936508
2 0.5363636363636364 0.4174603174603175 0.01038961038961039 0.046031746031746035
2 0.5402597402597402 0.4015873015873016 0.011688311688311689 0.03650793650793651
2 0.9701298701298702 0.8174603174603174 0.033766233766233764 0.14126984126984127
2 0.9051948051948052 0.7682539682539683 0.02207792207792208 0.12857142857142856
2 0.8779220779220779 0.7301587301587301 0.02727272727272727 0.12222222222222222
2 0.8324675324675325 0.834920634920635 0.02207792207792208 0.10952380952380952
2 0.8402597402597403 0.7746031746031746 0.02857142857142857 0.10158730158730159
2 0.8337662337662337 0.7206349206349206 0.023376623376623377 0.09365079365079365
2 0.8038961038961039 0.6841269841269841 0.032467532467532464 0.09365079365079365
2 0.7935064935064935 0.7777777777777778 0.02987012987012987 0.13015873015873017
2 0.7623376623376623 0.7587301587301587 0.02077922077922078 0.11428571428571428
2 0.8753246753246753 0.8777777777777778 0.03896103896103896 0.1253968253968254
2 0.687012987012987 0.6476190476190476 0.016883116883116882 0.08253968253968254
2 0.7246753246753247 0.753968253968254 0.025974025974025976 0.1253968253968254
2 0.712987012987013 0.7 0.016883116883116882 0.08253968253968254
2 0.6649350649350649 0.6142857142857143 0.02207792207792208 0.10158730158730159
2 0.7649350649350649 0.6063492063492063 0.02077922077922078 0.0761904761904762
2 0.9714285714285714 0.6365079365079365 0.02987012987012987 0.10158730158730159
2 0.987012987012987 0.6015873015873016 0.025974025974025976 0.09047619047619047
2 0.9675324675324676 0.5523809523809524 0.02727272727272727 0.09841269841269841
2 0.7545454545454545 0.5476190476190477 0.01818181818181818 0.0761904761904762
2 0.7220779220779221 0.5396825396825397 0.016883116883116882 0.05873015873015873
2 0.7311688311688311 0.5206349206349207 0.016883116883116882 0.08095238095238096
2 0.6948051948051948 0.5412698412698412 0.012987012987012988 0.05714285714285714
2 0.7077922077922078 0.5126984126984127 0.01818181818181818 0.0761904761904762
2 0.6415584415584416 0.5476190476190477 0.015584415584415584 0.09047619047619047
2 0.6584415584415585 0.5682539682539682 0.016883116883116882 0.0746031746031746
2 0.6818181818181818 0.5603174603174603 0.016883116883116882 0.07777777777777778
2 0.6896103896103896 0.5047619047619047 0.014285714285714285 0.05238095238095238
2 0.6493506493506493 0.4746031746031746 0.012987012987012988 0.07301587301587302
2 0.6610389610389611 0.49523809523809526 0.015584415584415584 0.06666666666666667
2 0.6818181818181818 0.48095238095238096 0.016883116883116882 0.06825396825396825
2 0.6623376623376623 0.5222222222222223 0.01818181818181818 0.05873015873015873
2 0.6285714285714286 0.5095238095238095 0.012987012987012988 0.07142857142857142
2 0.6116883116883117 0.4603174603174603 0.015584415584415584 0.06190476190476191
2 0.625974025974026 0.4603174603174603 0.014285714285714285 0.05555555555555555
2 0.6727272727272727 0.45396825396825397 0.014285714285714285 0.05714285714285714
2 0.6623376623376623 0.4222222222222222 0.014285714285714285 0.05873015873015873
2 0.6766233766233766 0.43492063492063493 0.011688311688311689 0.05396825396825397
2 0.6376623376623377 0.40793650793650793 0.012987012987012988 0.049206349206349205
2 0.6519480519480519 0.4 0.014285714285714285 0.05396825396825397
2 0.6441558441558441 0.4380952380952381 0.012987012987012988 0.049206349206349205
2 0.6077922077922078 0.43333333333333335 0.015584415584415584 0.046031746031746035
2 0.6233766233766234 0.42698412698412697 0.01818181818181818 0.049206349206349205
2 0.5987012987012987 0.4126984126984127 0.015584415584415584 0.044444444444444446
2 0.5961038961038961 0.38412698412698415 0.012987012987012988 0.03015873015873016
2 0.6155844155844156 0.4 0.011688311688311689 0.03492063492063492
2 0.6298701298701299 0.40634920634920635 0.00909090909090909 0.03333333333333333
2 0.6402597402597403 0.37777777777777777 0.014285714285714285 0.047619047619047616
2 0.6441558441558441 0.3873015873015873 0.003896103896103896 0.01904761904761905
2 0.6090909090909091 0.36666666666666664 0.012987012987012988 0.050793650793650794
2 0.6272727272727273 0.35555555555555557 0.012987012987012988 0.05396825396825397
2 0.6142857142857143 0.32063492063492066 0.01038961038961039 0.050793650793650794
2 0.5948051948051948 0.2968253968253968 0.005194805194805195 0.022222222222222223
2 0.6038961038961039 0.2968253968253968 0.007792207792207792 0.026984126984126985
3 0.4766233766233766 0.2507936507936508 0.02207792207792208 0.06825396825396825
2 0.45454545454545453 0.2126984126984127 0.006493506493506494 0.04285714285714286
3 0.4675324675324675 0.2111111111111111 0.024675324675324677 0.05555555555555555
3 0.5012987012987012 0.19047619047619047 0.01818181818181818 0.050793650793650794
1 0.5064935064935064 0.22698412698412698 0.012987012987012988 0.02857142857142857
1 0.5233766233766234 0.2492063492063492 0.01818181818181818 0.031746031746031744
2 0.5727272727272728 0.33174603174603173 0.012987012987012988 0.046031746031746035
2 0.5636363636363636 0.32222222222222224 0.00909090909090909 0.03650793650793651
2 0.5272727272727272 0.3396825396825397 0.011688311688311689 0.044444444444444446
2 0.551948051948052 0.3142857142857143 0.007792207792207792 0.025396825396825397
2 0.5558441558441558 0.3047619047619048 0.01038961038961039 0.022222222222222223
2 0.5623376623376624 0.29523809523809524 0.00909090909090909 0.02857142857142857
2 0.5714285714285714 0.29523809523809524 0.006493506493506494 0.025396825396825397
2 0.5805194805194805 0.30793650793650795 0.006493506493506494 0.026984126984126985
2 0.5818181818181818 0.2904761904761905 0.006493506493506494 0.023809523809523808
2 0.587012987012987 0.29523809523809524 0.006493506493506494 0.025396825396825397
2 0.5948051948051948 0.28253968253968254 0.006493506493506494 0.022222222222222223
2 0.577922077922078 0.28095238095238095 0.007792207792207792 0.022222222222222223
2 0.5857142857142857 0.273015873015873 0.007792207792207792 0.020634920634920634
2 0.5571428571428572 0.2841269841269841 0.006493506493506494 0.022222222222222223
2 0.5662337662337662 0.2777777777777778 0.006493506493506494 0.020634920634920634
2 0.5714285714285714 0.2698412698412698 0.005194805194805195 0.020634920634920634
2 0.577922077922078 0.26031746031746034 0.005194805194805195 0.022222222222222223
2 0.5597402597402598 0.2698412698412698 0.00909090909090909 0.020634920634920634
2 0.5467532467532468 0.2698412698412698 0.007792207792207792 0.03015873015873016
2 0.5415584415584416 0.25396825396825395 0.006493506493506494 0.022222222222222223
2 0.5493506493506494 0.25396825396825395 0.00909090909090909 0.022222222222222223
2 0.5558441558441558 0.2492063492063492 0.00909090909090909 0.026984126984126985
2 0.5623376623376624 0.24603174603174602 0.006493506493506494 0.023809523809523808
2 0.5675324675324676 0.22857142857142856 0.00909090909090909 0.020634920634920634
2 0.5662337662337662 0.2492063492063492 0.006493506493506494 0.022222222222222223
2 0.5415584415584416 0.2396825396825397 0.00909090909090909 0.020634920634920634
2 0.5441558441558442 0.2222222222222222 0.005194805194805195 0.03015873015873016
2 0.551948051948052 0.23333333333333334 0.005194805194805195 0.01746031746031746
2 0.5558441558441558 0.2253968253968254 0.006493506493506494 0.01904761904761905
2 0.5532467532467532 0.2126984126984127 0.01038961038961039 0.022222222222222223
2 0.5597402597402598 0.21746031746031746 0.006493506493506494 0.020634920634920634
2 0.522077922077922 0.19206349206349208 0.006493506493506494 0.03492063492063492
2 0.538961038961039 0.1761904761904762 0.006493506493506494 0.022222222222222223
1 0.5324675324675324 0.2111111111111111 0.012987012987012988 0.0380952380952381
1 0.538961038961039 0.19365079365079366 0.01038961038961039 0.01746031746031746
2 0.5181818181818182 0.16984126984126985 0.006493506493506494 0.025396825396825397
2 0.5246753246753246 0.16984126984126985 0.005194805194805195 0.015873015873015872
2 0.5285714285714286 0.16666666666666666 0.006493506493506494 0.020634920634920634
2 0.512987012987013 0.1634920634920635 0.006493506493506494 0.023809523809523808
2 0.5064935064935064 0.15873015873015872 0.005194805194805195 0.01746031746031746
1 0.4974025974025974 0.15873015873015872 0.015584415584415584 0.01904761904761905
1 0.4636363636363636 0.173015873015873 0.012987012987012988 0.014285714285714285
3 0.4636363636363636 0.14603174603174604 0.014285714285714285 0.02857142857142857
1 0.4688311688311688 0.15714285714285714 0.007792207792207792 0.01746031746031746
2 0.4805194805194805 0.16666666666666666 0.005194805194805195 0.01904761904761905
1 0.4844155844155844 0.15555555555555556 0.006493506493506494 0.014285714285714285
1 0.4909090909090909 0.14285714285714285 0.01038961038961039 0.009523809523809525
1 0.4649350649350649 0.12857142857142856 0.007792207792207792 0.009523809523809525
1 0.4662337662337662 0.12063492063492064 0.00909090909090909 0.009523809523809525
1 0.487012987012987 0.1365079365079365 0.006493506493506494 0.009523809523809525
1 0.4831168831168831 0.13174603174603175 0.006493506493506494 0.009523809523809525
2 0.4753246753246753 0.11904761904761904 0.003896103896103896 0.01746031746031746
1 0.4818181818181818 0.12380952380952381 0.007792207792207792 0.011111111111111112
1 0.4831168831168831 0.11428571428571428 0.007792207792207792 0.009523809523809525
3 0.4922077922077922 0.10317460317460317 0.007792207792207792 0.01746031746031746
1 0.4987012987012987 0.13174603174603175 0.007792207792207792 0.015873015873015872
1 0.4961038961038961 0.12698412698412698 0.006493506493506494 0.012698412698412698
1 0.4948051948051948 0.11746031746031746 0.006493506493506494 0.014285714285714285
2 0.5064935064935064 0.2523809523809524 0.00909090909090909 0.03492063492063492
2 0.4974025974025974 0.2396825396825397 0.007792207792207792 0.03015873015873016
2 0.4909090909090909 0.2222222222222222 0.007792207792207792 0.026984126984126985
2 0.4844155844155844 0.2 0.005194805194805195 0.026984126984126985
2 0.487012987012987 0.20793650793650795 0.007792207792207792 0.022222222222222223
2 0.487012987012987 0.19523809523809524 0.005194805194805195 0.026984126984126985
2 0.4844155844155844 0.17777777777777778 0.007792207792207792 0.022222222222222223
3 0.4675324675324675 0.10634920634920635 0.00909090909090909 0.01746031746031746
2 0.5012987012987012 0.1380952380952381 0.005194805194805195 0.015873015873015872
1 0.5116883116883116 0.15079365079365079 0.012987012987012988 0.011111111111111112
2 0.5064935064935064 0.1380952380952381 0.003896103896103896 0.009523809523809525
2 0.5 0.11428571428571428 0.003896103896103896 0.015873015873015872
2 0.5038961038961038 0.11428571428571428 0.0025974025974025974 0.012698412698412698
1 0.4753246753246753 0.10476190476190476 0.006493506493506494 0.012698412698412698
1 0.4844155844155844 0.10476190476190476 0.006493506493506494 0.012698412698412698
1 0.5025974025974026 0.10634920634920635 0.005194805194805195 0.012698412698412698
1 0.4844155844155844 0.09523809523809523 0.006493506493506494 0.007936507936507936
2 0.5 0.09523809523809523 0.0025974025974025974 0.011111111111111112
2 0.5038961038961038 0.09523809523809523 0.0025974025974025974 0.007936507936507936
2 0.5025974025974026 0.09047619047619047 0.0025974025974025974 0.007936507936507936
2 0.509090909090909 0.12698412698412698 0.005194805194805195 0.020634920634920634
2 0.7545454545454545 0.8539682539682539 0.03896103896103896 0.1619047619047619
2 0.7974025974025974 0.8444444444444444 0.02857142857142857 0.11746031746031746
2 0.7909090909090909 0.9349206349206349 0.03896103896103896 0.13015873015873017
2 0.8402597402597403 0.9587301587301588 0.03636363636363636 0.08095238095238096
2 0.8298701298701299 0.9063492063492063 0.02207792207792208 0.06825396825396825
2 0.8805194805194805 0.9317460317460318 0.03636363636363636 0.1126984126984127
2 0.9233766233766234 0.9650793650793651 0.04935064935064935 0.06984126984126984
2 0.935064935064935 0.9396825396825397 0.04025974025974026 0.08095238095238096
2 0.9337662337662338 0.9142857142857143 0.05064935064935065 0.1
2 0.987012987012987 0.9587301587301588 0.025974025974025976 0.08253968253968254