2 0.8701298701298701 0.8714285714285714 0.05974025974025974 0.1634920634920635
2 0.8051948051948052 0.8777777777777778 0.04285714285714286 0.15079365079365079
2 0.6779220779220779 0.5984126984126984 0.02857142857142857 0.12222222222222222
2 0.7324675324675325 0.6095238095238096 0.023376623376623377 0.12698412698412698
2 0.6246753246753247 0.4777777777777778 0.03116883116883117 0.10634920634920635
2 0.548051948051948 0.5428571428571428 0.023376623376623377 0.11904761904761904
1 0.4935064935064935 0.1761904761904762 0.016883116883116882 0.031746031746031744
2 0.509090909090909 0.15714285714285714 0.006493506493506494 0.023809523809523808
2 0.4701298701298701 0.1619047619047619 0.011688311688311689 0.026984126984126985
2 0.4948051948051948 0.15396825396825398 0.006493506493506494 0.012698412698412698
2 0.5077922077922078 0.14285714285714285 0.007792207792207792 0.020634920634920634
2 0.4831168831168831 0.1365079365079365 0.003896103896103896 0.01904761904761905
2 0.4896103896103896 0.12063492063492064 0.003896103896103896 0.012698412698412698
2 0.4935064935064935 0.11428571428571428 0.0025974025974025974 0.01746031746031746
2 0.5064935064935064 0.11428571428571428 0.003896103896103896 0.01746031746031746
2 0.4909090909090909 0.1365079365079365 0.006493506493506494 0.01904761904761905
1 0.4974025974025974 0.10793650793650794 0.01038961038961039 0.01746031746031746
2 0.4922077922077922 0.10317460317460317 0.0025974025974025974 0.006349206349206349
2 0.4987012987012987 0.09841269841269841 0.0025974025974025974 0.004761904761904762
1 0.4688311688311688 0.13015873015873017 0.011688311688311689 0.026984126984126985
1 0.5155844155844156 0.21746031746031746 0.02207792207792208 0.03333333333333333
1 0.4818181818181818 0.2634920634920635 0.02727272727272727 0.05873015873015873
1 0.4922077922077922 0.33015873015873015 0.03116883116883117 0.07142857142857142
1 0.5545454545454546 0.3492063492063492 0.03636363636363636 0.06984126984126984