1 0.5493506493506494 0.8857142857142857 0.1 0.22857142857142856
2 0.9337662337662338 0.9634920634920635 0.06363636363636363 0.07142857142857142
2 0.8818181818181818 0.973015873015873 0.04415584415584416 0.05396825396825397
2 0.8272727272727273 0.9555555555555556 0.06103896103896104 0.08888888888888889
2 0.8012987012987013 0.8031746031746032 0.06233766233766234 0.14444444444444443
2 0.6714285714285714 0.8253968253968254 0.07142857142857142 0.13333333333333333
2 0.7207792207792207 0.6968253968253968 0.03636363636363636 0.12380952380952381
2 0.6935064935064935 0.6126984126984127 0.03766233766233766 0.10793650793650794
2 0.7272727272727273 0.6095238095238096 0.033766233766233764 0.12063492063492064
1 0.6467532467532467 0.6396825396825396 0.09090909090909091 0.19047619047619047
2 0.6714285714285714 0.5412698412698412 0.032467532467532464 0.09682539682539683
2 0.7038961038961039 0.5571428571428572 0.03506493506493506 0.08253968253968254
2 0.6610389610389611 0.48412698412698413 0.03506493506493506 0.08412698412698413
2 0.5155844155844156 0.2365079365079365 0.014285714285714285 0.049206349206349205
2 0.535064935064935 0.22063492063492063 0.014285714285714285 0.04126984126984127
2 0.5064935064935064 0.1984126984126984 0.02077922077922078 0.0380952380952381
2 0.4922077922077922 0.17142857142857143 0.012987012987012988 0.03650793650793651
2 0.4727272727272727 0.15873015873015872 0.014285714285714285 0.031746031746031744
2 0.4857142857142857 0.15714285714285714 0.01038961038961039 0.02857142857142857
2 0.4766233766233766 0.12857142857142856 0.007792207792207792 0.022222222222222223
2 0.43506493506493504 0.10793650793650794 0.005194805194805195 0.01746031746031746
2 0.43636363636363634 0.10317460317460317 0.006493506493506494 0.015873015873015872
1 0.44935064935064933 0.10793650793650794 0.014285714285714285 0.023809523809523808
2 0.4649350649350649 0.10158730158730159 0.007792207792207792 0.02857142857142857
2 0.4753246753246753 0.1 0.006493506493506494 0.020634920634920634
1 0.4636363636363636 0.07936507936507936 0.00909090909090909 0.015873015873015872
2 0.4766233766233766 0.0873015873015873 0.007792207792207792 0.007936507936507936
1 0.7051948051948052 0.9206349206349206 0.12857142857142856 0.15714285714285714
1 0.4727272727272727 0.06984126984126984 0.00909090909090909 0.022222222222222223
1 0.4818181818181818 0.4666666666666667 0.02857142857142857 0.11904761904761904
3 0.5415584415584416 0.546031746031746 0.1025974025974026 0.3761904761904762