1 0.5818181818181818 0.9714285714285714 0.07792207792207792 0.05714285714285714
1 0.7584415584415585 0.9 0.11428571428571428 0.2
1 0.8480519480519481 0.8761904761904762 0.12207792207792208 0.24761904761904763
1 0.6662337662337663 0.7587301587301587 0.1012987012987013 0.22063492063492063
1 0.5753246753246753 0.8126984126984127 0.09610389610389611 0.2507936507936508
1 0.548051948051948 0.638095238095238 0.09350649350649351 0.1634920634920635
1 0.5532467532467532 0.6476190476190476 0.07922077922077922 0.173015873015873
1 0.6363636363636364 0.6317460317460317 0.07012987012987013 0.17777777777777778
1 0.7207792207792207 0.6111111111111112 0.06753246753246753 0.1349206349206349
1 0.6090909090909091 0.4888888888888889 0.06363636363636363 0.11904761904761904
1 0.522077922077922 0.5 0.05974025974025974 0.13333333333333333
1 0.5727272727272728 0.4365079365079365 0.05844155844155844 0.09682539682539683
1 0.5103896103896104 0.42063492063492064 0.06233766233766234 0.09365079365079365
1 0.5636363636363636 0.3746031746031746 0.04935064935064935 0.08253968253968254
1 0.5038961038961038 0.3619047619047619 0.046753246753246755 0.06190476190476191
1 0.5012987012987012 0.3126984126984127 0.03896103896103896 0.07142857142857142
1 0.538961038961039 0.30317460317460315 0.02207792207792208 0.06666666666666667
1 0.5597402597402598 0.3238095238095238 0.03766233766233766 0.09206349206349207
1 0.4883116883116883 0.2492063492063492 0.032467532467532464 0.06984126984126984
1 0.5155844155844156 0.2492063492063492 0.025974025974025976 0.05714285714285714
1 0.5376623376623376 0.2650793650793651 0.025974025974025976 0.05396825396825397
1 0.4922077922077922 0.2714285714285714 0.03506493506493506 0.06349206349206349
1 0.512987012987013 0.22063492063492063 0.025974025974025976 0.026984126984126985
1 0.4688311688311688 0.2111111111111111 0.02077922077922078 0.0380952380952381
1 0.5051948051948052 0.19523809523809524 0.02857142857142857 0.03650793650793651
1 0.5077922077922078 0.20793650793650795 0.02857142857142857 0.025396825396825397
1 0.538961038961039 0.20952380952380953 0.024675324675324677 0.03968253968253968
1 0.4662337662337662 0.18253968253968253 0.02077922077922078 0.04126984126984127
1 0.4857142857142857 0.1619047619047619 0.016883116883116882 0.0380952380952381
1 0.4987012987012987 0.1746031746031746 0.02077922077922078 0.025396825396825397
2 0.5064935064935064 0.16984126984126985 0.00909090909090909 0.025396825396825397
1 0.5155844155844156 0.15873015873015872 0.016883116883116882 0.02857142857142857
1 0.4636363636363636 0.15555555555555556 0.015584415584415584 0.025396825396825397
1 0.4623376623376623 0.14126984126984127 0.01818181818181818 0.022222222222222223
1 0.4662337662337662 0.12222222222222222 0.016883116883116882 0.022222222222222223
1 0.4779220779220779 0.14761904761904762 0.016883116883116882 0.026984126984126985
1 0.4766233766233766 0.12698412698412698 0.01818181818181818 0.026984126984126985
1 0.4844155844155844 0.11428571428571428 0.012987012987012988 0.023809523809523808
1 0.4922077922077922 0.09523809523809523 0.00909090909090909 0.01904761904761905
1 0.4935064935064935 0.10158730158730159 0.011688311688311689 0.01904761904761905
1 0.4701298701298701 0.10793650793650794 0.012987012987012988 0.022222222222222223
2 0.4987012987012987 0.12698412698412698 0.006493506493506494 0.007936507936507936
2 0.5077922077922078 0.13968253968253969 0.006493506493506494 0.007936507936507936
2 0.5077922077922078 0.1253968253968254 0.005194805194805195 0.015873015873015872
1 0.4961038961038961 0.14444444444444443 0.011688311688311689 0.020634920634920634
2 0.5064935064935064 0.1253968253968254 0.005194805194805195 0.0031746031746031746
2 0.5077922077922078 0.11428571428571428 0.007792207792207792 0.012698412698412698
2 0.5064935064935064 0.10158730158730159 0.00909090909090909 0.012698412698412698
2 0.5155844155844156 0.1365079365079365 0.00909090909090909 0.006349206349206349
2 0.5142857142857142 0.12857142857142856 0.006493506493506494 0.006349206349206349
2 0.5207792207792208 0.19047619047619047 0.014285714285714285 0.020634920634920634
2 0.525974025974026 0.16984126984126985 0.00909090909090909 0.015873015873015872
2 0.538961038961039 0.1761904761904762 0.011688311688311689 0.023809523809523808
0 0.574025974025974 0.273015873015873 0.05584415584415584 0.08412698412698413
2 0.5454545454545454 0.21428571428571427 0.007792207792207792 0.03333333333333333
2 0.561038961038961 0.2222222222222222 0.011688311688311689 0.025396825396825397
2 0.5753246753246753 0.2968253968253968 0.01038961038961039 0.044444444444444446
2 0.5844155844155844 0.30158730158730157 0.011688311688311689 0.03015873015873016
2 0.5831168831168831 0.28095238095238095 0.01038961038961039 0.023809523809523808
2 0.5922077922077922 0.3349206349206349 0.012987012987012988 0.03015873015873016
2 0.6025974025974026 0.32222222222222224 0.012987012987012988 0.04285714285714286
2 0.6116883116883117 0.319047619047619 0.01948051948051948 0.05238095238095238
2 0.6 0.2968253968253968 0.014285714285714285 0.03492063492063492
2 0.5883116883116883 0.3349206349206349 0.012987012987012988 0.047619047619047616
2 0.5909090909090909 0.3761904761904762 0.02077922077922078 0.05873015873015873
2 0.5974025974025974 0.3634920634920635 0.02077922077922078 0.05555555555555555
2 0.6155844155844156 0.35714285714285715 0.014285714285714285 0.044444444444444446
2 0.6220779220779221 0.3396825396825397 0.011688311688311689 0.05396825396825397
2 0.6272727272727273 0.36507936507936506 0.011688311688311689 0.020634920634920634
2 0.6168831168831169 0.41904761904761906 0.023376623376623377 0.06349206349206349
2 0.6012987012987013 0.4142857142857143 0.015584415584415584 0.0380952380952381
2 0.535064935064935 0.3603174603174603 0.01948051948051948 0.05555555555555555
2 0.535064935064935 0.41904761904761906 0.02207792207792208 0.05396825396825397
2 0.5467532467532468 0.4380952380952381 0.01818181818181818 0.04126984126984127
2 0.551948051948052 0.47619047619047616 0.02207792207792208 0.05238095238095238
2 0.561038961038961 0.5142857142857142 0.02987012987012987 0.06825396825396825
2 0.5545454545454546 0.5523809523809524 0.025974025974025976 0.03650793650793651
2 0.5155844155844156 0.573015873015873 0.02857142857142857 0.09841269841269841
2 0.5792207792207792 0.6206349206349207 0.03116883116883117 0.1253968253968254
2 0.6116883116883117 0.6634920634920635 0.02857142857142857 0.12063492063492064
2 0.5961038961038961 0.5888888888888889 0.024675324675324677 0.09523809523809523
2 0.6506493506493507 0.5158730158730159 0.02207792207792208 0.0761904761904762
2 0.6766233766233766 0.5380952380952381 0.02077922077922078 0.08412698412698413
2 0.6961038961038961 0.49206349206349204 0.02077922077922078 0.08888888888888889
2 0.7194805194805195 0.5349206349206349 0.023376623376623377 0.06031746031746032
2 0.7623376623376623 0.546031746031746 0.02987012987012987 0.08253968253968254
2 0.7480519480519481 0.5936507936507937 0.03506493506493506 0.10317460317460317
2 0.7207792207792207 0.6984126984126984 0.02727272727272727 0.11587301587301588
2 0.7480519480519481 0.6825396825396826 0.03896103896103896 0.10793650793650794
2 0.7454545454545455 0.7587301587301587 0.04025974025974026 0.09206349206349207
2 0.787012987012987 0.7428571428571429 0.02987012987012987 0.10158730158730159
2 0.825974025974026 0.7412698412698413 0.023376623376623377 0.08095238095238096
2 0.8181818181818182 0.6904761904761905 0.02727272727272727 0.08095238095238096
2 0.7961038961038961 0.7 0.033766233766233764 0.08253968253968254
2 0.874025974025974 0.807936507936508 0.03506493506493506 0.09682539682539683