1 0.548051948051948 0.35079365079365077 0.033766233766233764 0.08412698412698413
1 0.5194805194805194 0.2523809523809524 0.02207792207792208 0.046031746031746035
1 0.4805194805194805 0.20634920634920634 0.024675324675324677 0.04285714285714286
3 0.4792207792207792 0.1349206349206349 0.016883116883116882 0.03968253968253968
2 0.4909090909090909 0.12698412698412698 0.015584415584415584 0.022222222222222223
2 0.4896103896103896 0.11428571428571428 0.011688311688311689 0.015873015873015872
2 0.5025974025974026 0.1761904761904762 0.01818181818181818 0.022222222222222223
2 0.4974025974025974 0.15555555555555556 0.01038961038961039 0.022222222222222223
2 0.5025974025974026 0.12380952380952381 0.00909090909090909 0.015873015873015872
2 0.5064935064935064 0.11587301587301588 0.01038961038961039 0.01746031746031746
2 0.5298701298701298 0.1873015873015873 0.015584415584415584 0.023809523809523808
2 0.6545454545454545 0.4158730158730159 0.032467532467532464 0.06984126984126984
2 0.7506493506493507 0.626984126984127 0.032467532467532464 0.09682539682539683
2 0.712987012987013 0.8428571428571429 0.05974025974025974 0.14285714285714285
2 0.9090909090909091 0.9746031746031746 0.06753246753246753 0.050793650793650794