1 0.564935064935065 0.8714285714285714 0.05454545454545454 0.22698412698412698
1 0.6896103896103896 0.8952380952380953 0.07012987012987013 0.20952380952380953
1 0.7896103896103897 0.8682539682539683 0.07922077922077922 0.2571428571428571
1 0.6246753246753247 0.6746031746031746 0.04935064935064935 0.14285714285714285
1 0.7038961038961039 0.6444444444444445 0.06233766233766234 0.14444444444444443
1 0.6831168831168831 0.5079365079365079 0.04935064935064935 0.08571428571428572
1 0.6051948051948052 0.4936507936507937 0.04285714285714286 0.14126984126984127
1 0.5363636363636364 0.5126984126984127 0.03636363636363636 0.11428571428571428
1 0.525974025974026 0.4174603174603175 0.024675324675324677 0.050793650793650794
1 0.587012987012987 0.4031746031746032 0.045454545454545456 0.049206349206349205
1 0.5012987012987012 0.37777777777777777 0.016883116883116882 0.05396825396825397
1 0.5688311688311688 0.3476190476190476 0.01818181818181818 0.04126984126984127
1 0.5454545454545454 0.32063492063492066 0.024675324675324677 0.044444444444444446
3 0.4909090909090909 0.28253968253968254 0.03506493506493506 0.10952380952380952
1 0.5376623376623376 0.28095238095238095 0.023376623376623377 0.05396825396825397
1 0.5298701298701298 0.2507936507936508 0.015584415584415584 0.044444444444444446
1 0.5064935064935064 0.18253968253968253 0.011688311688311689 0.031746031746031744
1 0.4948051948051948 0.1523809523809524 0.007792207792207792 0.01746031746031746
1 0.4753246753246753 0.10952380952380952 0.006493506493506494 0.012698412698412698
1 0.4909090909090909 0.10952380952380952 0.005194805194805195 0.01904761904761905
1 0.4948051948051948 0.09365079365079365 0.005194805194805195 0.012698412698412698
2 0.5012987012987012 0.7968253968253968 0.02987012987012987 0.11587301587301588
2 0.8688311688311688 0.7015873015873015 0.03766233766233766 0.1
2 0.4948051948051948 0.6349206349206349 0.012987012987012988 0.06349206349206349
2 0.5051948051948052 0.7063492063492064 0.011688311688311689 0.06031746031746032
2 0.538961038961039 0.7174603174603175 0.016883116883116882 0.06666666666666667
2 0.5857142857142857 0.7476190476190476 0.01948051948051948 0.06666666666666667
2 0.5636363636363636 0.6730158730158731 0.012987012987012988 0.06507936507936508
2 0.525974025974026 0.665079365079365 0.01038961038961039 0.08412698412698413
2 0.5441558441558442 0.6301587301587301 0.00909090909090909 0.09365079365079365
2 0.8285714285714286 0.7142857142857143 0.02207792207792208 0.07301587301587302
2 0.8506493506493507 0.8968253968253969 0.02207792207792208 0.10793650793650794
2 0.8857142857142857 0.9523809523809523 0.02077922077922078 0.09365079365079365
2 0.8948051948051948 0.9111111111111111 0.025974025974025976 0.10634920634920635
2 0.9428571428571428 0.9825396825396825 0.02987012987012987 0.03492063492063492
2 0.9727272727272728 0.9650793650793651 0.02857142857142857 0.06984126984126984
2 0.9948051948051948 0.9555555555555556 0.01038961038961039 0.08888888888888889
2 0.8623376623376623 0.7904761904761904 0.016883116883116882 0.07142857142857142
2 0.8415584415584415 0.807936507936508 0.01818181818181818 0.06190476190476191
2 0.8142857142857143 0.7825396825396825 0.02077922077922078 0.06190476190476191
2 0.8077922077922078 0.7428571428571429 0.015584415584415584 0.06031746031746032
2 0.7701298701298701 0.707936507936508 0.01038961038961039 0.046031746031746035
2 0.7727272727272727 0.6793650793650794 0.01948051948051948 0.05873015873015873
2 0.7532467532467533 0.6365079365079365 0.01818181818181818 0.08571428571428572
2 0.7311688311688311 0.5555555555555556 0.014285714285714285 0.08412698412698413
2 0.512987012987013 0.6111111111111112 0.02207792207792208 0.06349206349206349
2 0.5 0.5444444444444444 0.011688311688311689 0.07142857142857142
2 0.6415584415584416 0.49206349206349204 0.014285714285714285 0.06825396825396825
2 0.5727272727272728 0.473015873015873 0.011688311688311689 0.06190476190476191
2 0.5415584415584416 0.4015873015873016 0.015584415584415584 0.04285714285714286
2 0.6181818181818182 0.3396825396825397 0.011688311688311689 0.04285714285714286
2 0.6051948051948052 0.3746031746031746 0.012987012987012988 0.03650793650793651
2 0.6428571428571429 0.4095238095238095 0.011688311688311689 0.06666666666666667
2 0.6233766233766234 0.4031746031746032 0.01038961038961039 0.04126984126984127
2 0.6103896103896104 0.40476190476190477 0.01038961038961039 0.03492063492063492
2 0.6571428571428571 0.4587301587301587 0.00909090909090909 0.03968253968253968
2 0.6623376623376623 0.4365079365079365 0.00909090909090909 0.04285714285714286
2 0.6636363636363637 0.4158730158730159 0.012987012987012988 0.046031746031746035
2 0.4844155844155844 0.35714285714285715 0.011688311688311689 0.05555555555555555
2 0.5493506493506494 0.22063492063492063 0.012987012987012988 0.0380952380952381
2 0.5155844155844156 0.1634920634920635 0.007792207792207792 0.020634920634920634
2 0.4935064935064935 0.1253968253968254 0.006493506493506494 0.023809523809523808
2 0.9935064935064936 0.7634920634920634 0.012987012987012988 0.1349206349206349
2 0.5324675324675324 0.20952380952380953 0.01038961038961039 0.04285714285714286
2 0.5103896103896104 0.09682539682539683 0.005194805194805195 0.01904761904761905