2 0.9051948051948052 0.9047619047619048 0.05974025974025974 0.19047619047619047
2 0.7727272727272727 0.7174603174603175 0.046753246753246755 0.12698412698412698
2 0.6415584415584416 0.719047619047619 0.02987012987012987 0.12063492063492064
2 0.5896103896103896 0.5714285714285714 0.023376623376623377 0.10793650793650794
2 0.564935064935065 0.4142857142857143 0.016883116883116882 0.07301587301587302
2 0.6272727272727273 0.43174603174603177 0.02987012987012987 0.06507936507936508
2 0.6350649350649351 0.3904761904761905 0.012987012987012988 0.06349206349206349
2 0.5896103896103896 0.3746031746031746 0.016883116883116882 0.07142857142857142
2 0.5428571428571428 0.373015873015873 0.02207792207792208 0.06031746031746032
2 0.5558441558441558 0.35555555555555557 0.012987012987012988 0.05873015873015873
2 0.5831168831168831 0.31587301587301586 0.03116883116883117 0.05396825396825397
2 0.5675324675324676 0.25555555555555554 0.025974025974025976 0.05238095238095238
2 0.4597402597402597 0.23174603174603176 0.02207792207792208 0.047619047619047616
2 0.5077922077922078 0.1761904761904762 0.006493506493506494 0.03015873015873016
2 0.5246753246753246 0.173015873015873 0.00909090909090909 0.01904761904761905
2 0.4766233766233766 0.16984126984126985 0.005194805194805195 0.031746031746031744
2 0.4714285714285714 0.1634920634920635 0.003896103896103896 0.03333333333333333
2 0.4948051948051948 0.17936507936507937 0.00909090909090909 0.02857142857142857
2 0.4974025974025974 0.15873015873015872 0.00909090909090909 0.01904761904761905
2 0.5155844155844156 0.1523809523809524 0.012987012987012988 0.023809523809523808
2 0.4935064935064935 0.12857142857142856 0.007792207792207792 0.020634920634920634
2 0.4805194805194805 0.11746031746031746 0.006493506493506494 0.01904761904761905
2 0.4701298701298701 0.1380952380952381 0.006493506493506494 0.020634920634920634
2 0.5077922077922078 0.10634920634920635 0.003896103896103896 0.014285714285714285
2 0.5064935064935064 0.09365079365079365 0.005194805194805195 0.012698412698412698
2 0.509090909090909 0.09841269841269841 0.0025974025974025974 0.009523809523809525
1 0.5701298701298702 0.7206349206349206 0.08571428571428572 0.23174603174603176
1 0.6948051948051948 0.6714285714285714 0.09610389610389611 0.1984126984126984
1 0.674025974025974 0.5158730158730159 0.06363636363636363 0.11904761904761904
1 0.5233766233766234 0.4650793650793651 0.046753246753246755 0.1126984126984127
1 0.4922077922077922 0.32063492063492066 0.03896103896103896 0.08571428571428572
1 0.4883116883116883 0.23174603174603176 0.023376623376623377 0.06031746031746032
3 0.5311688311688312 0.23015873015873015 0.03896103896103896 0.09047619047619047