2 0.6623376623376623 0.9015873015873016 0.045454545454545456 0.15555555555555556
2 0.874025974025974 0.8650793650793651 0.06103896103896104 0.1349206349206349
2 0.7584415584415585 0.8936507936507937 0.04935064935064935 0.16507936507936508
2 0.7441558441558441 0.765079365079365 0.04025974025974026 0.12063492063492064
2 0.8064935064935065 0.7571428571428571 0.03636363636363636 0.1492063492063492
2 0.625974025974026 0.7285714285714285 0.03896103896103896 0.15555555555555556
2 0.6727272727272727 0.7984126984126985 0.04285714285714286 0.15873015873015872
2 0.6883116883116883 0.7587301587301587 0.03896103896103896 0.1380952380952381
2 0.6168831168831169 0.6253968253968254 0.03116883116883117 0.10634920634920635
2 0.6545454545454545 0.6396825396825396 0.023376623376623377 0.12222222222222222
2 0.6961038961038961 0.6746031746031746 0.03116883116883117 0.12857142857142856
2 0.7324675324675325 0.5968253968253968 0.033766233766233764 0.07301587301587302
2 0.7376623376623377 0.6619047619047619 0.03766233766233766 0.10793650793650794
2 0.7012987012987013 0.5412698412698412 0.032467532467532464 0.09206349206349207
2 0.6779220779220779 0.5523809523809524 0.033766233766233764 0.09365079365079365
2 0.6415584415584416 0.5365079365079365 0.02987012987012987 0.0873015873015873
2 0.6103896103896104 0.45555555555555555 0.024675324675324677 0.0873015873015873
2 0.6714285714285714 0.46984126984126984 0.02077922077922078 0.07142857142857142
2 0.6428571428571429 0.4396825396825397 0.01818181818181818 0.06825396825396825
2 0.6337662337662338 0.4777777777777778 0.025974025974025976 0.07777777777777778
2 0.5909090909090909 0.44761904761904764 0.01948051948051948 0.0380952380952381
2 0.5428571428571428 0.45714285714285713 0.01818181818181818 0.07777777777777778
2 0.5623376623376624 0.4222222222222222 0.015584415584415584 0.06984126984126984
2 0.6012987012987013 0.35079365079365077 0.015584415584415584 0.06507936507936508
2 0.6155844155844156 0.38571428571428573 0.01948051948051948 0.06666666666666667
2 0.5298701298701298 0.37142857142857144 0.02077922077922078 0.06666666666666667
2 0.525974025974026 0.33650793650793653 0.01038961038961039 0.04285714285714286
2 0.512987012987013 0.32222222222222224 0.014285714285714285 0.047619047619047616
2 0.4987012987012987 0.28888888888888886 0.00909090909090909 0.011111111111111112
2 0.5064935064935064 0.26825396825396824 0.01038961038961039 0.03650793650793651
2 0.5025974025974026 0.24603174603174602 0.011688311688311689 0.03333333333333333
2 0.5415584415584416 0.20952380952380953 0.00909090909090909 0.02857142857142857
2 0.548051948051948 0.22063492063492063 0.006493506493506494 0.022222222222222223
2 0.5571428571428572 0.22857142857142856 0.00909090909090909 0.007936507936507936
2 0.5207792207792208 0.20476190476190476 0.006493506493506494 0.026984126984126985
2 0.525974025974026 0.21904761904761905 0.00909090909090909 0.01904761904761905
2 0.4844155844155844 0.19047619047619047 0.00909090909090909 0.022222222222222223
2 0.4883116883116883 0.21428571428571427 0.011688311688311689 0.03015873015873016
2 0.4753246753246753 0.14285714285714285 0.007792207792207792 0.01904761904761905
2 0.474025974025974 0.16507936507936508 0.007792207792207792 0.01904761904761905
2 0.4909090909090909 0.10476190476190476 0.006493506493506494 0.011111111111111112
2 0.4948051948051948 0.11587301587301588 0.005194805194805195 0.014285714285714285
2 0.4948051948051948 0.13015873015873017 0.006493506493506494 0.014285714285714285
2 0.4883116883116883 0.13968253968253969 0.007792207792207792 0.007936507936507936
2 0.4922077922077922 0.14444444444444443 0.007792207792207792 0.009523809523809525
2 0.4961038961038961 0.1523809523809524 0.006493506493506494 0.009523809523809525
2 0.5038961038961038 0.15396825396825398 0.00909090909090909 0.009523809523809525
2 0.5116883116883116 0.1523809523809524 0.005194805194805195 0.011111111111111112
2 0.5051948051948052 0.1634920634920635 0.006493506493506494 0.012698412698412698
3 0.4701298701298701 0.1126984126984127 0.012987012987012988 0.03492063492063492
1 0.487012987012987 0.12380952380952381 0.01038961038961039 0.022222222222222223
1 0.4636363636363636 0.17142857142857143 0.014285714285714285 0.03015873015873016
1 0.4688311688311688 0.1873015873015873 0.01818181818181818 0.03333333333333333
1 0.4727272727272727 0.2126984126984127 0.01818181818181818 0.03333333333333333
1 0.4792207792207792 0.23174603174603176 0.024675324675324677 0.046031746031746035
1 0.5194805194805194 0.4984126984126984 0.05194805194805195 0.1111111111111111
1 0.5896103896103896 0.5206349206349207 0.06103896103896104 0.12222222222222222
1 0.5597402597402598 0.8444444444444444 0.0987012987012987 0.26031746031746034
1 0.8987012987012987 0.9587301587301588 0.11818181818181818 0.08095238095238096
1 0.5012987012987012 0.37936507936507935 0.03506493506493506 0.0761904761904762
1 0.4922077922077922 0.33015873015873015 0.03506493506493506 0.07777777777777778
1 0.487012987012987 0.26666666666666666 0.02727272727272727 0.050793650793650794
1 0.5233766233766234 0.24761904761904763 0.025974025974025976 0.04285714285714286
1 0.5558441558441558 0.25555555555555554 0.02857142857142857 0.05396825396825397
1 0.5766233766233766 0.2968253968253968 0.03766233766233766 0.06031746031746032
1 0.5662337662337662 0.3396825396825397 0.048051948051948054 0.09365079365079365
1 0.5298701298701298 0.29365079365079366 0.02857142857142857 0.06190476190476191
1 0.5051948051948052 0.2111111111111111 0.01818181818181818 0.0380952380952381
1 0.5 0.18253968253968253 0.01948051948051948 0.031746031746031744
1 0.4844155844155844 0.1619047619047619 0.014285714285714285 0.025396825396825397
1 0.5194805194805194 0.1761904761904762 0.015584415584415584 0.02857142857142857
1 0.5064935064935064 0.1365079365079365 0.014285714285714285 0.020634920634920634
1 0.5025974025974026 0.10476190476190476 0.01038961038961039 0.01746031746031746