2 0.6883116883116883 0.7682539682539683 0.08831168831168831 0.13968253968253969
2 0.7662337662337663 0.7492063492063492 0.05194805194805195 0.12698412698412698
2 0.6233766233766234 0.42857142857142855 0.032467532467532464 0.09365079365079365
2 0.5961038961038961 0.36984126984126986 0.033766233766233764 0.06507936507936508
2 0.6103896103896104 0.3333333333333333 0.02727272727272727 0.06666666666666667
2 0.5207792207792208 0.2857142857142857 0.02727272727272727 0.06666666666666667
2 0.4714285714285714 0.17936507936507937 0.014285714285714285 0.026984126984126985
2 0.4662337662337662 0.15714285714285714 0.014285714285714285 0.03492063492063492
2 0.4688311688311688 0.13015873015873017 0.015584415584415584 0.0380952380952381
2 0.4714285714285714 0.14126984126984127 0.014285714285714285 0.01746031746031746
2 0.4948051948051948 0.1253968253968254 0.006493506493506494 0.022222222222222223
1 0.487012987012987 0.10952380952380952 0.016883116883116882 0.026984126984126985
2 0.5038961038961038 0.1253968253968254 0.01038961038961039 0.022222222222222223
2 0.5038961038961038 0.10793650793650794 0.00909090909090909 0.022222222222222223
1 0.5064935064935064 0.08571428571428572 0.015584415584415584 0.01904761904761905
1 0.5467532467532468 0.2253968253968254 0.03766233766233766 0.046031746031746035
1 0.5597402597402598 0.2714285714285714 0.04415584415584416 0.05238095238095238
0 0.5012987012987012 0.17936507936507937 0.03506493506493506 0.08253968253968254