1 0.5376623376623376 0.6253968253968254 0.06883116883116883 0.1523809523809524
1 0.6272727272727273 0.6158730158730159 0.07142857142857142 0.18253968253968253
1 0.512987012987013 0.4587301587301587 0.048051948051948054 0.10158730158730159
1 0.4948051948051948 0.32857142857142857 0.032467532467532464 0.06666666666666667
1 0.5467532467532468 0.36507936507936506 0.02857142857142857 0.0761904761904762
1 0.4792207792207792 0.2698412698412698 0.023376623376623377 0.050793650793650794
1 0.5246753246753246 0.28253968253968254 0.02727272727272727 0.049206349206349205
1 0.5597402597402598 0.2777777777777778 0.02207792207792208 0.04126984126984127
1 0.5116883116883116 0.2523809523809524 0.01818181818181818 0.03650793650793651
1 0.4753246753246753 0.20634920634920634 0.02077922077922078 0.03333333333333333
2 0.4805194805194805 0.23333333333333334 0.011688311688311689 0.023809523809523808
2 0.4935064935064935 0.2253968253968254 0.01038961038961039 0.03650793650793651
1 0.5012987012987012 0.2015873015873016 0.016883116883116882 0.03333333333333333
1 0.4623376623376623 0.18253968253968253 0.015584415584415584 0.025396825396825397
3 0.461038961038961 0.14126984126984127 0.014285714285714285 0.03968253968253968
1 0.4922077922077922 0.17777777777777778 0.015584415584415584 0.025396825396825397
1 0.4883116883116883 0.16031746031746033 0.012987012987012988 0.014285714285714285
1 0.487012987012987 0.1492063492063492 0.012987012987012988 0.015873015873015872
2 0.4727272727272727 0.1523809523809524 0.005194805194805195 0.01904761904761905
1 0.4805194805194805 0.14126984126984127 0.007792207792207792 0.015873015873015872
2 0.474025974025974 0.23333333333333334 0.00909090909090909 0.025396825396825397
2 0.5077922077922078 0.22380952380952382 0.007792207792207792 0.022222222222222223
2 0.538961038961039 0.25555555555555554 0.011688311688311689 0.04126984126984127
2 0.587012987012987 0.2873015873015873 0.00909090909090909 0.0380952380952381
2 0.5818181818181818 0.26825396825396824 0.011688311688311689 0.031746031746031744
2 0.5636363636363636 0.33650793650793653 0.01038961038961039 0.044444444444444446
2 0.574025974025974 0.319047619047619 0.01038961038961039 0.0380952380952381
2 0.587012987012987 0.319047619047619 0.01038961038961039 0.047619047619047616
2 0.5987012987012987 0.3047619047619048 0.011688311688311689 0.044444444444444446
2 0.577922077922078 0.3523809523809524 0.00909090909090909 0.05396825396825397
2 0.5896103896103896 0.38095238095238093 0.01038961038961039 0.06031746031746032
2 0.6 0.35714285714285715 0.007792207792207792 0.05714285714285714
2 0.6064935064935065 0.326984126984127 0.00909090909090909 0.03968253968253968
2 0.5727272727272728 0.4174603174603175 0.012987012987012988 0.0761904761904762
2 0.5688311688311688 0.5507936507936508 0.01818181818181818 0.09206349206349207
2 0.5701298701298702 0.5063492063492063 0.015584415584415584 0.06666666666666667
0 0.712987012987013 0.9047619047619048 0.09220779220779221 0.18888888888888888
2 0.8909090909090909 0.9317460317460318 0.03116883116883117 0.1365079365079365
2 0.7662337662337663 0.8587301587301587 0.032467532467532464 0.14285714285714285
2 0.7987012987012987 0.7492063492063492 0.02987012987012987 0.13015873015873017
2 0.7467532467532467 0.7253968253968254 0.02857142857142857 0.1111111111111111
2 0.7025974025974026 0.6952380952380952 0.02207792207792208 0.11746031746031746
2 0.7324675324675325 0.6333333333333333 0.02987012987012987 0.11904761904761904
2 0.6896103896103896 0.573015873015873 0.024675324675324677 0.10476190476190476
2 0.6025974025974026 0.49523809523809526 0.01818181818181818 0.06507936507936508
2 0.6272727272727273 0.49682539682539684 0.014285714285714285 0.06984126984126984
2 0.6493506493506493 0.546031746031746 0.01038961038961039 0.06666666666666667
2 0.6584415584415585 0.5 0.016883116883116882 0.07936507936507936
2 0.6857142857142857 0.49047619047619045 0.015584415584415584 0.08253968253968254
2 0.6662337662337663 0.45396825396825397 0.012987012987012988 0.0761904761904762
2 0.6376623376623377 0.4603174603174603 0.015584415584415584 0.07777777777777778
2 0.6051948051948052 0.4523809523809524 0.01948051948051948 0.07301587301587302
2 0.6493506493506493 0.4238095238095238 0.015584415584415584 0.06984126984126984
2 0.6376623376623377 0.3952380952380952 0.015584415584415584 0.05555555555555555
2 0.6207792207792208 0.4111111111111111 0.011688311688311689 0.06666666666666667
2 0.6038961038961039 0.4111111111111111 0.014285714285714285 0.04126984126984127
2 0.6103896103896104 0.37936507936507935 0.01038961038961039 0.05555555555555555
2 0.6246753246753247 0.3492063492063492 0.012987012987012988 0.047619047619047616
2 0.5415584415584416 0.22063492063492063 0.007792207792207792 0.03650793650793651
2 0.5506493506493506 0.2492063492063492 0.01038961038961039 0.01904761904761905
2 0.5662337662337662 0.2507936507936508 0.007792207792207792 0.031746031746031744
1 0.5051948051948052 0.15714285714285714 0.01038961038961039 0.020634920634920634
2 0.4766233766233766 0.18253968253968253 0.007792207792207792 0.01746031746031746
2 0.474025974025974 0.1634920634920635 0.005194805194805195 0.01904761904761905
2 0.525974025974026 0.25396825396825395 0.01038961038961039 0.014285714285714285
2 0.525974025974026 0.23174603174603176 0.006493506493506494 0.03492063492063492
2 0.5168831168831168 0.1984126984126984 0.006493506493506494 0.025396825396825397
2 0.5155844155844156 0.2222222222222222 0.006493506493506494 0.026984126984126985
2 0.525974025974026 0.21746031746031746 0.005194805194805195 0.01904761904761905
2 0.5246753246753246 0.20793650793650795 0.006493506493506494 0.020634920634920634
2 0.5298701298701298 0.1984126984126984 0.006493506493506494 0.03015873015873016
2 0.538961038961039 0.20634920634920634 0.005194805194805195 0.023809523809523808
2 0.538961038961039 0.19365079365079366 0.005194805194805195 0.020634920634920634
2 0.5467532467532468 0.2111111111111111 0.005194805194805195 0.03333333333333333
2 0.5584415584415584 0.23333333333333334 0.011688311688311689 0.03492063492063492
1 0.4857142857142857 0.09206349206349207 0.006493506493506494 0.014285714285714285
1 0.4948051948051948 0.09682539682539683 0.006493506493506494 0.01746031746031746
1 0.5012987012987012 0.10634920634920635 0.007792207792207792 0.01904761904761905
3 0.4818181818181818 0.11587301587301588 0.007792207792207792 0.020634920634920634
2 0.5 0.1492063492063492 0.005194805194805195 0.01904761904761905
2 0.4896103896103896 0.13333333333333333 0.005194805194805195 0.01746031746031746
2 0.4922077922077922 0.1365079365079365 0.005194805194805195 0.014285714285714285
1 0.5 0.1349206349206349 0.00909090909090909 0.015873015873015872
1 0.4974025974025974 0.12063492063492064 0.006493506493506494 0.009523809523809525
1 0.461038961038961 0.11428571428571428 0.007792207792207792 0.011111111111111112
3 0.4714285714285714 0.09841269841269841 0.00909090909090909 0.01904761904761905
3 0.4688311688311688 0.10634920634920635 0.007792207792207792 0.012698412698412698
1 0.4909090909090909 0.08888888888888889 0.003896103896103896 0.015873015873015872
3 0.4961038961038961 0.08095238095238096 0.007792207792207792 0.012698412698412698
1 0.5038961038961038 0.09206349206349207 0.005194805194805195 0.011111111111111112
1 0.5064935064935064 0.08571428571428572 0.006493506493506494 0.009523809523809525
2 0.5181818181818182 0.15873015873015872 0.005194805194805195 0.03333333333333333