1 0.8376623376623377 0.9476190476190476 0.11688311688311688 0.10476190476190476
1 0.7272727272727273 0.9365079365079365 0.10779220779220779 0.1253968253968254
1 0.6779220779220779 0.8158730158730159 0.1025974025974026 0.22063492063492063
1 0.5714285714285714 0.8952380952380953 0.11168831168831168 0.20952380952380953
1 0.6051948051948052 0.6238095238095238 0.07922077922077922 0.1746031746031746
1 0.6857142857142857 0.5587301587301587 0.06883116883116883 0.16984126984126985
1 0.5844155844155844 0.5031746031746032 0.06233766233766234 0.11904761904761904
1 0.5168831168831168 0.2873015873015873 0.02727272727272727 0.06190476190476191
1 0.4987012987012987 0.25555555555555554 0.02987012987012987 0.06349206349206349
1 0.44675324675324674 0.16666666666666666 0.01948051948051948 0.03968253968253968
1 0.45194805194805193 0.12063492063492064 0.012987012987012988 0.031746031746031744
1 0.4883116883116883 0.12698412698412698 0.016883116883116882 0.03650793650793651
1 0.43116883116883115 0.1 0.011688311688311689 0.022222222222222223
1 0.4636363636363636 0.0761904761904762 0.01038961038961039 0.01746031746031746
0 0.5714285714285714 0.37777777777777777 0.11168831168831168 0.22380952380952382
3 0.4961038961038961 0.4507936507936508 0.06623376623376623 0.14126984126984127
3 0.5155844155844156 0.6396825396825396 0.08441558441558442 0.2396825396825397
2 0.9194805194805195 0.9507936507936507 0.03636363636363636 0.09841269841269841
2 0.7610389610389611 0.8539682539682539 0.03636363636363636 0.10158730158730159
2 0.8038961038961039 0.819047619047619 0.06623376623376623 0.12380952380952381
2 0.7272727272727273 0.8031746031746032 0.03766233766233766 0.11746031746031746
2 0.7545454545454545 0.7285714285714285 0.04025974025974026 0.05555555555555555
2 0.7051948051948052 0.7174603174603175 0.03506493506493506 0.09206349206349207
2 0.7272727272727273 0.6523809523809524 0.03636363636363636 0.07777777777777778
2 0.6662337662337663 0.6619047619047619 0.02077922077922078 0.11746031746031746
2 0.6350649350649351 0.48253968253968255 0.03506493506493506 0.09841269841269841
2 0.6532467532467533 0.44761904761904764 0.03116883116883117 0.06349206349206349
2 0.538961038961039 0.5063492063492063 0.04155844155844156 0.08571428571428572
2 0.5636363636363636 0.7714285714285715 0.046753246753246755 0.06984126984126984
2 0.4675324675324675 0.2841269841269841 0.02207792207792208 0.06031746031746032
2 0.44675324675324674 0.21428571428571427 0.02077922077922078 0.05396825396825397
2 0.5168831168831168 0.20952380952380953 0.02857142857142857 0.047619047619047616
2 0.4805194805194805 0.16507936507936508 0.01818181818181818 0.03492063492063492
2 0.4688311688311688 0.15079365079365079 0.00909090909090909 0.03015873015873016
2 0.4779220779220779 0.13174603174603175 0.00909090909090909 0.025396825396825397
2 0.4714285714285714 0.13015873015873017 0.00909090909090909 0.026984126984126985
2 0.4688311688311688 0.10317460317460317 0.00909090909090909 0.026984126984126985
2 0.4623376623376623 0.1 0.003896103896103896 0.01746031746031746
0 0.45324675324675323 0.09206349206349207 0.015584415584415584 0.044444444444444446