2 0.5441558441558442 0.9365079365079365 0.04155844155844156 0.1253968253968254
2 0.5961038961038961 0.9126984126984127 0.04025974025974026 0.14126984126984127
2 0.5467532467532468 0.8206349206349206 0.03896103896103896 0.12063492063492064
2 0.6532467532467533 0.8666666666666667 0.033766233766233764 0.14761904761904762
2 0.7038961038961039 0.8444444444444444 0.032467532467532464 0.1253968253968254
2 0.6246753246753247 0.6888888888888889 0.03766233766233766 0.12222222222222222
2 0.6051948051948052 0.6031746031746031 0.03636363636363636 0.10793650793650794
2 0.6402597402597403 0.5968253968253968 0.03116883116883117 0.09682539682539683
2 0.8103896103896104 0.7587301587301587 0.03766233766233766 0.13968253968253969
2 0.8714285714285714 0.9301587301587302 0.033766233766233764 0.13968253968253969
1 0.7246753246753247 0.692063492063492 0.10519480519480519 0.2571428571428571
2 0.7467532467532467 0.6079365079365079 0.025974025974025976 0.0761904761904762
2 0.7259740259740259 0.5603174603174603 0.03116883116883117 0.0746031746031746
2 0.6688311688311688 0.5285714285714286 0.024675324675324677 0.07936507936507936
2 0.6909090909090909 0.5650793650793651 0.012987012987012988 0.020634920634920634
2 0.6805194805194805 0.5095238095238095 0.02077922077922078 0.08095238095238096
2 0.6441558441558441 0.45714285714285713 0.023376623376623377 0.06507936507936508
2 0.6688311688311688 0.4603174603174603 0.01818181818181818 0.049206349206349205
2 0.6337662337662338 0.4714285714285714 0.02207792207792208 0.06507936507936508
2 0.6480519480519481 0.4253968253968254 0.014285714285714285 0.05396825396825397
1 0.5753246753246753 0.4523809523809524 0.045454545454545456 0.09047619047619047
2 0.6090909090909091 0.43174603174603177 0.012987012987012988 0.06349206349206349
2 0.6194805194805195 0.40476190476190477 0.01038961038961039 0.05873015873015873
1 0.5233766233766234 0.46984126984126984 0.05584415584415584 0.1253968253968254
2 0.5571428571428572 0.3873015873015873 0.01948051948051948 0.05238095238095238
2 0.587012987012987 0.37777777777777777 0.012987012987012988 0.06507936507936508
2 0.6090909090909091 0.3682539682539683 0.015584415584415584 0.05396825396825397
2 0.6350649350649351 0.3746031746031746 0.015584415584415584 0.06190476190476191
2 0.6181818181818182 0.3523809523809524 0.016883116883116882 0.05238095238095238
1 0.522077922077922 0.3761904761904762 0.04155844155844156 0.06825396825396825
2 0.538961038961039 0.35555555555555557 0.01038961038961039 0.050793650793650794
2 0.4896103896103896 0.4015873015873016 0.016883116883116882 0.046031746031746035
2 0.5636363636363636 0.35555555555555557 0.016883116883116882 0.03968253968253968
2 0.5766233766233766 0.3349206349206349 0.01038961038961039 0.046031746031746035
2 0.522077922077922 0.29365079365079366 0.01818181818181818 0.05238095238095238
2 0.5337662337662338 0.29523809523809524 0.011688311688311689 0.03492063492063492
2 0.4922077922077922 0.35714285714285715 0.02727272727272727 0.050793650793650794
1 0.4753246753246753 0.24126984126984127 0.02857142857142857 0.04126984126984127
1 0.4636363636363636 0.19523809523809524 0.02857142857142857 0.046031746031746035
2 0.4727272727272727 0.21428571428571427 0.006493506493506494 0.015873015873015872
2 0.4766233766233766 0.19365079365079366 0.01038961038961039 0.03333333333333333
2 0.5909090909090909 0.2984126984126984 0.01038961038961039 0.046031746031746035
2 0.5818181818181818 0.2857142857142857 0.014285714285714285 0.044444444444444446
1 0.5623376623376624 0.3047619047619048 0.04155844155844156 0.07936507936507936
2 0.5727272727272728 0.2619047619047619 0.01038961038961039 0.03015873015873016
2 0.5584415584415584 0.22380952380952382 0.00909090909090909 0.03492063492063492
2 0.522077922077922 0.21746031746031746 0.01038961038961039 0.031746031746031744
1 0.5402597402597402 0.23492063492063492 0.024675324675324677 0.05714285714285714
2 0.535064935064935 0.19682539682539682 0.011688311688311689 0.03015873015873016
2 0.5233766233766234 0.1761904761904762 0.016883116883116882 0.031746031746031744
2 0.512987012987013 0.16666666666666666 0.00909090909090909 0.026984126984126985
3 0.4896103896103896 0.13333333333333333 0.01818181818181818 0.050793650793650794
3 0.4662337662337662 0.13015873015873017 0.024675324675324677 0.05714285714285714
2 0.4818181818181818 0.10317460317460317 0.006493506493506494 0.014285714285714285
1 0.5415584415584416 0.6444444444444445 0.07792207792207792 0.1746031746031746
1 0.4974025974025974 0.3253968253968254 0.033766233766233764 0.06984126984126984
1 0.5207792207792208 0.2634920634920635 0.02987012987012987 0.05238095238095238
1 0.4857142857142857 0.26666666666666666 0.03116883116883117 0.05238095238095238
1 0.5 0.2222222222222222 0.02207792207792208 0.03968253968253968
1 0.4948051948051948 0.2 0.01818181818181818 0.023809523809523808
1 0.4909090909090909 0.17936507936507937 0.01948051948051948 0.026984126984126985
1 0.4909090909090909 0.15714285714285714 0.01948051948051948 0.026984126984126985
1 0.5 0.1253968253968254 0.01038961038961039 0.022222222222222223