2 0.6376623376623377 0.9603174603174603 0.05974025974025974 0.07936507936507936
2 0.9038961038961039 0.9031746031746032 0.08701298701298701 0.18412698412698414
2 0.6025974025974026 0.7857142857142857 0.04155844155844156 0.13333333333333333
2 0.564935064935065 0.7111111111111111 0.04155844155844156 0.1349206349206349
2 0.5584415584415584 0.6063492063492063 0.046753246753246755 0.1111111111111111
2 0.6155844155844156 0.6206349206349207 0.03506493506493506 0.10634920634920635
2 0.7922077922077922 0.6904761904761905 0.04155844155844156 0.1126984126984127
2 0.7766233766233767 0.7333333333333333 0.04935064935064935 0.1365079365079365
2 0.7064935064935065 0.6063492063492063 0.03896103896103896 0.1126984126984127
2 0.6896103896103896 0.526984126984127 0.02987012987012987 0.07777777777777778
2 0.7389610389610389 0.5968253968253968 0.02857142857142857 0.11587301587301588
2 0.6753246753246753 0.473015873015873 0.01948051948051948 0.07777777777777778
2 0.6493506493506493 0.48095238095238096 0.024675324675324677 0.0746031746031746
2 0.6441558441558441 0.42857142857142855 0.02857142857142857 0.050793650793650794
2 0.6181818181818182 0.43333333333333335 0.02207792207792208 0.06349206349206349
2 0.587012987012987 0.39206349206349206 0.024675324675324677 0.07301587301587302
2 0.561038961038961 0.39206349206349206 0.02987012987012987 0.05873015873015873
2 0.548051948051948 0.48095238095238096 0.02727272727272727 0.09523809523809523
2 0.5 0.4936507936507937 0.03116883116883117 0.09206349206349207
2 0.5311688311688312 0.3396825396825397 0.023376623376623377 0.06031746031746032
2 0.5012987012987012 0.3126984126984127 0.01818181818181818 0.046031746031746035
2 0.5974025974025974 0.319047619047619 0.012987012987012988 0.04285714285714286
2 0.574025974025974 0.28888888888888886 0.01818181818181818 0.03492063492063492
2 0.5922077922077922 0.27936507936507937 0.01948051948051948 0.031746031746031744
2 0.5207792207792208 0.27936507936507937 0.02987012987012987 0.046031746031746035
2 0.4948051948051948 0.2634920634920635 0.012987012987012988 0.047619047619047616
2 0.561038961038961 0.24444444444444444 0.02077922077922078 0.047619047619047616
2 0.5298701298701298 0.2492063492063492 0.015584415584415584 0.04126984126984127
2 0.5233766233766234 0.20476190476190476 0.023376623376623377 0.020634920634920634
2 0.4935064935064935 0.22063492063492063 0.015584415584415584 0.02857142857142857
2 0.512987012987013 0.22380952380952382 0.015584415584415584 0.03968253968253968
2 0.5103896103896104 0.15714285714285714 0.006493506493506494 0.025396825396825397
2 0.5012987012987012 0.15873015873015872 0.005194805194805195 0.023809523809523808
2 0.4922077922077922 0.1349206349206349 0.003896103896103896 0.015873015873015872
2 0.5025974025974026 0.13333333333333333 0.006493506493506494 0.025396825396825397
2 0.4805194805194805 0.10793650793650794 0.006493506493506494 0.01746031746031746
2 0.4753246753246753 0.11746031746031746 0.007792207792207792 0.01746031746031746
2 0.4701298701298701 0.11746031746031746 0.006493506493506494 0.01904761904761905
2 0.5064935064935064 0.1 0.005194805194805195 0.011111111111111112
2 0.4948051948051948 0.09682539682539683 0.003896103896103896 0.014285714285714285
2 0.5012987012987012 0.10317460317460317 0.005194805194805195 0.012698412698412698
2 0.5012987012987012 0.09523809523809523 0.005194805194805195 0.012698412698412698
2 0.5051948051948052 0.12063492063492064 0.01038961038961039 0.015873015873015872
2 0.4922077922077922 0.10634920634920635 0.006493506493506494 0.007936507936507936
1 0.512987012987013 0.08888888888888889 0.012987012987012988 0.014285714285714285
1 0.4909090909090909 0.11587301587301588 0.012987012987012988 0.01746031746031746
1 0.4857142857142857 0.14285714285714285 0.015584415584415584 0.03015873015873016
2 0.4896103896103896 0.1523809523809524 0.007792207792207792 0.011111111111111112
1 0.4701298701298701 0.16507936507936508 0.016883116883116882 0.02857142857142857
1 0.4935064935064935 0.1746031746031746 0.02207792207792208 0.03968253968253968
1 0.4805194805194805 0.19365079365079366 0.02207792207792208 0.03333333333333333
2 0.5051948051948052 0.24126984126984127 0.011688311688311689 0.04126984126984127
1 0.5584415584415584 0.319047619047619 0.032467532467532464 0.06825396825396825
1 0.6207792207792208 0.35714285714285715 0.045454545454545456 0.09523809523809523
2 0.6207792207792208 0.4015873015873016 0.01818181818181818 0.05714285714285714
2 0.6506493506493507 0.43492063492063493 0.02207792207792208 0.06190476190476191
1 0.509090909090909 0.4174603174603175 0.053246753246753244 0.10952380952380952
1 0.6155844155844156 0.5095238095238095 0.05974025974025974 0.1253968253968254
1 0.7064935064935065 0.7793650793650794 0.11818181818181818 0.2634920634920635