2 0.6974025974025974 0.9873015873015873 0.025974025974025976 0.025396825396825397
2 0.6857142857142857 0.9349206349206349 0.03636363636363636 0.10158730158730159
2 0.6597402597402597 0.8873015873015873 0.03896103896103896 0.13174603174603175
2 0.6506493506493507 0.8031746031746032 0.04935064935064935 0.1111111111111111
2 0.7857142857142857 0.8380952380952381 0.03506493506493506 0.13968253968253969
2 0.8051948051948052 0.7904761904761904 0.025974025974025976 0.10317460317460317
2 0.8 0.7396825396825397 0.03506493506493506 0.08888888888888889
2 0.8532467532467533 0.7841269841269841 0.03766233766233766 0.10634920634920635
2 0.8558441558441559 0.9095238095238095 0.08831168831168831 0.17936507936507937
2 0.9038961038961039 0.8809523809523809 0.04155844155844156 0.13174603174603175
2 0.9246753246753247 0.9698412698412698 0.025974025974025976 0.06031746031746032
2 0.9558441558441558 0.9571428571428572 0.04025974025974026 0.08571428571428572
2 0.5 0.5936507936507937 0.02857142857142857 0.09682539682539683
2 0.538961038961039 0.5619047619047619 0.024675324675324677 0.046031746031746035
2 0.7532467532467533 0.7317460317460317 0.03116883116883117 0.09682539682539683
2 0.7740259740259741 0.6984126984126984 0.025974025974025976 0.11587301587301588
2 0.8181818181818182 0.7253968253968254 0.03636363636363636 0.1365079365079365
2 0.7883116883116883 0.6619047619047619 0.025974025974025976 0.08888888888888889
2 0.7350649350649351 0.6682539682539682 0.025974025974025976 0.09047619047619047
2 0.7090909090909091 0.6412698412698413 0.01948051948051948 0.10158730158730159
2 0.7610389610389611 0.6253968253968254 0.02207792207792208 0.09206349206349207
2 0.7376623376623377 0.573015873015873 0.025974025974025976 0.09682539682539683
2 0.7142857142857143 0.5206349206349207 0.025974025974025976 0.08412698412698413
2 0.6961038961038961 0.4714285714285714 0.02077922077922078 0.06984126984126984
2 0.6857142857142857 0.48095238095238096 0.02077922077922078 0.06190476190476191
2 0.674025974025974 0.4888888888888889 0.02077922077922078 0.05238095238095238
2 0.6753246753246753 0.43333333333333335 0.01818181818181818 0.04126984126984127
2 0.6519480519480519 0.4444444444444444 0.01948051948051948 0.044444444444444446
2 0.6623376623376623 0.42698412698412697 0.014285714285714285 0.05714285714285714
2 0.6428571428571429 0.4126984126984127 0.015584415584415584 0.04126984126984127
2 0.6571428571428571 0.3968253968253968 0.014285714285714285 0.049206349206349205
2 0.6298701298701299 0.3873015873015873 0.01818181818181818 0.05714285714285714
2 0.6376623376623377 0.3619047619047619 0.01818181818181818 0.03968253968253968
2 0.4818181818181818 0.3492063492063492 0.014285714285714285 0.05238095238095238
2 0.474025974025974 0.33650793650793653 0.015584415584415584 0.05714285714285714
2 0.487012987012987 0.3253968253968254 0.014285714285714285 0.047619047619047616
2 0.4987012987012987 0.31587301587301586 0.012987012987012988 0.023809523809523808
2 0.5207792207792208 0.31746031746031744 0.011688311688311689 0.044444444444444446
2 0.5168831168831168 0.2968253968253968 0.014285714285714285 0.03968253968253968
2 0.5181818181818182 0.2714285714285714 0.012987012987012988 0.03492063492063492
2 0.5116883116883116 0.2619047619047619 0.00909090909090909 0.03015873015873016
2 0.525974025974026 0.24126984126984127 0.00909090909090909 0.023809523809523808
1 0.461038961038961 0.24761904761904763 0.00909090909090909 0.03015873015873016
2 0.461038961038961 0.24761904761904763 0.00909090909090909 0.031746031746031744
2 0.45584415584415583 0.24761904761904763 0.011688311688311689 0.02857142857142857
2 0.4623376623376623 0.23174603174603176 0.00909090909090909 0.025396825396825397
2 0.4948051948051948 0.2619047619047619 0.007792207792207792 0.026984126984126985
2 0.5038961038961038 0.25873015873015875 0.00909090909090909 0.03015873015873016
2 0.5 0.24285714285714285 0.011688311688311689 0.025396825396825397
2 0.4935064935064935 0.22857142857142856 0.01038961038961039 0.020634920634920634
2 0.4909090909090909 0.18253968253968253 0.007792207792207792 0.022222222222222223
2 0.4948051948051948 0.2126984126984127 0.007792207792207792 0.022222222222222223
2 0.45584415584415583 0.20317460317460317 0.00909090909090909 0.0380952380952381
2 0.45454545454545453 0.22857142857142856 0.00909090909090909 0.022222222222222223
2 0.5142857142857142 0.22063492063492063 0.00909090909090909 0.031746031746031744
2 0.5038961038961038 0.22063492063492063 0.011688311688311689 0.026984126984126985
2 0.6025974025974026 0.3523809523809524 0.012987012987012988 0.05873015873015873
2 0.6207792207792208 0.34285714285714286 0.014285714285714285 0.05714285714285714
2 0.6103896103896104 0.3253968253968254 0.01038961038961039 0.05238095238095238
2 0.6012987012987013 0.3142857142857143 0.01038961038961039 0.02857142857142857
2 0.5948051948051948 0.2968253968253968 0.007792207792207792 0.026984126984126985
2 0.5922077922077922 0.26666666666666666 0.016883116883116882 0.046031746031746035
2 0.5415584415584416 0.25555555555555554 0.007792207792207792 0.01904761904761905
2 0.551948051948052 0.22857142857142856 0.007792207792207792 0.02857142857142857
2 0.5571428571428572 0.23492063492063492 0.006493506493506494 0.025396825396825397
2 0.5701298701298702 0.2507936507936508 0.014285714285714285 0.022222222222222223
2 0.5753246753246753 0.24444444444444444 0.01038961038961039 0.022222222222222223
2 0.5584415584415584 0.21904761904761905 0.01038961038961039 0.025396825396825397
2 0.5506493506493506 0.2126984126984127 0.007792207792207792 0.020634920634920634
2 0.4584415584415584 0.16507936507936508 0.006493506493506494 0.01746031746031746
2 0.4792207792207792 0.15714285714285714 0.01038961038961039 0.031746031746031744
2 0.4727272727272727 0.13015873015873017 0.01038961038961039 0.020634920634920634
2 0.4857142857142857 0.12222222222222222 0.00909090909090909 0.025396825396825397
2 0.4896103896103896 0.14444444444444443 0.006493506493506494 0.01746031746031746
2 0.4961038961038961 0.14126984126984127 0.005194805194805195 0.020634920634920634
2 0.4987012987012987 0.1523809523809524 0.006493506493506494 0.025396825396825397
2 0.4948051948051948 0.11587301587301588 0.006493506493506494 0.026984126984126985
2 0.5038961038961038 0.10158730158730159 0.006493506493506494 0.015873015873015872
2 0.5103896103896104 0.1111111111111111 0.006493506493506494 0.01904761904761905
2 0.5012987012987012 0.1111111111111111 0.007792207792207792 0.012698412698412698
2 0.5142857142857142 0.1 0.005194805194805195 0.014285714285714285
2 0.5077922077922078 0.13333333333333333 0.006493506493506494 0.01904761904761905
2 0.5181818181818182 0.14444444444444443 0.00909090909090909 0.01746031746031746
2 0.509090909090909 0.14761904761904762 0.01038961038961039 0.009523809523809525
2 0.5116883116883116 0.1634920634920635 0.01038961038961039 0.022222222222222223
2 0.525974025974026 0.173015873015873 0.007792207792207792 0.022222222222222223
2 0.5181818181818182 0.19365079365079366 0.006493506493506494 0.020634920634920634
2 0.5311688311688312 0.2 0.012987012987012988 0.03015873015873016
2 0.5324675324675324 0.17777777777777778 0.005194805194805195 0.01746031746031746
2 0.5402597402597402 0.18412698412698414 0.011688311688311689 0.026984126984126985
2 0.535064935064935 0.2761904761904762 0.011688311688311689 0.01746031746031746
1 0.5805194805194805 0.8650793650793651 0.1025974025974026 0.2698412698412698
1 0.7909090909090909 0.953968253968254 0.1038961038961039 0.06984126984126984
1 0.7298701298701299 0.8095238095238095 0.11688311688311688 0.24285714285714285
1 0.5402597402597402 0.6619047619047619 0.08441558441558442 0.19206349206349208
3 0.6324675324675325 0.5523809523809524 0.14545454545454545 0.34444444444444444
1 0.7090909090909091 0.5666666666666667 0.053246753246753244 0.11428571428571428
1 0.5181818181818182 0.5126984126984127 0.06623376623376623 0.11746031746031746
1 0.5168831168831168 0.4158730158730159 0.05714285714285714 0.08095238095238096
1 0.5077922077922078 0.346031746031746 0.04025974025974026 0.06349206349206349
1 0.538961038961039 0.3476190476190476 0.04285714285714286 0.06507936507936508
1 0.5805194805194805 0.36507936507936506 0.04415584415584416 0.05555555555555555
1 0.5805194805194805 0.3238095238095238 0.04025974025974026 0.03968253968253968
1 0.5402597402597402 0.3 0.033766233766233764 0.049206349206349205
1 0.5311688311688312 0.2650793650793651 0.024675324675324677 0.044444444444444446
1 0.5766233766233766 0.2857142857142857 0.03506493506493506 0.06190476190476191
1 0.5584415584415584 0.26031746031746034 0.02987012987012987 0.047619047619047616
1 0.4805194805194805 0.273015873015873 0.03116883116883117 0.050793650793650794
1 0.4987012987012987 0.29365079365079366 0.025974025974025976 0.049206349206349205
1 0.4805194805194805 0.23809523809523808 0.024675324675324677 0.026984126984126985
3 0.474025974025974 0.20317460317460317 0.02857142857142857 0.05396825396825397
1 0.4662337662337662 0.15555555555555556 0.015584415584415584 0.023809523809523808
1 0.4883116883116883 0.15714285714285714 0.014285714285714285 0.026984126984126985
0 0.5025974025974026 0.1873015873015873 0.023376623376623377 0.05714285714285714