1 0.6051948051948052 0.9142857142857143 0.06493506493506493 0.16984126984126985
1 0.5467532467532468 0.7444444444444445 0.05584415584415584 0.20793650793650795
1 0.5272727272727272 0.5920634920634921 0.04025974025974026 0.10793650793650794
1 0.6116883116883117 0.5523809523809524 0.04415584415584416 0.11904761904761904
1 0.6701298701298701 0.6984126984126984 0.06103896103896104 0.16507936507936508
1 0.5155844155844156 0.49682539682539684 0.03116883116883117 0.06349206349206349
1 0.5077922077922078 0.4238095238095238 0.02857142857142857 0.06666666666666667
1 0.5103896103896104 0.36984126984126986 0.02207792207792208 0.049206349206349205
1 0.5467532467532468 0.35555555555555557 0.023376623376623377 0.050793650793650794
1 0.577922077922078 0.31587301587301586 0.01948051948051948 0.044444444444444446
1 0.5272727272727272 0.30317460317460315 0.02077922077922078 0.049206349206349205
1 0.5597402597402598 0.28253968253968254 0.02077922077922078 0.046031746031746035
1 0.5506493506493506 0.24761904761904763 0.012987012987012988 0.026984126984126985
1 0.535064935064935 0.23015873015873015 0.016883116883116882 0.03015873015873016
1 0.5285714285714286 0.2111111111111111 0.016883116883116882 0.020634920634920634
1 0.4727272727272727 0.23333333333333334 0.01818181818181818 0.031746031746031744
1 0.4688311688311688 0.2126984126984127 0.015584415584415584 0.01904761904761905
1 0.4636363636363636 0.19365079365079366 0.011688311688311689 0.026984126984126985
1 0.4636363636363636 0.17777777777777778 0.00909090909090909 0.020634920634920634
1 0.4818181818181818 0.16825396825396827 0.01038961038961039 0.01904761904761905
1 0.4896103896103896 0.15555555555555556 0.011688311688311689 0.01746031746031746
1 0.561038961038961 0.4111111111111111 0.023376623376623377 0.06507936507936508
1 0.6311688311688312 0.41904761904761906 0.02727272727272727 0.06666666666666667
1 0.5909090909090909 0.35873015873015873 0.024675324675324677 0.05555555555555555
1 0.4766233766233766 0.26825396825396824 0.012987012987012988 0.031746031746031744
1 0.5025974025974026 0.21746031746031746 0.015584415584415584 0.020634920634920634
1 0.5038961038961038 0.23809523809523808 0.014285714285714285 0.03015873015873016
1 0.5194805194805194 0.2698412698412698 0.01818181818181818 0.022222222222222223
1 0.5116883116883116 0.25396825396825395 0.014285714285714285 0.022222222222222223
3 0.6 0.4507936507936508 0.04285714285714286 0.10634920634920635
3 0.487012987012987 0.32063492063492066 0.02727272727272727 0.06507936507936508
1 0.7935064935064935 0.9444444444444444 0.07532467532467532 0.1111111111111111
2 0.948051948051948 0.8571428571428571 0.03636363636363636 0.13968253968253969
2 0.9103896103896104 0.9126984126984127 0.03116883116883117 0.10793650793650794
2 0.9883116883116884 0.9507936507936507 0.023376623376623377 0.09841269841269841
2 0.9571428571428572 0.9698412698412698 0.033766233766233764 0.06031746031746032
2 0.912987012987013 0.973015873015873 0.02857142857142857 0.05396825396825397
2 0.8636363636363636 0.9761904761904762 0.033766233766233764 0.047619047619047616
2 0.8675324675324675 0.9015873015873016 0.02987012987012987 0.12857142857142856
2 0.8207792207792208 0.8666666666666667 0.02857142857142857 0.12222222222222222
2 0.7857142857142857 0.8492063492063492 0.03766233766233766 0.11746031746031746
2 0.7519480519480519 0.8380952380952381 0.03116883116883117 0.1126984126984127
2 0.7272727272727273 0.8587301587301587 0.03506493506493506 0.12063492063492064
2 0.7181818181818181 0.9476190476190476 0.03116883116883117 0.10317460317460317
2 0.6961038961038961 0.9777777777777777 0.032467532467532464 0.044444444444444446
2 0.6779220779220779 0.9158730158730158 0.02857142857142857 0.12380952380952381
2 0.6532467532467533 0.8301587301587302 0.032467532467532464 0.11746031746031746
2 0.6077922077922078 0.7682539682539683 0.02857142857142857 0.11428571428571428
2 0.6064935064935065 0.6904761904761905 0.023376623376623377 0.09206349206349207
2 0.5766233766233766 0.6222222222222222 0.016883116883116882 0.08412698412698413
2 0.6012987012987013 0.6349206349206349 0.02207792207792208 0.08571428571428572
2 0.5662337662337662 0.5746031746031746 0.01818181818181818 0.09365079365079365
2 0.561038961038961 0.5285714285714286 0.014285714285714285 0.06984126984126984
2 0.5623376623376624 0.4936507936507937 0.012987012987012988 0.06190476190476191
2 0.5467532467532468 0.4746031746031746 0.01948051948051948 0.06825396825396825
2 0.5467532467532468 0.43174603174603177 0.011688311688311689 0.05714285714285714
2 0.5363636363636364 0.42857142857142855 0.01038961038961039 0.06190476190476191
2 0.5298701298701298 0.4095238095238095 0.006493506493506494 0.05238095238095238
2 0.5402597402597402 0.3873015873015873 0.011688311688311689 0.05714285714285714
2 0.4948051948051948 0.4793650793650794 0.016883116883116882 0.0746031746031746
2 0.487012987012987 0.4174603174603175 0.011688311688311689 0.06507936507936508
2 0.4779220779220779 0.3888888888888889 0.012987012987012988 0.05714285714285714
2 0.8506493506493507 0.8301587301587302 0.015584415584415584 0.1111111111111111
2 0.8467532467532467 0.7698412698412699 0.02987012987012987 0.10952380952380952
2 0.8090909090909091 0.765079365079365 0.025974025974025976 0.10634920634920635
2 0.7857142857142857 0.7761904761904762 0.02987012987012987 0.08571428571428572
2 0.7441558441558441 0.7714285714285715 0.02857142857142857 0.08253968253968254
2 0.7597402597402597 0.7365079365079366 0.024675324675324677 0.09365079365079365
2 0.7220779220779221 0.707936507936508 0.024675324675324677 0.10317460317460317
2 0.8103896103896104 0.7206349206349206 0.025974025974025976 0.09047619047619047
2 0.8064935064935065 0.6507936507936508 0.03116883116883117 0.0873015873015873
2 0.7818181818181819 0.6571428571428571 0.025974025974025976 0.08888888888888889
2 0.7558441558441559 0.6730158730158731 0.024675324675324677 0.0873015873015873
2 0.7337662337662337 0.6444444444444445 0.01948051948051948 0.08095238095238096
2 0.7350649350649351 0.5825396825396826 0.01948051948051948 0.07777777777777778
2 0.7207792207792207 0.6 0.023376623376623377 0.0746031746031746
2 0.6987012987012987 0.6206349206349207 0.01948051948051948 0.07777777777777778
2 0.6727272727272727 0.5857142857142857 0.016883116883116882 0.07301587301587302
2 0.6831168831168831 0.5571428571428572 0.02077922077922078 0.07142857142857142
2 0.7051948051948052 0.5365079365079365 0.015584415584415584 0.06984126984126984
2 0.7155844155844155 0.5 0.015584415584415584 0.07301587301587302
2 0.6532467532467533 0.5492063492063493 0.01818181818181818 0.07777777777777778
2 0.6753246753246753 0.5253968253968254 0.01818181818181818 0.07301587301587302
2 0.6649350649350649 0.5015873015873016 0.014285714285714285 0.06507936507936508
2 0.6831168831168831 0.4777777777777778 0.01948051948051948 0.06825396825396825
2 0.6597402597402597 0.4746031746031746 0.01948051948051948 0.05873015873015873
2 0.6376623376623377 0.4888888888888889 0.01818181818181818 0.0746031746031746
2 0.6753246753246753 0.4380952380952381 0.014285714285714285 0.05238095238095238
2 0.6532467532467533 0.42857142857142855 0.01948051948051948 0.06825396825396825
2 0.6519480519480519 0.4015873015873016 0.01818181818181818 0.044444444444444446
2 0.6324675324675325 0.3761904761904762 0.016883116883116882 0.05238095238095238
2 0.6168831168831169 0.35873015873015873 0.015584415584415584 0.06031746031746032
2 0.5987012987012987 0.32222222222222224 0.01038961038961039 0.050793650793650794
2 0.6155844155844156 0.3253968253968254 0.00909090909090909 0.0380952380952381
2 0.6038961038961039 0.30158730158730157 0.00909090909090909 0.04285714285714286
2 0.5506493506493506 0.326984126984127 0.011688311688311689 0.03650793650793651
2 0.5441558441558442 0.2873015873015873 0.011688311688311689 0.03333333333333333
2 0.4649350649350649 0.26031746031746034 0.01038961038961039 0.046031746031746035
2 0.45324675324675323 0.23333333333333334 0.007792207792207792 0.044444444444444446
2 0.4597402597402597 0.24603174603174602 0.00909090909090909 0.046031746031746035
2 0.474025974025974 0.12857142857142856 0.007792207792207792 0.015873015873015872
2 0.4753246753246753 0.11746031746031746 0.005194805194805195 0.014285714285714285
2 0.4844155844155844 0.11428571428571428 0.005194805194805195 0.015873015873015872
2 0.4922077922077922 0.11428571428571428 0.005194805194805195 0.023809523809523808
2 0.4701298701298701 0.15079365079365079 0.005194805194805195 0.025396825396825397
2 0.4649350649350649 0.15714285714285714 0.005194805194805195 0.022222222222222223
2 0.535064935064935 0.26825396825396824 0.01038961038961039 0.02857142857142857
2 0.4792207792207792 0.12857142857142856 0.005194805194805195 0.011111111111111112
2 0.5415584415584416 0.3111111111111111 0.006493506493506494 0.02857142857142857
2 0.5038961038961038 0.2968253968253968 0.007792207792207792 0.0380952380952381
2 0.4935064935064935 0.2523809523809524 0.00909090909090909 0.04285714285714286
2 0.4844155844155844 0.24444444444444444 0.007792207792207792 0.031746031746031744
2 0.4896103896103896 0.2222222222222222 0.007792207792207792 0.02857142857142857
2 0.5883116883116883 0.273015873015873 0.00909090909090909 0.03968253968253968
2 0.574025974025974 0.273015873015873 0.00909090909090909 0.03650793650793651
2 0.4779220779220779 0.15396825396825398 0.005194805194805195 0.020634920634920634
2 0.4792207792207792 0.1365079365079365 0.006493506493506494 0.015873015873015872
2 0.4974025974025974 0.10952380952380952 0.003896103896103896 0.012698412698412698
2 0.5025974025974026 0.10634920634920635 0.003896103896103896 0.012698412698412698
2 0.4948051948051948 0.1253968253968254 0.005194805194805195 0.01904761904761905
2 0.4857142857142857 0.13174603174603175 0.005194805194805195 0.020634920634920634
2 0.4896103896103896 0.14126984126984127 0.005194805194805195 0.01746031746031746
2 0.4831168831168831 0.2126984126984127 0.005194805194805195 0.026984126984126985
2 0.5727272727272728 0.24444444444444444 0.007792207792207792 0.02857142857142857
2 0.564935064935065 0.24761904761904763 0.006493506493506494 0.026984126984126985
2 0.5298701298701298 0.24285714285714285 0.006493506493506494 0.026984126984126985
2 0.5 0.1619047619047619 0.005194805194805195 0.023809523809523808
2 0.4844155844155844 0.18253968253968253 0.007792207792207792 0.026984126984126985
2 0.4922077922077922 0.2015873015873016 0.006493506493506494 0.01904761904761905
2 0.4961038961038961 0.18571428571428572 0.005194805194805195 0.01904761904761905
2 0.4922077922077922 0.1746031746031746 0.003896103896103896 0.023809523809523808
2 0.5038961038961038 0.1380952380952381 0.005194805194805195 0.022222222222222223
2 0.5 0.14285714285714285 0.003896103896103896 0.020634920634920634
2 0.5051948051948052 0.15396825396825398 0.005194805194805195 0.01904761904761905
2 0.5077922077922078 0.2 0.006493506493506494 0.023809523809523808
2 0.5636363636363636 0.23333333333333334 0.007792207792207792 0.025396825396825397
2 0.5467532467532468 0.21428571428571427 0.006493506493506494 0.026984126984126985
2 0.5545454545454546 0.22380952380952382 0.006493506493506494 0.026984126984126985
2 0.5363636363636364 0.2015873015873016 0.005194805194805195 0.023809523809523808
2 0.5428571428571428 0.19206349206349208 0.007792207792207792 0.025396825396825397
2 0.5168831168831168 0.20634920634920634 0.005194805194805195 0.022222222222222223
2 0.5233766233766234 0.1873015873015873 0.006493506493506494 0.01746031746031746
2 0.5142857142857142 0.17936507936507937 0.003896103896103896 0.01904761904761905
2 0.509090909090909 0.1761904761904762 0.006493506493506494 0.023809523809523808
2 0.5012987012987012 0.17777777777777778 0.005194805194805195 0.022222222222222223
2 0.5077922077922078 0.10952380952380952 0.003896103896103896 0.01746031746031746
2 0.5038961038961038 0.12063492063492064 0.003896103896103896 0.015873015873015872
2 0.5168831168831168 0.15873015873015872 0.005194805194805195 0.022222222222222223