2 0.8311688311688312 0.9349206349206349 0.05714285714285714 0.13015873015873017
2 0.9207792207792208 0.9492063492063492 0.04415584415584416 0.10158730158730159
2 0.861038961038961 0.9206349206349206 0.02857142857142857 0.14285714285714285
2 0.825974025974026 0.8222222222222222 0.023376623376623377 0.10476190476190476
2 0.8025974025974026 0.8507936507936508 0.033766233766233764 0.1349206349206349
2 0.7623376623376623 0.7746031746031746 0.02987012987012987 0.09206349206349207
2 0.7532467532467533 0.7142857142857143 0.025974025974025976 0.08095238095238096
2 0.7220779220779221 0.7142857142857143 0.03896103896103896 0.10793650793650794
2 0.5064935064935064 0.7365079365079366 0.04285714285714286 0.11587301587301588
2 0.6857142857142857 0.6349206349206349 0.024675324675324677 0.08253968253968254
2 0.6688311688311688 0.5873015873015873 0.024675324675324677 0.06984126984126984
2 0.6558441558441559 0.5507936507936508 0.023376623376623377 0.08412698412698413
2 0.6584415584415585 0.5047619047619047 0.023376623376623377 0.06984126984126984
2 0.6844155844155844 0.5142857142857142 0.016883116883116882 0.046031746031746035
2 0.7025974025974026 0.49682539682539684 0.016883116883116882 0.044444444444444446
2 0.7350649350649351 0.5206349206349207 0.014285714285714285 0.0380952380952381
2 0.5753246753246753 0.5555555555555556 0.01948051948051948 0.03650793650793651
2 0.5623376623376624 0.5285714285714286 0.02077922077922078 0.06984126984126984
2 0.551948051948052 0.5031746031746032 0.01948051948051948 0.06190476190476191
2 0.5415584415584416 0.473015873015873 0.016883116883116882 0.050793650793650794
2 0.5077922077922078 0.49047619047619045 0.04155844155844156 0.06825396825396825
2 0.561038961038961 0.4507936507936508 0.01818181818181818 0.07142857142857142
2 0.5402597402597402 0.4396825396825397 0.014285714285714285 0.04126984126984127
2 0.5207792207792208 0.4380952380952381 0.012987012987012988 0.047619047619047616
2 0.5116883116883116 0.44603174603174606 0.015584415584415584 0.02857142857142857
2 0.4961038961038961 0.4380952380952381 0.01818181818181818 0.05555555555555555
2 0.4818181818181818 0.4238095238095238 0.02077922077922078 0.06984126984126984
2 0.5506493506493506 0.3904761904761905 0.016883116883116882 0.04126984126984127
2 0.5441558441558442 0.37936507936507935 0.015584415584415584 0.04126984126984127
2 0.5402597402597402 0.3492063492063492 0.00909090909090909 0.03333333333333333
2 0.5415584415584416 0.33650793650793653 0.014285714285714285 0.022222222222222223
2 0.4727272727272727 0.3380952380952381 0.015584415584415584 0.05396825396825397
2 0.5038961038961038 0.28888888888888886 0.016883116883116882 0.0380952380952381
2 0.6 0.35873015873015873 0.014285714285714285 0.0380952380952381
2 0.6038961038961039 0.32857142857142857 0.012987012987012988 0.04285714285714286
2 0.6090909090909091 0.30317460317460315 0.01038961038961039 0.026984126984126985
2 0.587012987012987 0.3253968253968254 0.012987012987012988 0.0380952380952381
2 0.5753246753246753 0.30158730158730157 0.007792207792207792 0.03015873015873016
2 0.5623376623376624 0.3 0.011688311688311689 0.03333333333333333
2 0.5545454545454546 0.2873015873015873 0.014285714285714285 0.031746031746031744
2 0.5857142857142857 0.2873015873015873 0.01038961038961039 0.031746031746031744
2 0.5688311688311688 0.26666666666666666 0.01038961038961039 0.025396825396825397
2 0.5792207792207792 0.2634920634920635 0.01038961038961039 0.023809523809523808
2 0.5571428571428572 0.22857142857142856 0.01038961038961039 0.02857142857142857
2 0.5688311688311688 0.23333333333333334 0.006493506493506494 0.02857142857142857
2 0.487012987012987 0.2253968253968254 0.012987012987012988 0.025396825396825397
2 0.45324675324675323 0.18253968253968253 0.006493506493506494 0.020634920634920634
2 0.45714285714285713 0.19047619047619047 0.007792207792207792 0.01746031746031746
2 0.4662337662337662 0.16984126984126985 0.012987012987012988 0.03650793650793651
2 0.474025974025974 0.173015873015873 0.00909090909090909 0.03015873015873016
2 0.4922077922077922 0.16666666666666666 0.006493506493506494 0.020634920634920634
2 0.4896103896103896 0.13333333333333333 0.007792207792207792 0.025396825396825397
2 0.5012987012987012 0.1349206349206349 0.005194805194805195 0.01746031746031746
2 0.4987012987012987 0.11428571428571428 0.007792207792207792 0.015873015873015872
2 0.4987012987012987 0.09841269841269841 0.003896103896103896 0.015873015873015872
2 0.5064935064935064 0.15873015873015872 0.003896103896103896 0.012698412698412698
2 0.5116883116883116 0.1492063492063492 0.006493506493506494 0.009523809523809525
2 0.474025974025974 0.2 0.007792207792207792 0.020634920634920634
2 0.5337662337662338 0.1761904761904762 0.006493506493506494 0.014285714285714285
1 0.7467532467532467 0.8873015873015873 0.1 0.2253968253968254
1 0.6662337662337663 0.7063492063492064 0.07532467532467532 0.20476190476190476
1 0.7311688311688311 0.6031746031746031 0.10519480519480519 0.18412698412698414
1 0.6194805194805195 0.573015873015873 0.05844155844155844 0.09047619047619047
1 0.6610389610389611 0.46984126984126984 0.05454545454545454 0.10317460317460317
1 0.5987012987012987 0.4873015873015873 0.05714285714285714 0.09523809523809523
1 0.5974025974025974 0.42063492063492064 0.053246753246753244 0.08253968253968254
1 0.6311688311688312 0.37936507936507935 0.04935064935064935 0.1253968253968254
1 0.5766233766233766 0.37777777777777777 0.04155844155844156 0.050793650793650794
1 0.5662337662337662 0.3333333333333333 0.033766233766233764 0.05555555555555555
1 0.5103896103896104 0.3888888888888889 0.03636363636363636 0.0746031746031746
1 0.5038961038961038 0.3412698412698413 0.02857142857142857 0.03968253968253968
1 0.535064935064935 0.30158730158730157 0.03506493506493506 0.05555555555555555
1 0.4844155844155844 0.2984126984126984 0.03506493506493506 0.04285714285714286
1 0.4857142857142857 0.2650793650793651 0.01948051948051948 0.020634920634920634
1 0.4792207792207792 0.24444444444444444 0.025974025974025976 0.025396825396825397
1 0.4805194805194805 0.22857142857142856 0.01948051948051948 0.014285714285714285
1 0.4675324675324675 0.22063492063492063 0.025974025974025976 0.046031746031746035
1 0.5103896103896104 0.24285714285714285 0.02207792207792208 0.03333333333333333
1 0.538961038961039 0.2714285714285714 0.02077922077922078 0.03492063492063492
1 0.5467532467532468 0.2492063492063492 0.02727272727272727 0.05238095238095238
1 0.5467532467532468 0.19206349206349208 0.01948051948051948 0.046031746031746035
1 0.5051948051948052 0.21587301587301588 0.01818181818181818 0.03333333333333333
1 0.5168831168831168 0.20634920634920634 0.01818181818181818 0.031746031746031744
1 0.5064935064935064 0.17777777777777778 0.011688311688311689 0.022222222222222223
1 0.5233766233766234 0.2015873015873016 0.016883116883116882 0.022222222222222223
1 0.4922077922077922 0.1984126984126984 0.01818181818181818 0.025396825396825397
1 0.5207792207792208 0.16666666666666666 0.02207792207792208 0.03333333333333333
1 0.4831168831168831 0.1126984126984127 0.00909090909090909 0.020634920634920634
1 0.4883116883116883 0.18253968253968253 0.012987012987012988 0.011111111111111112