2 0.9064935064935065 0.9158730158730158 0.05454545454545454 0.15555555555555556
2 0.9051948051948052 0.9698412698412698 0.033766233766233764 0.06031746031746032
2 0.8597402597402597 0.9206349206349206 0.03766233766233766 0.14126984126984127
1 0.7987012987012987 0.9063492063492063 0.12857142857142856 0.1873015873015873
2 0.8051948051948052 0.7936507936507936 0.032467532467532464 0.06349206349206349
2 0.8363636363636363 0.8 0.02987012987012987 0.14603174603174604
2 0.8090909090909091 0.7206349206349206 0.04935064935064935 0.1111111111111111
2 0.7519480519480519 0.780952380952381 0.025974025974025976 0.09206349206349207
2 0.7415584415584415 0.7301587301587301 0.033766233766233764 0.10476190476190476
2 0.7259740259740259 0.5857142857142857 0.025974025974025976 0.09682539682539683
2 0.6961038961038961 0.680952380952381 0.02857142857142857 0.11587301587301588
1 0.6272727272727273 0.6365079365079365 0.07792207792207792 0.18412698412698414
2 0.6701298701298701 0.6142857142857143 0.02857142857142857 0.10476190476190476
1 0.5532467532467532 0.7428571428571429 0.08571428571428572 0.19365079365079366
2 0.5194805194805194 0.6222222222222222 0.02727272727272727 0.0873015873015873
2 0.5623376623376624 0.6333333333333333 0.01948051948051948 0.06984126984126984
2 0.5376623376623376 0.5857142857142857 0.012987012987012988 0.0761904761904762
2 0.5701298701298702 0.5666666666666667 0.023376623376623377 0.05873015873015873
1 0.5194805194805194 0.5 0.05974025974025974 0.12063492063492064
2 0.5454545454545454 0.5412698412698412 0.02207792207792208 0.06349206349206349
2 0.5831168831168831 0.5095238095238095 0.023376623376623377 0.05714285714285714
2 0.6376623376623377 0.48412698412698413 0.01818181818181818 0.09365079365079365
2 0.6753246753246753 0.4873015873015873 0.02077922077922078 0.08095238095238096
2 0.6350649350649351 0.4253968253968254 0.014285714285714285 0.06666666666666667
2 0.6636363636363637 0.43174603174603177 0.016883116883116882 0.06190476190476191
2 0.6142857142857143 0.38412698412698415 0.012987012987012988 0.05714285714285714
1 0.5597402597402598 0.35079365079365077 0.04285714285714286 0.06825396825396825
2 0.5857142857142857 0.319047619047619 0.014285714285714285 0.050793650793650794
2 0.5662337662337662 0.29523809523809524 0.00909090909090909 0.049206349206349205
2 0.5896103896103896 0.30158730158730157 0.00909090909090909 0.03015873015873016
2 0.5662337662337662 0.26666666666666666 0.00909090909090909 0.025396825396825397
1 0.5155844155844156 0.2650793650793651 0.02207792207792208 0.05238095238095238
2 0.5428571428571428 0.2507936507936508 0.01038961038961039 0.04126984126984127
1 0.5077922077922078 0.18888888888888888 0.01818181818181818 0.04126984126984127
2 0.5168831168831168 0.17142857142857143 0.006493506493506494 0.023809523809523808
2 0.4714285714285714 0.1761904761904762 0.006493506493506494 0.02857142857142857
2 0.4727272727272727 0.14761904761904762 0.007792207792207792 0.020634920634920634
2 0.4935064935064935 0.1619047619047619 0.006493506493506494 0.025396825396825397
2 0.4961038961038961 0.14285714285714285 0.007792207792207792 0.01746031746031746
2 0.4961038961038961 0.11746031746031746 0.003896103896103896 0.012698412698412698
2 0.5012987012987012 0.13015873015873017 0.005194805194805195 0.026984126984126985
2 0.5051948051948052 0.1380952380952381 0.005194805194805195 0.01746031746031746
2 0.5038961038961038 0.11428571428571428 0.003896103896103896 0.014285714285714285
1 0.5116883116883116 0.43333333333333335 0.03636363636363636 0.0873015873015873
2 0.7012987012987013 0.9825396825396825 0.015584415584415584 0.03492063492063492