1 0.6532467532467533 0.8174603174603174 0.12987012987012986 0.28888888888888886
1 0.5116883116883116 0.5333333333333333 0.07272727272727272 0.16984126984126985
1 0.6402597402597403 0.546031746031746 0.09350649350649351 0.1349206349206349
1 0.4961038961038961 0.2111111111111111 0.03116883116883117 0.050793650793650794
1 0.4675324675324675 0.15396825396825398 0.01948051948051948 0.03492063492063492
1 0.42987012987012985 0.12698412698412698 0.014285714285714285 0.025396825396825397
1 0.43636363636363634 0.10793650793650794 0.012987012987012988 0.01904761904761905
1 0.461038961038961 0.09523809523809523 0.01038961038961039 0.01904761904761905
3 0.45454545454545453 0.08571428571428572 0.01038961038961039 0.025396825396825397
2 0.4675324675324675 0.0873015873015873 0.006493506493506494 0.011111111111111112
2 0.4701298701298701 0.08095238095238096 0.00909090909090909 0.012698412698412698
2 0.45584415584415583 0.10634920634920635 0.006493506493506494 0.01904761904761905
2 0.4584415584415584 0.12380952380952381 0.005194805194805195 0.015873015873015872
2 0.44935064935064933 0.13015873015873017 0.007792207792207792 0.025396825396825397
2 0.474025974025974 0.12222222222222222 0.003896103896103896 0.020634920634920634
2 0.4701298701298701 0.13968253968253969 0.005194805194805195 0.012698412698412698
2 0.4792207792207792 0.1365079365079365 0.005194805194805195 0.023809523809523808
2 0.4844155844155844 0.14444444444444443 0.007792207792207792 0.023809523809523808
2 0.45454545454545453 0.1492063492063492 0.006493506493506494 0.02857142857142857
2 0.44415584415584414 0.14761904761904762 0.01038961038961039 0.020634920634920634
2 0.43766233766233764 0.1619047619047619 0.012987012987012988 0.025396825396825397
2 0.44675324675324674 0.1761904761904762 0.012987012987012988 0.03015873015873016
2 0.44155844155844154 0.2 0.012987012987012988 0.0380952380952381
2 0.4844155844155844 0.1873015873015873 0.015584415584415584 0.026984126984126985
2 0.5 0.16984126984126985 0.007792207792207792 0.03015873015873016
2 0.5441558441558442 0.25555555555555554 0.015584415584415584 0.050793650793650794
2 0.548051948051948 0.3888888888888889 0.032467532467532464 0.06825396825396825
2 0.551948051948052 0.346031746031746 0.03506493506493506 0.047619047619047616
2 0.5987012987012987 0.37142857142857144 0.02207792207792208 0.0761904761904762
2 0.712987012987013 0.6111111111111112 0.033766233766233764 0.1
2 0.7051948051948052 0.7492063492063492 0.05584415584415584 0.15396825396825398
2 0.8363636363636363 0.9365079365079365 0.08571428571428572 0.12698412698412698