1 0.5662337662337662 0.37936507936507935 0.04025974025974026 0.09523809523809523
1 0.5441558441558442 0.5682539682539682 0.06623376623376623 0.15714285714285714
1 0.6272727272727273 0.6174603174603175 0.06103896103896104 0.15714285714285714
1 0.5571428571428572 0.7507936507936508 0.07532467532467532 0.21746031746031746
1 0.5285714285714286 0.2634920634920635 0.025974025974025976 0.05396825396825397
3 0.4727272727272727 0.20952380952380953 0.02857142857142857 0.06984126984126984
1 0.4701298701298701 0.13968253968253969 0.014285714285714285 0.03015873015873016
2 0.5064935064935064 0.9222222222222223 0.04025974025974026 0.13968253968253969
2 0.5181818181818182 0.9746031746031746 0.02857142857142857 0.050793650793650794
2 0.6428571428571429 0.9698412698412698 0.046753246753246755 0.06031746031746032
2 0.6961038961038961 0.9380952380952381 0.05064935064935065 0.12380952380952381
2 0.7506493506493507 0.9444444444444444 0.03636363636363636 0.1111111111111111
2 0.7753246753246753 0.8952380952380953 0.045454545454545456 0.16666666666666666
2 0.8428571428571429 0.9603174603174603 0.03766233766233766 0.07936507936507936
2 0.8506493506493507 0.9238095238095239 0.033766233766233764 0.0873015873015873
2 0.9025974025974026 0.9634920634920635 0.033766233766233764 0.07301587301587302
2 0.9285714285714286 0.946031746031746 0.04415584415584416 0.10793650793650794
2 0.887012987012987 0.8476190476190476 0.04415584415584416 0.12857142857142856
2 0.8493506493506493 0.8761904761904762 0.03766233766233766 0.09682539682539683
2 0.8181818181818182 0.8015873015873016 0.03506493506493506 0.1253968253968254
2 0.6467532467532467 0.8222222222222222 0.02857142857142857 0.1349206349206349
2 0.6948051948051948 0.8492063492063492 0.04025974025974026 0.1380952380952381
2 0.7194805194805195 0.7746031746031746 0.025974025974025976 0.12857142857142856
2 0.7701298701298701 0.7825396825396825 0.033766233766233764 0.10793650793650794
2 0.787012987012987 0.7285714285714285 0.032467532467532464 0.09841269841269841
2 0.7467532467532467 0.7111111111111111 0.032467532467532464 0.0873015873015873
2 0.7090909090909091 0.6952380952380952 0.03116883116883117 0.09206349206349207
2 0.6831168831168831 0.7238095238095238 0.02857142857142857 0.10634920634920635
2 0.6363636363636364 0.7396825396825397 0.024675324675324677 0.10952380952380952
2 0.6116883116883117 0.7365079365079366 0.025974025974025976 0.12222222222222222
2 0.5909090909090909 0.6730158730158731 0.02727272727272727 0.10317460317460317
2 0.7467532467532467 0.665079365079365 0.025974025974025976 0.09523809523809523
2 0.7779220779220779 0.6492063492063492 0.045454545454545456 0.10634920634920635
2 0.7181818181818181 0.5857142857142857 0.024675324675324677 0.08412698412698413
2 0.674025974025974 0.5920634920634921 0.033766233766233764 0.09841269841269841
2 0.6805194805194805 0.5492063492063493 0.02207792207792208 0.09523809523809523
2 0.6571428571428571 0.4873015873015873 0.033766233766233764 0.09206349206349207
2 0.6298701298701299 0.4126984126984127 0.025974025974025976 0.06349206349206349
2 0.6103896103896104 0.3396825396825397 0.015584415584415584 0.0746031746031746
2 0.5194805194805194 0.39365079365079364 0.02077922077922078 0.0746031746031746
2 0.4922077922077922 0.26825396825396824 0.014285714285714285 0.05396825396825397
2 0.5584415584415584 0.2571428571428571 0.012987012987012988 0.05714285714285714
2 0.5012987012987012 0.22857142857142856 0.011688311688311689 0.04285714285714286
2 0.5376623376623376 0.23174603174603176 0.011688311688311689 0.04126984126984127
2 0.5441558441558442 0.21746031746031746 0.007792207792207792 0.03333333333333333
2 0.5324675324675324 0.21904761904761905 0.007792207792207792 0.03015873015873016
2 0.5155844155844156 0.20317460317460317 0.007792207792207792 0.03333333333333333
2 0.5324675324675324 0.19523809523809524 0.007792207792207792 0.031746031746031744
2 0.5025974025974026 0.19206349206349208 0.00909090909090909 0.03333333333333333
2 0.522077922077922 0.17936507936507937 0.007792207792207792 0.03333333333333333
2 0.4896103896103896 0.18888888888888888 0.00909090909090909 0.03333333333333333
2 0.4857142857142857 0.16666666666666666 0.006493506493506494 0.02857142857142857
2 0.4948051948051948 0.1634920634920635 0.007792207792207792 0.02857142857142857
2 0.4948051948051948 0.14444444444444443 0.006493506493506494 0.025396825396825397
2 0.4883116883116883 0.1349206349206349 0.006493506493506494 0.023809523809523808
2 0.487012987012987 0.11904761904761904 0.006493506493506494 0.023809523809523808
2 0.4779220779220779 0.12380952380952381 0.006493506493506494 0.025396825396825397
2 0.5025974025974026 0.11904761904761904 0.006493506493506494 0.01904761904761905
2 0.5064935064935064 0.1111111111111111 0.006493506493506494 0.01746031746031746
1 0.4818181818181818 0.10476190476190476 0.01038961038961039 0.01904761904761905
2 0.5012987012987012 0.10476190476190476 0.005194805194805195 0.015873015873015872
1 0.5012987012987012 0.09523809523809523 0.006493506493506494 0.014285714285714285