1 0.5701298701298702 0.8126984126984127 0.08961038961038961 0.23174603174603176
1 0.6961038961038961 0.8428571428571429 0.11038961038961038 0.2396825396825397
1 0.8337662337662337 0.8920634920634921 0.15064935064935064 0.21587301587301588
1 0.7610389610389611 0.9777777777777777 0.07402597402597402 0.044444444444444446
1 0.6090909090909091 0.9507936507936507 0.08571428571428572 0.09682539682539683
1 0.6636363636363637 0.6555555555555556 0.09480519480519481 0.18571428571428572
1 0.6142857142857143 0.4650793650793651 0.05454545454545454 0.1492063492063492
3 0.5233766233766234 0.40476190476190477 0.1 0.3333333333333333
2 0.4597402597402597 0.23174603174603176 0.015584415584415584 0.04285714285714286
1 0.4792207792207792 0.22698412698412698 0.02727272727272727 0.08095238095238096
2 0.6714285714285714 0.4777777777777778 0.03636363636363636 0.11587301587301588
2 0.561038961038961 0.42063492063492064 0.032467532467532464 0.15555555555555556
2 0.6350649350649351 0.4 0.02987012987012987 0.10793650793650794
2 0.6025974025974026 0.34285714285714286 0.04025974025974026 0.07777777777777778
2 0.5558441558441558 0.2777777777777778 0.02077922077922078 0.06984126984126984
2 0.5766233766233766 0.2746031746031746 0.01948051948051948 0.0761904761904762
2 0.5324675324675324 0.24761904761904763 0.01948051948051948 0.03650793650793651
2 0.5181818181818182 0.22380952380952382 0.012987012987012988 0.044444444444444446
2 0.5298701298701298 0.19682539682539682 0.01948051948051948 0.031746031746031744
2 0.4844155844155844 0.1619047619047619 0.01818181818181818 0.03015873015873016
2 0.4844155844155844 0.14285714285714285 0.01038961038961039 0.014285714285714285
1 0.4701298701298701 0.1253968253968254 0.012987012987012988 0.03333333333333333
2 0.4818181818181818 0.12857142857142856 0.011688311688311689 0.020634920634920634
2 0.4896103896103896 0.12063492063492064 0.00909090909090909 0.025396825396825397
1 0.4792207792207792 0.10952380952380952 0.011688311688311689 0.022222222222222223
1 0.4974025974025974 0.10634920634920635 0.014285714285714285 0.03015873015873016
2 0.5012987012987012 0.7206349206349206 0.02987012987012987 0.13968253968253969
2 0.6818181818181818 0.946031746031746 0.06233766233766234 0.10793650793650794