1 0.6285714285714286 0.9301587301587302 0.10909090909090909 0.13968253968253969
1 0.7623376623376623 0.8825396825396825 0.11428571428571428 0.23492063492063492
1 0.5753246753246753 0.7634920634920634 0.09740259740259741 0.19206349206349208
1 0.6662337662337663 0.6888888888888889 0.09090909090909091 0.19523809523809524
1 0.6311688311688312 0.5476190476190477 0.08701298701298701 0.11746031746031746
1 0.5272727272727272 0.5206349206349207 0.05454545454545454 0.13333333333333333
1 0.5428571428571428 0.2841269841269841 0.04285714285714286 0.08095238095238096
1 0.509090909090909 0.10158730158730159 0.012987012987012988 0.020634920634920634
1 0.5038961038961038 0.09047619047619047 0.00909090909090909 0.023809523809523808
2 0.4961038961038961 0.10158730158730159 0.006493506493506494 0.020634920634920634
2 0.5051948051948052 0.1349206349206349 0.012987012987012988 0.03015873015873016
2 0.5168831168831168 0.16666666666666666 0.015584415584415584 0.022222222222222223
2 0.5298701298701298 0.19523809523809524 0.01038961038961039 0.02857142857142857
2 0.5454545454545454 0.22380952380952382 0.007792207792207792 0.03333333333333333
2 0.5818181818181818 0.3476190476190476 0.023376623376623377 0.06666666666666667
2 0.535064935064935 0.4301587301587302 0.025974025974025976 0.05714285714285714
2 0.5974025974025974 0.35873015873015873 0.016883116883116882 0.06349206349206349
2 0.625974025974026 0.38095238095238093 0.02077922077922078 0.06349206349206349
2 0.6090909090909091 0.40634920634920635 0.02727272727272727 0.05396825396825397
2 0.6519480519480519 0.4984126984126984 0.02207792207792208 0.09206349206349207
2 0.7571428571428571 0.7 0.04025974025974026 0.11746031746031746
2 0.8350649350649351 0.8126984126984127 0.03636363636363636 0.1349206349206349
2 0.522077922077922 0.8634920634920635 0.033766233766233764 0.13015873015873017
2 0.5376623376623376 0.9412698412698413 0.048051948051948054 0.11746031746031746
2 0.8675324675324675 0.9619047619047619 0.04155844155844156 0.0761904761904762