1 0.6155844155844156 0.9682539682539683 0.09350649350649351 0.06190476190476191
2 0.6987012987012987 0.9619047619047619 0.053246753246753244 0.0761904761904762
2 0.8181818181818182 0.9444444444444444 0.05844155844155844 0.1111111111111111
2 0.887012987012987 0.9666666666666667 0.05584415584415584 0.06507936507936508
2 0.8233766233766234 0.8111111111111111 0.05584415584415584 0.1761904761904762
2 0.7610389610389611 0.8269841269841269 0.053246753246753244 0.1634920634920635
2 0.7558441558441559 0.7380952380952381 0.03636363636363636 0.09682539682539683
2 0.5506493506493506 0.8126984126984127 0.04155844155844156 0.16825396825396827
2 0.587012987012987 0.7619047619047619 0.033766233766233764 0.15714285714285714
2 0.5155844155844156 0.7174603174603175 0.032467532467532464 0.1380952380952381
2 0.5571428571428572 0.6222222222222222 0.032467532467532464 0.1253968253968254
1 0.6792207792207792 0.7698412698412699 0.11558441558441558 0.25873015873015875
2 0.7090909090909091 0.6793650793650794 0.02857142857142857 0.12380952380952381
2 0.6948051948051948 0.5904761904761905 0.032467532467532464 0.10158730158730159
2 0.7311688311688311 0.6015873015873016 0.02727272727272727 0.11428571428571428
2 0.6857142857142857 0.5396825396825397 0.025974025974025976 0.06190476190476191
2 0.6480519480519481 0.4984126984126984 0.02077922077922078 0.09365079365079365
2 0.6649350649350649 0.4507936507936508 0.023376623376623377 0.07777777777777778
1 0.5987012987012987 0.5047619047619047 0.06493506493506493 0.12222222222222222
2 0.6246753246753247 0.4634920634920635 0.02727272727272727 0.08095238095238096
2 0.6285714285714286 0.4238095238095238 0.014285714285714285 0.05238095238095238
2 0.6454545454545455 0.4111111111111111 0.01818181818181818 0.0746031746031746
1 0.5233766233766234 0.5095238095238095 0.06103896103896104 0.14126984126984127
2 0.5298701298701298 0.43174603174603177 0.014285714285714285 0.05238095238095238
2 0.5545454545454546 0.43333333333333335 0.016883116883116882 0.0761904761904762
2 0.5337662337662338 0.4015873015873016 0.01818181818181818 0.06031746031746032
2 0.5961038961038961 0.39206349206349206 0.016883116883116882 0.07301587301587302
2 0.612987012987013 0.37777777777777777 0.015584415584415584 0.06666666666666667
2 0.5285714285714286 0.33174603174603173 0.014285714285714285 0.06031746031746032
2 0.5376623376623376 0.29365079365079366 0.012987012987012988 0.05396825396825397
2 0.5818181818181818 0.3349206349206349 0.015584415584415584 0.06190476190476191
2 0.5961038961038961 0.3396825396825397 0.015584415584415584 0.05396825396825397
1 0.561038961038961 0.3492063492063492 0.04285714285714286 0.08412698412698413
2 0.5701298701298702 0.3142857142857143 0.014285714285714285 0.04126984126984127
2 0.5571428571428572 0.2984126984126984 0.016883116883116882 0.03968253968253968
2 0.5584415584415584 0.27936507936507937 0.011688311688311689 0.0380952380952381
1 0.5883116883116883 0.2984126984126984 0.033766233766233764 0.06825396825396825
2 0.574025974025974 0.2698412698412698 0.00909090909090909 0.026984126984126985
2 0.5883116883116883 0.2634920634920635 0.00909090909090909 0.023809523809523808
3 0.5 0.3396825396825397 0.046753246753246755 0.11428571428571428
2 0.4805194805194805 0.31587301587301586 0.012987012987012988 0.049206349206349205
2 0.4805194805194805 0.2920634920634921 0.014285714285714285 0.046031746031746035
2 0.4779220779220779 0.2714285714285714 0.00909090909090909 0.046031746031746035
2 0.4935064935064935 0.26666666666666666 0.012987012987012988 0.044444444444444446
2 0.5038961038961038 0.273015873015873 0.01038961038961039 0.031746031746031744
2 0.4896103896103896 0.2523809523809524 0.014285714285714285 0.0380952380952381
2 0.4727272727272727 0.23809523809523808 0.012987012987012988 0.04285714285714286
2 0.4831168831168831 0.23809523809523808 0.00909090909090909 0.03650793650793651
2 0.4662337662337662 0.2222222222222222 0.007792207792207792 0.04285714285714286
2 0.4909090909090909 0.2365079365079365 0.011688311688311689 0.026984126984126985
1 0.4792207792207792 0.20952380952380953 0.02207792207792208 0.03333333333333333
2 0.4701298701298701 0.2126984126984127 0.00909090909090909 0.022222222222222223
2 0.4701298701298701 0.18253968253968253 0.007792207792207792 0.03333333333333333
2 0.4753246753246753 0.18571428571428572 0.00909090909090909 0.023809523809523808
2 0.5025974025974026 0.21904761904761905 0.00909090909090909 0.044444444444444446
2 0.5103896103896104 0.2015873015873016 0.007792207792207792 0.03015873015873016
1 0.5168831168831168 0.24285714285714285 0.02857142857142857 0.05714285714285714
2 0.5207792207792208 0.20952380952380953 0.007792207792207792 0.020634920634920634
2 0.5376623376623376 0.23492063492063492 0.00909090909090909 0.04285714285714286
1 0.5545454545454546 0.2523809523809524 0.02987012987012987 0.050793650793650794
2 0.5454545454545454 0.22380952380952382 0.00909090909090909 0.031746031746031744
2 0.551948051948052 0.22063492063492063 0.01038961038961039 0.02857142857142857
2 0.5584415584415584 0.22063492063492063 0.00909090909090909 0.031746031746031744
2 0.535064935064935 0.2126984126984127 0.00909090909090909 0.023809523809523808
2 0.5441558441558442 0.20793650793650795 0.007792207792207792 0.03333333333333333
2 0.5311688311688312 0.2 0.007792207792207792 0.02857142857142857
2 0.5363636363636364 0.19682539682539682 0.006493506493506494 0.020634920634920634
2 0.5168831168831168 0.18253968253968253 0.006493506493506494 0.020634920634920634
2 0.525974025974026 0.17936507936507937 0.007792207792207792 0.020634920634920634
1 0.4974025974025974 0.19047619047619047 0.01948051948051948 0.0380952380952381
2 0.5077922077922078 0.16825396825396827 0.007792207792207792 0.02857142857142857
1 0.4909090909090909 0.1492063492063492 0.014285714285714285 0.026984126984126985
2 0.4896103896103896 0.15714285714285714 0.005194805194805195 0.015873015873015872
2 0.5168831168831168 0.1634920634920635 0.007792207792207792 0.022222222222222223
1 0.4701298701298701 0.15714285714285714 0.01818181818181818 0.04126984126984127
1 0.4662337662337662 0.11428571428571428 0.012987012987012988 0.026984126984126985
2 0.4766233766233766 0.12063492063492064 0.00909090909090909 0.023809523809523808
1 0.4766233766233766 0.10634920634920635 0.011688311688311689 0.01904761904761905
1 0.4831168831168831 0.09841269841269841 0.01038961038961039 0.01746031746031746
1 0.4857142857142857 0.14126984126984127 0.015584415584415584 0.03015873015873016
1 0.4896103896103896 0.11746031746031746 0.00909090909090909 0.023809523809523808
1 0.4974025974025974 0.11428571428571428 0.011688311688311689 0.022222222222222223
2 0.4935064935064935 0.10476190476190476 0.003896103896103896 0.01746031746031746
2 0.4974025974025974 0.10158730158730159 0.005194805194805195 0.015873015873015872
2 0.5051948051948052 0.10634920634920635 0.006493506493506494 0.01746031746031746
2 0.5025974025974026 0.09523809523809523 0.003896103896103896 0.01746031746031746
2 0.5038961038961038 0.14603174603174604 0.007792207792207792 0.023809523809523808
2 0.5 0.13174603174603175 0.003896103896103896 0.014285714285714285
2 0.5025974025974026 0.1349206349206349 0.005194805194805195 0.014285714285714285
2 0.509090909090909 0.14126984126984127 0.005194805194805195 0.01904761904761905