1 0.564935064935065 0.9507936507936507 0.09090909090909091 0.09841269841269841
1 0.7064935064935065 0.9603174603174603 0.10909090909090909 0.07936507936507936
1 0.7350649350649351 0.8444444444444444 0.13246753246753246 0.2365079365079365
1 0.6558441558441559 0.6634920634920635 0.09220779220779221 0.17142857142857143
1 0.5324675324675324 0.6873015873015873 0.08831168831168831 0.2126984126984127
1 0.6155844155844156 0.5317460317460317 0.07012987012987013 0.12222222222222222
1 0.5441558441558442 0.5111111111111111 0.05194805194805195 0.13174603174603175
1 0.6103896103896104 0.4507936507936508 0.06363636363636363 0.09206349206349207
1 0.5025974025974026 0.45396825396825397 0.04415584415584416 0.09206349206349207
1 0.5012987012987012 0.39365079365079364 0.04415584415584416 0.08253968253968254
1 0.5402597402597402 0.32063492063492066 0.032467532467532464 0.06190476190476191
1 0.6415584415584416 0.3873015873015873 0.05454545454545454 0.1
3 0.5558441558441558 0.40793650793650793 0.06363636363636363 0.12063492063492064
2 0.5623376623376624 0.34285714285714286 0.016883116883116882 0.020634920634920634
2 0.574025974025974 0.33015873015873015 0.015584415584415584 0.04126984126984127
1 0.5792207792207792 0.31587301587301586 0.033766233766233764 0.049206349206349205
3 0.4909090909090909 0.30952380952380953 0.05064935064935065 0.09365079365079365
2 0.5064935064935064 0.29523809523809524 0.014285714285714285 0.04285714285714286
1 0.5272727272727272 0.3 0.024675324675324677 0.05396825396825397
1 0.5298701298701298 0.2984126984126984 0.025974025974025976 0.05714285714285714
1 0.5727272727272728 0.28888888888888886 0.02857142857142857 0.050793650793650794
1 0.5584415584415584 0.26031746031746034 0.032467532467532464 0.0380952380952381
1 0.522077922077922 0.2714285714285714 0.023376623376623377 0.04126984126984127
1 0.5038961038961038 0.23809523809523808 0.02987012987012987 0.04285714285714286
1 0.5194805194805194 0.25396825396825395 0.023376623376623377 0.03015873015873016
1 0.4831168831168831 0.2492063492063492 0.02727272727272727 0.0380952380952381
1 0.5025974025974026 0.2126984126984127 0.023376623376623377 0.03333333333333333
2 0.45584415584415583 0.2111111111111111 0.01038961038961039 0.031746031746031744
1 0.4675324675324675 0.21904761904761905 0.01948051948051948 0.0380952380952381
1 0.4714285714285714 0.19365079365079366 0.016883116883116882 0.03015873015873016
1 0.4948051948051948 0.18253968253968253 0.024675324675324677 0.026984126984126985
1 0.4974025974025974 0.18888888888888888 0.015584415584415584 0.03015873015873016
1 0.461038961038961 0.18253968253968253 0.015584415584415584 0.025396825396825397
2 0.5064935064935064 0.18571428571428572 0.01038961038961039 0.01746031746031746
0 0.5467532467532468 0.20793650793650795 0.05844155844155844 0.10158730158730159
2 0.5194805194805194 0.2222222222222222 0.015584415584415584 0.022222222222222223
2 0.5207792207792208 0.21904761904761905 0.01818181818181818 0.031746031746031744
2 0.5181818181818182 0.20317460317460317 0.012987012987012988 0.022222222222222223
1 0.5181818181818182 0.18888888888888888 0.015584415584415584 0.031746031746031744
1 0.4636363636363636 0.1634920634920635 0.014285714285714285 0.026984126984126985
2 0.4779220779220779 0.1634920634920635 0.011688311688311689 0.015873015873015872
2 0.4818181818181818 0.15714285714285714 0.016883116883116882 0.014285714285714285
1 0.4961038961038961 0.15873015873015872 0.012987012987012988 0.023809523809523808
1 0.5116883116883116 0.16984126984126985 0.016883116883116882 0.01904761904761905
1 0.4675324675324675 0.1492063492063492 0.014285714285714285 0.01746031746031746
1 0.4701298701298701 0.12698412698412698 0.015584415584415584 0.03015873015873016
2 0.4766233766233766 0.1523809523809524 0.011688311688311689 0.01746031746031746
2 0.487012987012987 0.14444444444444443 0.011688311688311689 0.01746031746031746
1 0.4857142857142857 0.1380952380952381 0.012987012987012988 0.02857142857142857
1 0.4883116883116883 0.12222222222222222 0.014285714285714285 0.01904761904761905
1 0.4818181818181818 0.10476190476190476 0.011688311688311689 0.01746031746031746
1 0.5 0.10476190476190476 0.014285714285714285 0.03333333333333333
2 0.509090909090909 0.1492063492063492 0.01818181818181818 0.025396825396825397
2 0.5402597402597402 0.2507936507936508 0.015584415584415584 0.0380952380952381
2 0.5805194805194805 0.3523809523809524 0.012987012987012988 0.031746031746031744
2 0.5935064935064935 0.35714285714285715 0.01818181818181818 0.03492063492063492
2 0.5948051948051948 0.34285714285714286 0.00909090909090909 0.03015873015873016
2 0.6051948051948052 0.32063492063492066 0.011688311688311689 0.01904761904761905
2 0.6051948051948052 0.30158730158730157 0.012987012987012988 0.026984126984126985
2 0.6116883116883117 0.3333333333333333 0.014285714285714285 0.023809523809523808
2 0.6285714285714286 0.33015873015873015 0.011688311688311689 0.014285714285714285
2 0.5857142857142857 0.3873015873015873 0.01948051948051948 0.05238095238095238
2 0.6077922077922078 0.38095238095238093 0.012987012987012988 0.05238095238095238
2 0.5246753246753246 0.373015873015873 0.02077922077922078 0.06349206349206349
2 0.5363636363636364 0.3603174603174603 0.01818181818181818 0.05396825396825397
2 0.4805194805194805 0.3619047619047619 0.015584415584415584 0.047619047619047616
2 0.4792207792207792 0.3333333333333333 0.014285714285714285 0.03492063492063492
2 0.4987012987012987 0.3380952380952381 0.016883116883116882 0.020634920634920634
2 0.512987012987013 0.33174603174603173 0.01038961038961039 0.02857142857142857
2 0.5584415584415584 0.44603174603174606 0.015584415584415584 0.06190476190476191
2 0.5701298701298702 0.4603174603174603 0.01948051948051948 0.06031746031746032
2 0.5818181818181818 0.4888888888888889 0.02077922077922078 0.0761904761904762
2 0.6298701298701299 0.4365079365079365 0.02857142857142857 0.06666666666666667
2 0.6480519480519481 0.44761904761904764 0.023376623376623377 0.06666666666666667
2 0.6688311688311688 0.48412698412698413 0.02857142857142857 0.05873015873015873
2 0.6688311688311688 0.4507936507936508 0.02727272727272727 0.05714285714285714
2 0.6467532467532467 0.5063492063492063 0.02727272727272727 0.06507936507936508
2 0.6675324675324675 0.546031746031746 0.03636363636363636 0.07142857142857142
2 0.6766233766233766 0.5206349206349207 0.02857142857142857 0.06666666666666667
2 0.6844155844155844 0.49523809523809526 0.032467532467532464 0.0873015873015873
2 0.7077922077922078 0.5142857142857142 0.01948051948051948 0.08095238095238096
2 0.7259740259740259 0.5476190476190477 0.02857142857142857 0.0746031746031746
2 0.7103896103896103 0.5698412698412698 0.02987012987012987 0.06666666666666667
2 0.6766233766233766 0.5825396825396826 0.02727272727272727 0.08412698412698413
2 0.7584415584415585 0.5253968253968254 0.032467532467532464 0.10317460317460317
2 0.7233766233766233 0.6142857142857143 0.024675324675324677 0.07936507936507936
2 0.6974025974025974 0.6412698412698413 0.02727272727272727 0.09841269841269841
2 0.7454545454545455 0.5936507936507937 0.02987012987012987 0.07936507936507936
2 0.7298701298701299 0.6936507936507936 0.03116883116883117 0.09682539682539683
2 0.7454545454545455 0.6714285714285714 0.02207792207792208 0.09682539682539683
2 0.7623376623376623 0.6428571428571429 0.023376623376623377 0.08571428571428572
2 0.7805194805194805 0.7222222222222222 0.024675324675324677 0.10317460317460317
2 0.787012987012987 0.6761904761904762 0.02727272727272727 0.0873015873015873
2 0.8246753246753247 0.7158730158730159 0.02987012987012987 0.08888888888888889
2 0.8428571428571429 0.7841269841269841 0.03896103896103896 0.10952380952380952
2 0.7974025974025974 0.7523809523809524 0.025974025974025976 0.0746031746031746
2 0.7883116883116883 0.8285714285714286 0.03766233766233766 0.13015873015873017
2 0.8233766233766234 0.8269841269841269 0.03636363636363636 0.13015873015873017
2 0.8714285714285714 0.8333333333333334 0.02727272727272727 0.08095238095238096
2 0.8727272727272727 0.9031746031746032 0.04025974025974026 0.1253968253968254
2 0.8272727272727273 0.9365079365079365 0.05974025974025974 0.12698412698412698
2 0.874025974025974 0.9746031746031746 0.025974025974025976 0.050793650793650794
2 0.8987012987012987 0.9650793650793651 0.02857142857142857 0.06984126984126984
2 0.9285714285714286 0.9476190476190476 0.04285714285714286 0.10476190476190476
2 0.9662337662337662 0.9777777777777777 0.01818181818181818 0.044444444444444446
2 0.6116883116883117 0.9095238095238095 0.03506493506493506 0.11428571428571428
2 0.6246753246753247 0.8587301587301587 0.03896103896103896 0.10952380952380952
2 0.5909090909090909 0.8476190476190476 0.024675324675324677 0.08571428571428572
2 0.5948051948051948 0.7396825396825397 0.025974025974025976 0.14761904761904762
2 0.6155844155844156 0.7793650793650794 0.03766233766233766 0.11428571428571428
2 0.5207792207792208 0.8682539682539683 0.032467532467532464 0.12222222222222222
2 0.5311688311688312 0.8126984126984127 0.03636363636363636 0.12857142857142856
2 0.5857142857142857 0.6682539682539682 0.023376623376623377 0.10317460317460317
2 0.6 0.6365079365079365 0.04025974025974026 0.1111111111111111
2 0.5662337662337662 0.6428571428571429 0.032467532467532464 0.1349206349206349