2 0.6285714285714286 0.8412698412698413 0.04935064935064935 0.17936507936507937
2 0.7038961038961039 0.8603174603174604 0.04025974025974026 0.15555555555555556
2 0.6753246753246753 0.9476190476190476 0.04415584415584416 0.10317460317460317
2 0.7441558441558441 0.9412698412698413 0.05714285714285714 0.11746031746031746
2 0.7714285714285715 0.8539682539682539 0.03636363636363636 0.15714285714285714
2 0.8701298701298701 0.8968253968253969 0.05194805194805195 0.1253968253968254
2 0.9363636363636364 0.9746031746031746 0.053246753246753244 0.050793650793650794
2 0.987012987012987 0.9365079365079365 0.025974025974025976 0.1253968253968254
2 0.987012987012987 0.7555555555555555 0.024675324675324677 0.14603174603174604
2 0.987012987012987 0.6253968253968254 0.025974025974025976 0.10793650793650794
1 0.8480519480519481 0.9698412698412698 0.11558441558441558 0.06031746031746032
2 0.8051948051948052 0.753968253968254 0.04155844155844156 0.14603174603174604
2 0.7636363636363637 0.7476190476190476 0.03896103896103896 0.12063492063492064
2 0.7103896103896103 0.726984126984127 0.045454545454545456 0.1253968253968254
2 0.7103896103896103 0.6476190476190476 0.03636363636363636 0.10952380952380952
2 0.7272727272727273 0.5952380952380952 0.046753246753246755 0.10793650793650794
2 0.5532467532467532 0.5476190476190477 0.025974025974025976 0.10158730158730159
2 0.5558441558441558 0.4746031746031746 0.024675324675324677 0.08412698412698413
2 0.5662337662337662 0.44761904761904764 0.02207792207792208 0.08253968253968254
2 0.5987012987012987 0.4603174603174603 0.02727272727272727 0.06031746031746032
2 0.5922077922077922 0.5 0.02727272727272727 0.07777777777777778
2 0.5961038961038961 0.40476190476190477 0.01948051948051948 0.06190476190476191
2 0.6272727272727273 0.42698412698412697 0.02207792207792208 0.06190476190476191
2 0.5792207792207792 0.36666666666666664 0.025974025974025976 0.05873015873015873
2 0.522077922077922 0.35079365079365077 0.02207792207792208 0.07142857142857142
2 0.5025974025974026 0.2619047619047619 0.012987012987012988 0.049206349206349205
2 0.6038961038961039 0.35555555555555557 0.01818181818181818 0.049206349206349205
2 0.5961038961038961 0.32857142857142857 0.012987012987012988 0.03968253968253968
2 0.5987012987012987 0.3746031746031746 0.01818181818181818 0.06190476190476191
2 0.5792207792207792 0.319047619047619 0.016883116883116882 0.044444444444444446
2 0.5597402597402598 0.3333333333333333 0.015584415584415584 0.03968253968253968
2 0.551948051948052 0.28253968253968254 0.015584415584415584 0.03968253968253968
2 0.5675324675324676 0.2920634920634921 0.011688311688311689 0.046031746031746035
2 0.5831168831168831 0.2920634920634921 0.012987012987012988 0.03650793650793651
2 0.5987012987012987 0.30793650793650795 0.012987012987012988 0.03015873015873016
2 0.5714285714285714 0.25873015873015875 0.015584415584415584 0.026984126984126985
2 0.5545454545454546 0.3111111111111111 0.01038961038961039 0.03333333333333333
2 0.5207792207792208 0.3333333333333333 0.01038961038961039 0.05714285714285714
2 0.4636363636363636 0.22698412698412698 0.00909090909090909 0.03333333333333333
2 0.5597402597402598 0.24444444444444444 0.01038961038961039 0.03015873015873016
2 0.5493506493506494 0.24126984126984127 0.007792207792207792 0.03015873015873016
2 0.5467532467532468 0.21587301587301588 0.012987012987012988 0.023809523809523808
2 0.5337662337662338 0.21428571428571427 0.01038961038961039 0.026984126984126985
2 0.525974025974026 0.21587301587301588 0.011688311688311689 0.026984126984126985
2 0.5142857142857142 0.20476190476190476 0.01038961038961039 0.03015873015873016
2 0.5077922077922078 0.18571428571428572 0.006493506493506494 0.022222222222222223
2 0.5168831168831168 0.1634920634920635 0.007792207792207792 0.01904761904761905
2 0.5363636363636364 0.19523809523809524 0.00909090909090909 0.026984126984126985
1 0.5233766233766234 0.18571428571428572 0.015584415584415584 0.023809523809523808
1 0.6454545454545455 0.5095238095238095 0.06233766233766234 0.10634920634920635
1 0.6116883116883117 0.6095238095238096 0.08441558441558442 0.14603174603174604
1 0.512987012987013 0.473015873015873 0.05454545454545454 0.12380952380952381
1 0.5025974025974026 0.38412698412698415 0.045454545454545456 0.08412698412698413
1 0.548051948051948 0.37142857142857144 0.04415584415584416 0.07936507936507936
1 0.4922077922077922 0.3142857142857143 0.03636363636363636 0.06666666666666667
1 0.538961038961039 0.3126984126984127 0.032467532467532464 0.05238095238095238
1 0.6311688311688312 0.4015873015873016 0.045454545454545456 0.08253968253968254
1 0.5246753246753246 0.273015873015873 0.02857142857142857 0.05396825396825397
1 0.5376623376623376 0.24761904761904763 0.023376623376623377 0.03968253968253968
1 0.5051948051948052 0.22380952380952382 0.024675324675324677 0.04285714285714286
1 0.4818181818181818 0.2650793650793651 0.02987012987012987 0.046031746031746035
1 0.4753246753246753 0.23015873015873015 0.024675324675324677 0.04126984126984127
1 0.4766233766233766 0.20317460317460317 0.024675324675324677 0.04285714285714286
1 0.4948051948051948 0.19206349206349208 0.02207792207792208 0.03650793650793651
1 0.487012987012987 0.173015873015873 0.01948051948051948 0.023809523809523808
1 0.487012987012987 0.15079365079365079 0.016883116883116882 0.02857142857142857
1 0.5038961038961038 0.13968253968253969 0.011688311688311689 0.01904761904761905
1 0.5038961038961038 0.15555555555555556 0.011688311688311689 0.01904761904761905
1 0.5051948051948052 0.1634920634920635 0.011688311688311689 0.022222222222222223
2 0.5233766233766234 0.16825396825396827 0.003896103896103896 0.012698412698412698
3 0.4662337662337662 0.14603174603174604 0.023376623376623377 0.06984126984126984
3 0.4857142857142857 0.12380952380952381 0.016883116883116882 0.02857142857142857
1 0.5012987012987012 0.11587301587301588 0.01038961038961039 0.012698412698412698
2 0.5012987012987012 0.1253968253968254 0.012987012987012988 0.011111111111111112
1 0.5025974025974026 0.10476190476190476 0.011688311688311689 0.011111111111111112
1 0.4896103896103896 0.10317460317460317 0.014285714285714285 0.004761904761904762
1 0.4883116883116883 0.10793650793650794 0.014285714285714285 0.0031746031746031746
1 0.5038961038961038 0.09523809523809523 0.007792207792207792 0.004761904761904762