1 0.5766233766233766 0.8936507936507937 0.10649350649350649 0.2111111111111111
1 0.874025974025974 0.919047619047619 0.12597402597402596 0.1619047619047619
1 0.6805194805194805 0.8476190476190476 0.09480519480519481 0.26666666666666666
1 0.551948051948052 0.665079365079365 0.06363636363636363 0.1746031746031746
1 0.5909090909090909 0.5238095238095238 0.046753246753246755 0.13333333333333333
1 0.5181818181818182 0.5349206349206349 0.048051948051948054 0.11746031746031746
1 0.5714285714285714 0.4301587301587302 0.02727272727272727 0.08253968253968254
1 0.5051948051948052 0.4126984126984127 0.03636363636363636 0.10793650793650794
1 0.5506493506493506 0.3634920634920635 0.02857142857142857 0.0746031746031746
1 0.5883116883116883 0.35873015873015873 0.02727272727272727 0.046031746031746035
1 0.5974025974025974 0.3238095238095238 0.01948051948051948 0.05238095238095238
3 0.4987012987012987 0.32063492063492066 0.02857142857142857 0.1111111111111111
3 0.4779220779220779 0.2492063492063492 0.025974025974025976 0.07142857142857142
3 0.4701298701298701 0.19365079365079366 0.014285714285714285 0.03650793650793651
3 0.5051948051948052 0.19365079365079366 0.016883116883116882 0.050793650793650794
2 0.5012987012987012 0.2396825396825397 0.007792207792207792 0.03492063492063492
1 0.5064935064935064 0.21904761904761905 0.014285714285714285 0.025396825396825397
1 0.525974025974026 0.24761904761904763 0.024675324675324677 0.03650793650793651
1 0.5311688311688312 0.2857142857142857 0.023376623376623377 0.046031746031746035
1 0.5337662337662338 0.21587301587301588 0.015584415584415584 0.02857142857142857
1 0.5441558441558442 0.20476190476190476 0.01038961038961039 0.020634920634920634
3 0.4623376623376623 0.14444444444444443 0.01038961038961039 0.03015873015873016
2 0.45584415584415583 0.19523809523809524 0.005194805194805195 0.03333333333333333
1 0.461038961038961 0.173015873015873 0.01038961038961039 0.015873015873015872
2 0.4727272727272727 0.16507936507936508 0.007792207792207792 0.01904761904761905
1 0.4714285714285714 0.15714285714285714 0.01038961038961039 0.01904761904761905
2 0.487012987012987 0.19206349206349208 0.005194805194805195 0.03015873015873016
1 0.4987012987012987 0.1746031746031746 0.011688311688311689 0.01904761904761905
2 0.4831168831168831 0.173015873015873 0.006493506493506494 0.026984126984126985
1 0.4948051948051948 0.16031746031746033 0.01038961038961039 0.01904761904761905
1 0.4844155844155844 0.15396825396825398 0.006493506493506494 0.014285714285714285
1 0.4896103896103896 0.14285714285714285 0.005194805194805195 0.011111111111111112
2 0.4753246753246753 0.14126984126984127 0.005194805194805195 0.020634920634920634
1 0.487012987012987 0.1349206349206349 0.007792207792207792 0.012698412698412698
1 0.4818181818181818 0.13015873015873017 0.006493506493506494 0.012698412698412698
1 0.4831168831168831 0.12380952380952381 0.006493506493506494 0.014285714285714285
2 0.4727272727272727 0.10793650793650794 0.0025974025974025974 0.012698412698412698
2 0.4753246753246753 0.1111111111111111 0.0025974025974025974 0.014285714285714285
1 0.4844155844155844 0.1126984126984127 0.006493506493506494 0.011111111111111112
1 0.4961038961038961 0.11904761904761904 0.01038961038961039 0.014285714285714285
1 0.4636363636363636 0.1253968253968254 0.00909090909090909 0.012698412698412698
1 0.4688311688311688 0.11904761904761904 0.00909090909090909 0.01904761904761905
2 0.9766233766233766 0.6476190476190476 0.03506493506493506 0.13333333333333333
2 0.8025974025974026 0.8095238095238095 0.04025974025974026 0.1111111111111111
2 0.8480519480519481 0.7904761904761904 0.03896103896103896 0.09365079365079365
2 0.7831168831168831 0.9349206349206349 0.05454545454545454 0.13015873015873017
2 0.712987012987013 0.7714285714285715 0.02987012987012987 0.12222222222222222
2 0.7493506493506493 0.765079365079365 0.033766233766233764 0.14126984126984127
2 0.7896103896103897 0.7301587301587301 0.02857142857142857 0.10158730158730159
2 0.7415584415584415 0.6682539682539682 0.01948051948051948 0.09523809523809523
2 0.7740259740259741 0.653968253968254 0.023376623376623377 0.08253968253968254
2 0.6831168831168831 0.6952380952380952 0.01948051948051948 0.1
2 0.7090909090909091 0.6746031746031746 0.024675324675324677 0.10634920634920635
2 0.7389610389610389 0.6158730158730159 0.01818181818181818 0.08412698412698413
2 0.6935064935064935 0.6063492063492063 0.01818181818181818 0.0761904761904762
2 0.7012987012987013 0.5714285714285714 0.01948051948051948 0.09365079365079365
2 0.6961038961038961 0.5285714285714286 0.01948051948051948 0.08253968253968254
2 0.6961038961038961 0.49206349206349204 0.014285714285714285 0.06349206349206349
2 0.6727272727272727 0.5523809523809524 0.024675324675324677 0.09206349206349207
2 0.6428571428571429 0.5666666666666667 0.01818181818181818 0.09206349206349207
2 0.6285714285714286 0.5111111111111111 0.011688311688311689 0.07777777777777778
2 0.6441558441558441 0.49682539682539684 0.016883116883116882 0.08095238095238096
2 0.6597402597402597 0.4777777777777778 0.012987012987012988 0.07777777777777778
2 0.6701298701298701 0.4444444444444444 0.012987012987012988 0.0746031746031746
2 0.6493506493506493 0.4365079365079365 0.012987012987012988 0.06349206349206349
2 0.6350649350649351 0.4158730158730159 0.011688311688311689 0.07301587301587302
2 0.6532467532467533 0.4111111111111111 0.011688311688311689 0.05714285714285714
2 0.6168831168831169 0.46984126984126984 0.01038961038961039 0.06507936507936508
2 0.6246753246753247 0.4492063492063492 0.012987012987012988 0.06825396825396825
2 0.5974025974025974 0.41904761904761906 0.015584415584415584 0.06825396825396825
2 0.6181818181818182 0.40634920634920635 0.01038961038961039 0.05396825396825397
2 0.6285714285714286 0.39206349206349206 0.007792207792207792 0.050793650793650794
2 0.6480519480519481 0.38412698412698415 0.01038961038961039 0.03968253968253968
2 0.6402597402597403 0.36984126984126986 0.00909090909090909 0.04126984126984127
2 0.6168831168831169 0.3619047619047619 0.011688311688311689 0.05555555555555555
2 0.6311688311688312 0.3523809523809524 0.007792207792207792 0.050793650793650794
2 0.5441558441558442 0.4857142857142857 0.014285714285714285 0.07936507936507936
2 0.5415584415584416 0.44285714285714284 0.012987012987012988 0.05714285714285714
2 0.538961038961039 0.4095238095238095 0.012987012987012988 0.06031746031746032
2 0.5246753246753246 0.34444444444444444 0.00909090909090909 0.05396825396825397
2 0.5701298701298702 0.3333333333333333 0.00909090909090909 0.04285714285714286
2 0.561038961038961 0.32063492063492066 0.00909090909090909 0.03650793650793651
2 0.5714285714285714 0.30317460317460315 0.01038961038961039 0.03650793650793651
2 0.5805194805194805 0.2984126984126984 0.00909090909090909 0.0380952380952381
2 0.6116883116883117 0.31746031746031744 0.006493506493506494 0.03968253968253968
2 0.577922077922078 0.2777777777777778 0.007792207792207792 0.026984126984126985
2 0.587012987012987 0.28095238095238095 0.007792207792207792 0.03492063492063492
2 0.5961038961038961 0.28253968253968254 0.007792207792207792 0.03492063492063492
2 0.5545454545454546 0.30793650793650795 0.007792207792207792 0.03333333333333333
2 0.5597402597402598 0.29523809523809524 0.007792207792207792 0.02857142857142857
2 0.5506493506493506 0.2841269841269841 0.00909090909090909 0.02857142857142857
2 0.5584415584415584 0.2777777777777778 0.011688311688311689 0.031746031746031744
2 0.5662337662337662 0.2777777777777778 0.006493506493506494 0.023809523809523808
2 0.5415584415584416 0.24285714285714285 0.00909090909090909 0.026984126984126985
2 0.5454545454545454 0.24761904761904763 0.00909090909090909 0.023809523809523808
2 0.5558441558441558 0.2396825396825397 0.006493506493506494 0.025396825396825397
2 0.561038961038961 0.25873015873015875 0.006493506493506494 0.02857142857142857
2 0.5636363636363636 0.24761904761904763 0.007792207792207792 0.02857142857142857
2 0.5714285714285714 0.24444444444444444 0.007792207792207792 0.025396825396825397
2 0.5714285714285714 0.2650793650793651 0.006493506493506494 0.031746031746031744
2 0.5792207792207792 0.2619047619047619 0.005194805194805195 0.025396825396825397
2 0.5207792207792208 0.3126984126984127 0.007792207792207792 0.0380952380952381
2 0.5272727272727272 0.319047619047619 0.007792207792207792 0.03015873015873016
2 0.5064935064935064 0.2619047619047619 0.006493506493506494 0.03015873015873016
2 0.512987012987013 0.2761904761904762 0.007792207792207792 0.03015873015873016
2 0.4597402597402597 0.2523809523809524 0.00909090909090909 0.049206349206349205
2 0.45454545454545453 0.23174603174603176 0.006493506493506494 0.03650793650793651
2 0.4935064935064935 0.2253968253968254 0.007792207792207792 0.03333333333333333
2 0.4844155844155844 0.20317460317460317 0.007792207792207792 0.03015873015873016
2 0.4896103896103896 0.2111111111111111 0.006493506493506494 0.03015873015873016
2 0.5233766233766234 0.20476190476190476 0.005194805194805195 0.02857142857142857
2 0.5194805194805194 0.18412698412698414 0.005194805194805195 0.022222222222222223
2 0.5311688311688312 0.18888888888888888 0.007792207792207792 0.026984126984126985
2 0.5415584415584416 0.18253968253968253 0.006493506493506494 0.025396825396825397
2 0.5246753246753246 0.18253968253968253 0.005194805194805195 0.01904761904761905
2 0.5116883116883116 0.1619047619047619 0.005194805194805195 0.022222222222222223
2 0.5181818181818182 0.1634920634920635 0.005194805194805195 0.01746031746031746
2 0.5233766233766234 0.16031746031746033 0.005194805194805195 0.01746031746031746
2 0.5064935064935064 0.1634920634920635 0.005194805194805195 0.01746031746031746
2 0.5285714285714286 0.1634920634920635 0.005194805194805195 0.01746031746031746
2 0.4961038961038961 0.1380952380952381 0.003896103896103896 0.01746031746031746
2 0.5 0.1380952380952381 0.005194805194805195 0.022222222222222223
2 0.5064935064935064 0.1492063492063492 0.003896103896103896 0.01746031746031746
2 0.5038961038961038 0.12222222222222222 0.003896103896103896 0.01746031746031746
1 0.4909090909090909 0.10476190476190476 0.005194805194805195 0.01904761904761905
1 0.4831168831168831 0.10158730158730159 0.005194805194805195 0.011111111111111112
1 0.5 0.10952380952380952 0.005194805194805195 0.011111111111111112
2 0.4974025974025974 0.1 0.003896103896103896 0.012698412698412698
1 0.4935064935064935 0.09365079365079365 0.005194805194805195 0.012698412698412698
2 0.5 0.09365079365079365 0.003896103896103896 0.009523809523809525
2 0.5038961038961038 0.1111111111111111 0.003896103896103896 0.015873015873015872
2 0.5051948051948052 0.09365079365079365 0.0025974025974025974 0.009523809523809525
2 0.5051948051948052 0.0873015873015873 0.003896103896103896 0.009523809523809525