2 0.5051948051948052 0.10317460317460317 0.00909090909090909 0.020634920634920634
1 0.4818181818181818 0.11587301587301588 0.016883116883116882 0.03015873015873016
2 0.5025974025974026 0.17142857142857143 0.012987012987012988 0.031746031746031744
2 0.5155844155844156 0.21746031746031746 0.012987012987012988 0.04285714285714286
2 0.5272727272727272 0.23174603174603176 0.01038961038961039 0.05238095238095238
2 0.5623376623376624 0.2968253968253968 0.01818181818181818 0.05873015873015873
2 0.5974025974025974 0.35079365079365077 0.02727272727272727 0.06666666666666667
2 0.674025974025974 0.4793650793650794 0.01948051948051948 0.06825396825396825
2 0.6662337662337663 0.5142857142857142 0.025974025974025976 0.09682539682539683
1 0.5155844155844156 0.4396825396825397 0.05454545454545454 0.11904761904761904
1 0.512987012987013 0.5444444444444444 0.06493506493506493 0.14761904761904762
1 0.5506493506493506 0.7380952380952381 0.09220779220779221 0.20952380952380953
1 0.6467532467532467 0.6158730158730159 0.08571428571428572 0.15873015873015872
1 0.7012987012987013 0.8539682539682539 0.10649350649350649 0.2507936507936508
2 0.6961038961038961 0.5698412698412698 0.02077922077922078 0.10952380952380952
2 0.6545454545454545 0.7174603174603175 0.04025974025974026 0.1111111111111111
2 0.5285714285714286 0.9444444444444444 0.048051948051948054 0.1111111111111111
2 0.5987012987012987 0.9031746031746032 0.04155844155844156 0.1761904761904762
2 0.6337662337662338 0.8365079365079365 0.03766233766233766 0.14126984126984127
2 0.6441558441558441 0.9507936507936507 0.04025974025974026 0.09841269841269841
2 0.7415584415584415 0.7412698412698413 0.03766233766233766 0.09682539682539683
2 0.7883116883116883 0.7444444444444445 0.03506493506493506 0.12222222222222222
2 0.7831168831168831 0.8047619047619048 0.03506493506493506 0.1126984126984127
2 0.7532467532467533 0.8317460317460318 0.033766233766233764 0.10793650793650794
2 0.7935064935064935 0.9253968253968254 0.04025974025974026 0.14761904761904762
2 0.8246753246753247 0.9015873015873016 0.032467532467532464 0.13333333333333333
2 0.8506493506493507 0.8698412698412699 0.03506493506493506 0.13015873015873017
2 0.8441558441558441 0.973015873015873 0.03636363636363636 0.05396825396825397
2 0.8753246753246753 0.9603174603174603 0.03636363636363636 0.07936507936507936
2 0.9064935064935065 0.9428571428571428 0.03896103896103896 0.11428571428571428