1 0.7 0.9031746031746032 0.11688311688311688 0.19365079365079366
1 0.7597402597402597 0.7238095238095238 0.12337662337662338 0.2126984126984127
1 0.6285714285714286 0.6365079365079365 0.09480519480519481 0.18095238095238095
1 0.5909090909090909 0.5126984126984127 0.07012987012987013 0.1111111111111111
1 0.5207792207792208 0.6746031746031746 0.07272727272727272 0.16666666666666666
1 0.5415584415584416 0.36507936507936506 0.048051948051948054 0.08412698412698413
1 0.5909090909090909 0.3492063492063492 0.04415584415584416 0.09841269841269841
1 0.5038961038961038 0.3111111111111111 0.03506493506493506 0.08253968253968254
1 0.5506493506493506 0.28253968253968254 0.02727272727272727 0.05396825396825397
2 0.5194805194805194 0.5587301587301587 0.032467532467532464 0.08412698412698413
2 0.538961038961039 0.2492063492063492 0.016883116883116882 0.03650793650793651
2 0.5233766233766234 0.21904761904761905 0.00909090909090909 0.03650793650793651
2 0.4857142857142857 0.14285714285714285 0.006493506493506494 0.020634920634920634
2 0.43636363636363634 0.11428571428571428 0.007792207792207792 0.020634920634920634
2 0.45064935064935063 0.12063492063492064 0.006493506493506494 0.01904761904761905
2 0.45064935064935063 0.10476190476190476 0.00909090909090909 0.01904761904761905
2 0.45454545454545453 0.09047619047619047 0.005194805194805195 0.01746031746031746
3 0.5545454545454546 0.8761904761904762 0.14285714285714285 0.24761904761904763
3 0.4584415584415584 0.30793650793650795 0.053246753246753244 0.1380952380952381
3 0.44155844155844154 0.16984126984126985 0.025974025974025976 0.0746031746031746
0 0.4935064935064935 0.20793650793650795 0.048051948051948054 0.1111111111111111
0 0.4701298701298701 0.12380952380952381 0.025974025974025976 0.046031746031746035
1 0.4662337662337662 0.15873015873015872 0.015584415584415584 0.03650793650793651
1 0.44285714285714284 0.0873015873015873 0.01038961038961039 0.01746031746031746