2 0.35844155844155845 0.5904761904761905 0.0012987012987012987 0.0015873015873015873
2 0.7688311688311689 0.8888888888888888 0.04155844155844156 0.17777777777777778
2 0.8766233766233766 0.9777777777777777 0.03636363636363636 0.044444444444444446
2 0.6883116883116883 0.680952380952381 0.03636363636363636 0.13015873015873017
2 0.7207792207792207 0.5952380952380952 0.023376623376623377 0.11428571428571428
2 0.6519480519480519 0.5285714285714286 0.01818181818181818 0.1
2 0.6844155844155844 0.5 0.01948051948051948 0.09841269841269841
2 0.5857142857142857 0.34444444444444444 0.01818181818181818 0.06666666666666667
2 0.574025974025974 0.30158730158730157 0.01038961038961039 0.05555555555555555
2 0.5974025974025974 0.32063492063492066 0.016883116883116882 0.044444444444444446
1 0.5142857142857142 0.37142857142857144 0.04025974025974026 0.0873015873015873
2 0.5285714285714286 0.3 0.02077922077922078 0.05873015873015873
2 0.5675324675324676 0.2746031746031746 0.014285714285714285 0.046031746031746035
2 0.5155844155844156 0.18888888888888888 0.012987012987012988 0.031746031746031744
2 0.512987012987013 0.1634920634920635 0.012987012987012988 0.025396825396825397
2 0.4714285714285714 0.13333333333333333 0.014285714285714285 0.03333333333333333
2 0.4805194805194805 0.1126984126984127 0.011688311688311689 0.01904761904761905
1 0.535064935064935 0.25555555555555554 0.024675324675324677 0.06190476190476191
1 0.5 0.3142857142857143 0.032467532467532464 0.06984126984126984
1 0.577922077922078 0.9206349206349206 0.12597402597402596 0.15714285714285714
1 0.8142857142857143 0.8158730158730159 0.17142857142857143 0.22380952380952382