1 0.5571428571428572 0.6444444444444445 0.07922077922077922 0.1873015873015873
1 0.6753246753246753 0.819047619047619 0.11038961038961038 0.2571428571428571
1 0.5038961038961038 0.22380952380952382 0.02857142857142857 0.06825396825396825
2 0.4831168831168831 0.1349206349206349 0.005194805194805195 0.022222222222222223
1 0.4818181818181818 0.12380952380952381 0.00909090909090909 0.01904761904761905
1 0.474025974025974 0.10793650793650794 0.01038961038961039 0.03015873015873016
2 0.5025974025974026 0.10158730158730159 0.005194805194805195 0.015873015873015872
2 0.4883116883116883 0.13968253968253969 0.006493506493506494 0.020634920634920634
2 0.4961038961038961 0.16507936507936508 0.007792207792207792 0.022222222222222223
2 0.4961038961038961 0.14761904761904762 0.006493506493506494 0.01746031746031746
2 0.5 0.1365079365079365 0.006493506493506494 0.01746031746031746
2 0.5064935064935064 0.1492063492063492 0.006493506493506494 0.02857142857142857
2 0.5025974025974026 0.17777777777777778 0.006493506493506494 0.026984126984126985
2 0.5103896103896104 0.18888888888888888 0.007792207792207792 0.026984126984126985
2 0.5402597402597402 0.21587301587301588 0.00909090909090909 0.02857142857142857
2 0.5597402597402598 0.2841269841269841 0.012987012987012988 0.047619047619047616
2 0.5714285714285714 0.33015873015873015 0.012987012987012988 0.05873015873015873
2 0.5935064935064935 0.32222222222222224 0.014285714285714285 0.05396825396825397
2 0.6506493506493507 0.48253968253968255 0.02207792207792208 0.08888888888888889
2 0.6532467532467533 0.4380952380952381 0.016883116883116882 0.06984126984126984
2 0.7415584415584415 0.7587301587301587 0.032467532467532464 0.10793650793650794
2 0.7662337662337663 0.8317460317460318 0.03506493506493506 0.13174603174603175
2 0.8051948051948052 0.7492063492063492 0.04025974025974026 0.11428571428571428
2 0.7818181818181819 0.6730158730158731 0.03636363636363636 0.1
2 0.9441558441558442 0.9317460317460318 0.05584415584415584 0.1349206349206349
2 0.8688311688311688 0.8888888888888888 0.03636363636363636 0.14444444444444443
2 0.8519480519480519 0.9285714285714286 0.03766233766233766 0.14126984126984127
2 0.8142857142857143 0.946031746031746 0.05714285714285714 0.10634920634920635
2 0.5493506493506494 0.953968253968254 0.06233766233766234 0.09206349206349207
2 0.6194805194805195 0.9650793650793651 0.05064935064935065 0.06825396825396825
2 0.6961038961038961 0.9841269841269841 0.03896103896103896 0.03015873015873016
2 0.7701298701298701 0.9777777777777777 0.04025974025974026 0.04285714285714286