3 0.5311688311688312 0.5365079365079365 0.06493506493506493 0.24761904761904763
3 0.5103896103896104 0.4095238095238095 0.045454545454545456 0.13174603174603175
1 0.6623376623376623 0.573015873015873 0.05714285714285714 0.14285714285714285
1 0.6584415584415585 0.4857142857142857 0.046753246753246755 0.0761904761904762
1 0.6012987012987013 0.4746031746031746 0.03896103896103896 0.09682539682539683
1 0.5662337662337662 0.39365079365079364 0.03636363636363636 0.0746031746031746
1 0.638961038961039 0.4158730158730159 0.045454545454545456 0.06984126984126984
1 0.612987012987013 0.353968253968254 0.03116883116883117 0.05238095238095238
1 0.4883116883116883 0.32857142857142857 0.02207792207792208 0.06031746031746032
1 0.4922077922077922 0.2841269841269841 0.01948051948051948 0.03968253968253968
1 0.4779220779220779 0.22698412698412698 0.01948051948051948 0.04126984126984127
1 0.487012987012987 0.24444444444444444 0.015584415584415584 0.023809523809523808
2 0.5285714285714286 0.28888888888888886 0.00909090909090909 0.046031746031746035
1 0.5298701298701298 0.2698412698412698 0.01818181818181818 0.03492063492063492
1 0.5441558441558442 0.30317460317460315 0.016883116883116882 0.03492063492063492
3 0.5727272727272728 0.2650793650793651 0.01948051948051948 0.03650793650793651
1 0.5194805194805194 0.2396825396825397 0.01818181818181818 0.026984126984126985
1 0.5428571428571428 0.22857142857142856 0.014285714285714285 0.02857142857142857
1 0.5142857142857142 0.2126984126984127 0.016883116883116882 0.025396825396825397
1 0.6753246753246753 0.8365079365079365 0.07402597402597402 0.2126984126984127
1 0.5597402597402598 0.7587301587301587 0.06753246753246753 0.22698412698412698
1 0.5753246753246753 0.9396825396825397 0.07532467532467532 0.12063492063492064
1 0.7532467532467533 0.9793650793650793 0.08181818181818182 0.03968253968253968
2 0.9844155844155844 0.6761904761904762 0.02727272727272727 0.12222222222222222
2 0.9584415584415584 0.8428571428571429 0.03116883116883117 0.15396825396825398
2 0.9597402597402598 0.9444444444444444 0.03766233766233766 0.10952380952380952
2 0.9116883116883117 0.9444444444444444 0.04025974025974026 0.1111111111111111
2 0.8363636363636363 0.9158730158730158 0.03636363636363636 0.13015873015873017
2 0.861038961038961 0.9666666666666667 0.033766233766233764 0.06666666666666667
2 0.7610389610389611 0.8825396825396825 0.03896103896103896 0.13015873015873017
2 0.8051948051948052 0.9523809523809523 0.03766233766233766 0.09523809523809523
2 0.7844155844155845 0.8380952380952381 0.03116883116883117 0.13333333333333333
2 0.8233766233766234 0.8507936507936508 0.02857142857142857 0.09206349206349207
2 0.8558441558441559 0.8063492063492064 0.02207792207792208 0.13015873015873017
2 0.8922077922077922 0.8746031746031746 0.04155844155844156 0.11904761904761904
2 0.7441558441558441 0.7888888888888889 0.02987012987012987 0.12222222222222222
2 0.7662337662337663 0.7587301587301587 0.02727272727272727 0.1253968253968254
2 0.8064935064935065 0.780952380952381 0.02727272727272727 0.1380952380952381
2 0.8298701298701299 0.7507936507936508 0.023376623376623377 0.13968253968253969
2 0.7883116883116883 0.7301587301587301 0.024675324675324677 0.10476190476190476
2 0.7064935064935065 0.7380952380952381 0.033766233766233764 0.12698412698412698
2 0.7779220779220779 0.6428571428571429 0.02857142857142857 0.10476190476190476
2 0.7454545454545455 0.7047619047619048 0.023376623376623377 0.08888888888888889
2 0.7558441558441559 0.6698412698412698 0.01948051948051948 0.08571428571428572
2 0.7103896103896103 0.6428571428571429 0.02727272727272727 0.09047619047619047
2 0.7155844155844155 0.707936507936508 0.02207792207792208 0.11428571428571428
2 0.6337662337662338 0.6936507936507936 0.023376623376623377 0.10952380952380952
2 0.6675324675324675 0.6968253968253968 0.025974025974025976 0.1
2 0.6155844155844156 0.7476190476190476 0.023376623376623377 0.13333333333333333
2 0.5857142857142857 0.6698412698412698 0.023376623376623377 0.12063492063492064
2 0.6168831168831169 0.6365079365079365 0.01948051948051948 0.10476190476190476
2 0.5935064935064935 0.6079365079365079 0.01818181818181818 0.09365079365079365
2 0.6155844155844156 0.5857142857142857 0.023376623376623377 0.06666666666666667
2 0.5974025974025974 0.553968253968254 0.02077922077922078 0.08253968253968254
2 0.577922077922078 0.5317460317460317 0.016883116883116882 0.08571428571428572
2 0.8545454545454545 0.45396825396825397 0.02077922077922078 0.07777777777777778
2 0.8558441558441559 0.40634920634920635 0.01948051948051948 0.06666666666666667
2 0.6038961038961039 0.4222222222222222 0.011688311688311689 0.03650793650793651
2 0.5922077922077922 0.39206349206349206 0.01038961038961039 0.049206349206349205
2 0.6 0.4031746031746032 0.01038961038961039 0.044444444444444446
2 0.6532467532467533 0.3904761904761905 0.012987012987012988 0.047619047619047616
2 0.6441558441558441 0.36984126984126986 0.01038961038961039 0.03015873015873016
2 0.6376623376623377 0.35873015873015873 0.00909090909090909 0.03333333333333333
2 0.6311688311688312 0.3380952380952381 0.007792207792207792 0.04285714285714286
2 0.5766233766233766 0.3523809523809524 0.00909090909090909 0.047619047619047616
2 0.5441558441558442 0.3523809523809524 0.01038961038961039 0.03968253968253968
2 0.5545454545454546 0.34285714285714286 0.011688311688311689 0.04126984126984127
2 0.5636363636363636 0.3492063492063492 0.01038961038961039 0.022222222222222223
2 0.5844155844155844 0.373015873015873 0.011688311688311689 0.05396825396825397
2 0.6142857142857143 0.3126984126984127 0.01038961038961039 0.03333333333333333
2 0.5974025974025974 0.30158730158730157 0.01038961038961039 0.0380952380952381
2 0.561038961038961 0.30158730158730157 0.011688311688311689 0.049206349206349205
2 0.4636363636363636 0.25396825396825395 0.011688311688311689 0.05396825396825397
2 0.45584415584415583 0.1984126984126984 0.00909090909090909 0.03650793650793651
1 0.474025974025974 0.1984126984126984 0.015584415584415584 0.026984126984126985
1 0.4636363636363636 0.15396825396825398 0.016883116883116882 0.02857142857142857
1 0.4636363636363636 0.13174603174603175 0.011688311688311689 0.01904761904761905
1 0.4701298701298701 0.12380952380952381 0.011688311688311689 0.03015873015873016
1 0.4961038961038961 0.16031746031746033 0.011688311688311689 0.01904761904761905
2 0.4779220779220779 0.1746031746031746 0.007792207792207792 0.03015873015873016
2 0.4805194805194805 0.1492063492063492 0.007792207792207792 0.025396825396825397
2 0.5714285714285714 0.31746031746031744 0.01038961038961039 0.04285714285714286
2 0.5844155844155844 0.3380952380952381 0.01038961038961039 0.04285714285714286
2 0.5831168831168831 0.30634920634920637 0.007792207792207792 0.03492063492063492
2 0.574025974025974 0.2920634920634921 0.00909090909090909 0.0380952380952381
2 0.5402597402597402 0.33015873015873015 0.01038961038961039 0.03968253968253968
2 0.4922077922077922 0.13968253968253969 0.007792207792207792 0.022222222222222223
2 0.5051948051948052 0.13968253968253969 0.006493506493506494 0.025396825396825397
2 0.4896103896103896 0.18412698412698414 0.006493506493506494 0.025396825396825397
2 0.4987012987012987 0.18095238095238095 0.007792207792207792 0.025396825396825397
2 0.4922077922077922 0.20952380952380953 0.007792207792207792 0.025396825396825397
2 0.5 0.2015873015873016 0.006493506493506494 0.020634920634920634
2 0.5025974025974026 0.23809523809523808 0.006493506493506494 0.03650793650793651
2 0.5025974025974026 0.26825396825396824 0.007792207792207792 0.031746031746031744
2 0.509090909090909 0.2698412698412698 0.006493506493506494 0.04285714285714286
2 0.5142857142857142 0.30158730158730157 0.01038961038961039 0.031746031746031744
2 0.5168831168831168 0.27936507936507937 0.005194805194805195 0.025396825396825397
2 0.548051948051948 0.2634920634920635 0.006493506493506494 0.031746031746031744
2 0.5558441558441558 0.26825396825396824 0.006493506493506494 0.03333333333333333
2 0.4792207792207792 0.11428571428571428 0.003896103896103896 0.015873015873015872
2 0.4831168831168831 0.10317460317460317 0.003896103896103896 0.012698412698412698
2 0.4896103896103896 0.12698412698412698 0.005194805194805195 0.01746031746031746
2 0.4844155844155844 0.11904761904761904 0.003896103896103896 0.01904761904761905
2 0.4922077922077922 0.11428571428571428 0.003896103896103896 0.014285714285714285
2 0.4935064935064935 0.10317460317460317 0.003896103896103896 0.014285714285714285
2 0.5012987012987012 0.10158730158730159 0.003896103896103896 0.014285714285714285
2 0.5 0.12857142857142856 0.005194805194805195 0.01746031746031746
2 0.4961038961038961 0.12222222222222222 0.005194805194805195 0.01746031746031746
2 0.5 0.11428571428571428 0.005194805194805195 0.014285714285714285
2 0.5077922077922078 0.10317460317460317 0.003896103896103896 0.014285714285714285
2 0.5064935064935064 0.13015873015873017 0.003896103896103896 0.020634920634920634
2 0.5077922077922078 0.15873015873015872 0.006493506493506494 0.023809523809523808
2 0.512987012987013 0.1619047619047619 0.005194805194805195 0.025396825396825397
2 0.5181818181818182 0.15873015873015872 0.006493506493506494 0.020634920634920634
2 0.5103896103896104 0.18253968253968253 0.005194805194805195 0.020634920634920634
2 0.512987012987013 0.19523809523809524 0.005194805194805195 0.020634920634920634
2 0.5571428571428572 0.23015873015873015 0.007792207792207792 0.03968253968253968
2 0.525974025974026 0.21428571428571427 0.006493506493506494 0.02857142857142857
2 0.5324675324675324 0.23333333333333334 0.005194805194805195 0.023809523809523808
2 0.548051948051948 0.2015873015873016 0.006493506493506494 0.025396825396825397
2 0.5532467532467532 0.20952380952380953 0.005194805194805195 0.023809523809523808
2 0.5415584415584416 0.19047619047619047 0.005194805194805195 0.020634920634920634
2 0.5272727272727272 0.16825396825396827 0.005194805194805195 0.026984126984126985
2 0.525974025974026 0.18888888888888888 0.005194805194805195 0.022222222222222223
2 0.5363636363636364 0.18412698412698414 0.005194805194805195 0.01904761904761905
2 0.5194805194805194 0.18888888888888888 0.006493506493506494 0.025396825396825397
2 0.535064935064935 0.20317460317460317 0.005194805194805195 0.022222222222222223
2 0.5207792207792208 0.3253968253968254 0.012987012987012988 0.0380952380952381
2 0.4727272727272727 0.3238095238095238 0.00909090909090909 0.05714285714285714