1 0.564935064935065 0.7841269841269841 0.1012987012987013 0.2761904761904762
1 0.7012987012987013 0.8603174603174604 0.11688311688311688 0.2492063492063492
1 0.7714285714285715 0.7396825396825397 0.12857142857142856 0.24444444444444444
2 0.8493506493506493 0.9682539682539683 0.048051948051948054 0.06349206349206349
2 0.9194805194805195 0.9809523809523809 0.03116883116883117 0.0380952380952381
2 0.6649350649350649 0.4793650793650794 0.05194805194805195 0.10952380952380952
2 0.4961038961038961 0.2761904761904762 0.015584415584415584 0.050793650793650794
2 0.5077922077922078 0.2507936507936508 0.015584415584415584 0.049206349206349205
2 0.5116883116883116 0.20793650793650795 0.015584415584415584 0.0380952380952381
2 0.4935064935064935 0.17777777777777778 0.00909090909090909 0.031746031746031744
2 0.5051948051948052 0.16984126984126985 0.007792207792207792 0.03650793650793651
2 0.4987012987012987 0.1619047619047619 0.005194805194805195 0.025396825396825397
2 0.4961038961038961 0.15079365079365079 0.007792207792207792 0.022222222222222223
2 0.5051948051948052 0.13015873015873017 0.005194805194805195 0.023809523809523808
2 0.5 0.11587301587301588 0.006493506493506494 0.020634920634920634
2 0.4831168831168831 0.1126984126984127 0.006493506493506494 0.022222222222222223