1 0.5402597402597402 0.6238095238095238 0.05714285714285714 0.1634920634920635
1 0.6350649350649351 0.5952380952380952 0.05064935064935065 0.13333333333333333
1 0.7051948051948052 0.8809523809523809 0.09610389610389611 0.23809523809523808
1 0.8558441558441559 0.9126984126984127 0.09610389610389611 0.1746031746031746
1 0.5987012987012987 0.4634920634920635 0.046753246753246755 0.09682539682539683
1 0.6493506493506493 0.4444444444444444 0.04285714285714286 0.09841269841269841
1 0.551948051948052 0.3825396825396825 0.033766233766233764 0.07301587301587302
1 0.4974025974025974 0.373015873015873 0.02987012987012987 0.07777777777777778
1 0.535064935064935 0.33650793650793653 0.024675324675324677 0.05555555555555555
1 0.4792207792207792 0.2761904761904762 0.024675324675324677 0.05238095238095238
1 0.5597402597402598 0.2857142857142857 0.024675324675324677 0.05238095238095238
1 0.5012987012987012 0.16666666666666666 0.014285714285714285 0.03333333333333333
1 0.5142857142857142 0.19682539682539682 0.014285714285714285 0.025396825396825397
2 0.5688311688311688 0.9507936507936507 0.03636363636363636 0.09841269841269841
2 0.6441558441558441 0.7365079365079366 0.02987012987012987 0.13174603174603175
2 0.7350649350649351 0.7015873015873015 0.025974025974025976 0.0873015873015873
2 0.7597402597402597 0.6857142857142857 0.032467532467532464 0.11428571428571428
2 0.7519480519480519 0.6142857142857143 0.032467532467532464 0.0761904761904762
2 0.6987012987012987 0.5968253968253968 0.033766233766233764 0.10317460317460317
2 0.6987012987012987 0.5158730158730159 0.025974025974025976 0.0873015873015873
2 0.5155844155844156 0.5253968253968254 0.01948051948051948 0.0761904761904762
2 0.5532467532467532 0.5126984126984127 0.024675324675324677 0.0761904761904762
2 0.5792207792207792 0.5634920634920635 0.02987012987012987 0.10952380952380952
2 0.522077922077922 0.49047619047619045 0.023376623376623377 0.09206349206349207
2 0.6 0.4 0.01818181818181818 0.050793650793650794
2 0.6220779220779221 0.37777777777777777 0.016883116883116882 0.05714285714285714
2 0.5831168831168831 0.3825396825396825 0.014285714285714285 0.05714285714285714
2 0.5948051948051948 0.353968253968254 0.012987012987012988 0.047619047619047616
2 0.6142857142857143 0.3476190476190476 0.015584415584415584 0.046031746031746035
2 0.5714285714285714 0.35714285714285715 0.012987012987012988 0.06190476190476191
2 0.551948051948052 0.3142857142857143 0.012987012987012988 0.049206349206349205
2 0.577922077922078 0.33650793650793653 0.01038961038961039 0.04126984126984127
2 0.5987012987012987 0.30634920634920637 0.01038961038961039 0.047619047619047616
2 0.587012987012987 0.3333333333333333 0.00909090909090909 0.044444444444444446
2 0.5857142857142857 0.3111111111111111 0.01038961038961039 0.03968253968253968
2 0.5844155844155844 0.2841269841269841 0.01038961038961039 0.03015873015873016
2 0.509090909090909 0.34285714285714286 0.012987012987012988 0.047619047619047616
2 0.4883116883116883 0.32857142857142857 0.012987012987012988 0.03492063492063492
2 0.5077922077922078 0.2714285714285714 0.00909090909090909 0.05555555555555555
2 0.5233766233766234 0.28888888888888886 0.007792207792207792 0.03650793650793651
2 0.5311688311688312 0.2761904761904762 0.007792207792207792 0.03650793650793651
2 0.5363636363636364 0.24444444444444444 0.00909090909090909 0.03650793650793651
2 0.5181818181818182 0.24603174603174602 0.01038961038961039 0.03968253968253968
2 0.5285714285714286 0.22857142857142856 0.007792207792207792 0.03015873015873016
2 0.5896103896103896 0.2698412698412698 0.006493506493506494 0.03333333333333333
2 0.5818181818181818 0.2714285714285714 0.006493506493506494 0.03015873015873016
2 0.5467532467532468 0.22857142857142856 0.007792207792207792 0.0380952380952381
2 0.538961038961039 0.2111111111111111 0.007792207792207792 0.03333333333333333
2 0.4883116883116883 0.24444444444444444 0.00909090909090909 0.03492063492063492
2 0.4727272727272727 0.24603174603174602 0.01038961038961039 0.0380952380952381
2 0.4636363636363636 0.2365079365079365 0.007792207792207792 0.03492063492063492
2 0.4636363636363636 0.2111111111111111 0.007792207792207792 0.03015873015873016
2 0.4649350649350649 0.19523809523809524 0.006493506493506494 0.025396825396825397
2 0.4818181818181818 0.19523809523809524 0.007792207792207792 0.02857142857142857
2 0.4948051948051948 0.2111111111111111 0.007792207792207792 0.03492063492063492
2 0.4727272727272727 0.2111111111111111 0.007792207792207792 0.03015873015873016
2 0.4753246753246753 0.18095238095238095 0.007792207792207792 0.03015873015873016
2 0.4675324675324675 0.1492063492063492 0.006493506493506494 0.025396825396825397
2 0.4792207792207792 0.14285714285714285 0.006493506493506494 0.023809523809523808
3 0.4688311688311688 0.11746031746031746 0.011688311688311689 0.02857142857142857
1 0.4805194805194805 0.13015873015873017 0.01038961038961039 0.022222222222222223
2 0.4987012987012987 0.26031746031746034 0.00909090909090909 0.03968253968253968
2 0.5584415584415584 0.24761904761904763 0.007792207792207792 0.03333333333333333
2 0.5688311688311688 0.2571428571428571 0.006493506493506494 0.02857142857142857
2 0.5727272727272728 0.26666666666666666 0.006493506493506494 0.03492063492063492
2 0.4883116883116883 0.19047619047619047 0.006493506493506494 0.03333333333333333
2 0.5 0.19047619047619047 0.007792207792207792 0.031746031746031744
2 0.4844155844155844 0.16825396825396827 0.005194805194805195 0.023809523809523808
2 0.4909090909090909 0.1746031746031746 0.006493506493506494 0.026984126984126985
2 0.4818181818181818 0.1619047619047619 0.006493506493506494 0.025396825396825397
2 0.4948051948051948 0.13174603174603175 0.006493506493506494 0.022222222222222223
2 0.5038961038961038 0.12857142857142856 0.005194805194805195 0.023809523809523808
2 0.4974025974025974 0.11746031746031746 0.006493506493506494 0.020634920634920634
2 0.4909090909090909 0.12222222222222222 0.005194805194805195 0.01904761904761905
1 0.4987012987012987 0.10158730158730159 0.005194805194805195 0.014285714285714285