2 0.5441558441558442 0.7238095238095238 0.03116883116883117 0.14126984126984127
2 0.7155844155844155 0.5698412698412698 0.02857142857142857 0.11904761904761904
2 0.5272727272727272 0.37142857142857144 0.02077922077922078 0.06825396825396825
2 0.5584415584415584 0.373015873015873 0.01818181818181818 0.06507936507936508
2 0.5597402597402598 0.3126984126984127 0.016883116883116882 0.05396825396825397
2 0.5844155844155844 0.32063492063492066 0.015584415584415584 0.05555555555555555
2 0.5857142857142857 0.29523809523809524 0.012987012987012988 0.03492063492063492
2 0.561038961038961 0.2571428571428571 0.01038961038961039 0.04126984126984127
2 0.5428571428571428 0.2634920634920635 0.01038961038961039 0.03968253968253968
2 0.5402597402597402 0.2507936507936508 0.005194805194805195 0.03333333333333333
1 0.5116883116883116 0.27936507936507937 0.02987012987012987 0.05238095238095238
2 0.5233766233766234 0.24761904761904763 0.00909090909090909 0.026984126984126985
2 0.474025974025974 0.24444444444444444 0.00909090909090909 0.03968253968253968
2 0.5012987012987012 0.20634920634920634 0.006493506493506494 0.03492063492063492
2 0.5064935064935064 0.19206349206349208 0.006493506493506494 0.02857142857142857
2 0.5194805194805194 0.21587301587301588 0.006493506493506494 0.026984126984126985
2 0.5233766233766234 0.2222222222222222 0.006493506493506494 0.022222222222222223
2 0.5298701298701298 0.2126984126984127 0.00909090909090909 0.03015873015873016
2 0.5103896103896104 0.15555555555555556 0.007792207792207792 0.023809523809523808
2 0.4831168831168831 0.1619047619047619 0.003896103896103896 0.025396825396825397
2 0.4987012987012987 0.13015873015873017 0.003896103896103896 0.01746031746031746
2 0.5025974025974026 0.13174603174603175 0.003896103896103896 0.015873015873015872
2 0.5064935064935064 0.1126984126984127 0.003896103896103896 0.015873015873015872
1 0.4922077922077922 0.11587301587301588 0.00909090909090909 0.01746031746031746
1 0.4909090909090909 0.15079365079365079 0.011688311688311689 0.025396825396825397
1 0.4922077922077922 0.1380952380952381 0.01038961038961039 0.012698412698412698
1 0.5857142857142857 0.4396825396825397 0.05714285714285714 0.11428571428571428
1 0.6051948051948052 0.9222222222222223 0.08831168831168831 0.15555555555555556
1 0.7766233766233767 0.9333333333333333 0.13636363636363635 0.13174603174603175