2 0.6922077922077922 0.9492063492063492 0.04025974025974026 0.10158730158730159
2 0.6584415584415585 0.9095238095238095 0.03766233766233766 0.1746031746031746
2 0.6493506493506493 0.8095238095238095 0.04025974025974026 0.12380952380952381
2 0.6337662337662338 0.7095238095238096 0.03766233766233766 0.08888888888888889
2 0.4922077922077922 0.553968253968254 0.02857142857142857 0.10952380952380952
2 0.7467532467532467 0.7428571428571429 0.032467532467532464 0.11904761904761904
2 0.8857142857142857 0.9793650793650793 0.046753246753246755 0.04126984126984127
2 0.9662337662337662 0.9873015873015873 0.032467532467532464 0.025396825396825397
2 0.9324675324675324 0.9349206349206349 0.045454545454545456 0.12857142857142856
2 0.861038961038961 0.7761904761904762 0.03896103896103896 0.12063492063492064
2 0.7818181818181819 0.734920634920635 0.033766233766233764 0.11428571428571428
2 0.8116883116883117 0.6968253968253968 0.03506493506493506 0.05873015873015873
2 0.8194805194805195 0.734920634920635 0.03506493506493506 0.05238095238095238
2 0.7857142857142857 0.6476190476190476 0.024675324675324677 0.10158730158730159
2 0.7584415584415585 0.6222222222222222 0.03116883116883117 0.11746031746031746
2 0.7415584415584415 0.5650793650793651 0.02207792207792208 0.05873015873015873
2 0.7298701298701299 0.5190476190476191 0.032467532467532464 0.08571428571428572
2 0.5792207792207792 0.5253968253968254 0.02207792207792208 0.047619047619047616
2 0.5662337662337662 0.5111111111111111 0.016883116883116882 0.05238095238095238
2 0.5584415584415584 0.47619047619047616 0.02077922077922078 0.05396825396825397
2 0.6168831168831169 0.5317460317460317 0.02207792207792208 0.050793650793650794
2 0.6454545454545455 0.5365079365079365 0.023376623376623377 0.050793650793650794
2 0.6506493506493507 0.5190476190476191 0.01818181818181818 0.08253968253968254
2 0.674025974025974 0.5142857142857142 0.02077922077922078 0.06984126984126984
2 0.6792207792207792 0.5380952380952381 0.02077922077922078 0.047619047619047616
2 0.7025974025974026 0.5142857142857142 0.024675324675324677 0.06190476190476191
2 0.6896103896103896 0.4857142857142857 0.023376623376623377 0.07777777777777778
2 0.6636363636363637 0.4857142857142857 0.01818181818181818 0.06190476190476191
2 0.6311688311688312 0.4746031746031746 0.02207792207792208 0.08095238095238096
2 0.6493506493506493 0.4603174603174603 0.02077922077922078 0.06825396825396825
2 0.6701298701298701 0.45555555555555555 0.01818181818181818 0.05396825396825397
2 0.5506493506493506 0.4238095238095238 0.02207792207792208 0.0761904761904762
2 0.5454545454545454 0.3873015873015873 0.016883116883116882 0.04285714285714286
2 0.5376623376623376 0.3603174603174603 0.01948051948051948 0.06190476190476191
2 0.4896103896103896 0.3968253968253968 0.02207792207792208 0.06507936507936508
2 0.4805194805194805 0.3634920634920635 0.01818181818181818 0.046031746031746035
2 0.4792207792207792 0.346031746031746 0.02077922077922078 0.03650793650793651
2 0.4779220779220779 0.3396825396825397 0.012987012987012988 0.05555555555555555
2 0.6168831168831169 0.4174603174603175 0.01818181818181818 0.04285714285714286
2 0.6207792207792208 0.3984126984126984 0.015584415584415584 0.046031746031746035
2 0.6415584415584416 0.4 0.01948051948051948 0.03650793650793651
2 0.6415584415584416 0.4238095238095238 0.01948051948051948 0.04285714285714286
2 0.6584415584415585 0.40793650793650793 0.015584415584415584 0.04126984126984127
2 0.6688311688311688 0.42698412698412697 0.02207792207792208 0.04285714285714286
1 0.7896103896103897 0.9412698412698413 0.12337662337662338 0.11587301587301588
1 0.8363636363636363 0.8603174603174604 0.13896103896103895 0.24603174603174602
1 0.6987012987012987 0.8 0.10519480519480519 0.23333333333333334
0 0.5727272727272728 0.7682539682539683 0.14285714285714285 0.4634920634920635
1 0.5337662337662338 0.5396825396825397 0.05064935064935065 0.0746031746031746
1 0.5246753246753246 0.4714285714285714 0.04935064935064935 0.09841269841269841
1 0.5974025974025974 0.4857142857142857 0.04935064935064935 0.09841269841269841
1 0.577922077922078 0.4174603174603175 0.05194805194805195 0.08095238095238096
1 0.5194805194805194 0.3984126984126984 0.046753246753246755 0.06666666666666667
1 0.5116883116883116 0.35873015873015873 0.03506493506493506 0.06190476190476191
2 0.6467532467532467 0.38095238095238093 0.02077922077922078 0.04285714285714286
2 0.6376623376623377 0.3634920634920635 0.016883116883116882 0.05714285714285714
2 0.6 0.3682539682539683 0.015584415584415584 0.047619047619047616
2 0.5883116883116883 0.3603174603174603 0.01818181818181818 0.05873015873015873
2 0.6103896103896104 0.35079365079365077 0.012987012987012988 0.049206349206349205
2 0.6298701298701299 0.3492063492063492 0.015584415584415584 0.06031746031746032
2 0.6233766233766234 0.33650793650793653 0.014285714285714285 0.05238095238095238
2 0.6142857142857143 0.31746031746031744 0.01038961038961039 0.049206349206349205
2 0.6038961038961039 0.30793650793650795 0.012987012987012988 0.04285714285714286
2 0.5909090909090909 0.30158730158730157 0.014285714285714285 0.050793650793650794
2 0.4636363636363636 0.24126984126984127 0.012987012987012988 0.050793650793650794
2 0.4818181818181818 0.18412698412698414 0.006493506493506494 0.026984126984126985
2 0.5168831168831168 0.2396825396825397 0.01038961038961039 0.04126984126984127
2 0.5337662337662338 0.20476190476190476 0.011688311688311689 0.023809523809523808
2 0.5441558441558442 0.20476190476190476 0.007792207792207792 0.01746031746031746
2 0.5532467532467532 0.20634920634920634 0.01038961038961039 0.01746031746031746
2 0.535064935064935 0.19206349206349208 0.007792207792207792 0.01904761904761905
2 0.5441558441558442 0.19047619047619047 0.00909090909090909 0.01746031746031746
2 0.4753246753246753 0.16507936507936508 0.00909090909090909 0.020634920634920634
2 0.5103896103896104 0.18253968253968253 0.007792207792207792 0.020634920634920634
2 0.5064935064935064 0.173015873015873 0.01038961038961039 0.01746031746031746
2 0.4948051948051948 0.1492063492063492 0.006493506493506494 0.020634920634920634
2 0.4753246753246753 0.11428571428571428 0.007792207792207792 0.020634920634920634
2 0.4948051948051948 0.11428571428571428 0.006493506493506494 0.015873015873015872
2 0.4909090909090909 0.1126984126984127 0.005194805194805195 0.01746031746031746
2 0.4831168831168831 0.10317460317460317 0.003896103896103896 0.01904761904761905
2 0.4779220779220779 0.1 0.005194805194805195 0.015873015873015872
2 0.5064935064935064 0.1349206349206349 0.005194805194805195 0.01746031746031746
2 0.5116883116883116 0.13333333333333333 0.003896103896103896 0.01746031746031746
2 0.4857142857142857 0.10634920634920635 0.003896103896103896 0.014285714285714285
2 0.5142857142857142 0.1349206349206349 0.005194805194805195 0.01746031746031746
2 0.5051948051948052 0.10476190476190476 0.005194805194805195 0.015873015873015872
2 0.5064935064935064 0.09523809523809523 0.005194805194805195 0.014285714285714285
2 0.4909090909090909 0.09682539682539683 0.003896103896103896 0.012698412698412698
1 0.5012987012987012 0.10317460317460317 0.01038961038961039 0.025396825396825397
1 0.5012987012987012 0.11904761904761904 0.014285714285714285 0.01746031746031746
1 0.5012987012987012 0.13015873015873017 0.011688311688311689 0.01904761904761905
1 0.4896103896103896 0.12857142857142856 0.015584415584415584 0.014285714285714285
1 0.4857142857142857 0.1380952380952381 0.015584415584415584 0.012698412698412698
1 0.4844155844155844 0.14444444444444443 0.016883116883116882 0.015873015873015872
1 0.4649350649350649 0.1380952380952381 0.01818181818181818 0.015873015873015872
3 0.461038961038961 0.16825396825396827 0.01818181818181818 0.044444444444444446
3 0.4675324675324675 0.1873015873015873 0.02207792207792208 0.050793650793650794
1 0.5064935064935064 0.14444444444444443 0.014285714285714285 0.01746031746031746
1 0.5051948051948052 0.16031746031746033 0.014285714285714285 0.026984126984126985
1 0.5168831168831168 0.16031746031746033 0.015584415584415584 0.03333333333333333
1 0.4909090909090909 0.16984126984126985 0.015584415584415584 0.014285714285714285
1 0.4922077922077922 0.18253968253968253 0.01818181818181818 0.025396825396825397
1 0.4987012987012987 0.19682539682539682 0.023376623376623377 0.04126984126984127
1 0.474025974025974 0.2111111111111111 0.023376623376623377 0.03492063492063492
1 0.5207792207792208 0.19206349206349208 0.02077922077922078 0.03492063492063492
1 0.5233766233766234 0.21904761904761905 0.01948051948051948 0.0380952380952381
1 0.5272727272727272 0.23809523809523808 0.023376623376623377 0.050793650793650794
0 0.5584415584415584 0.2777777777777778 0.06363636363636363 0.14126984126984127
1 0.4844155844155844 0.22698412698412698 0.02857142857142857 0.06666666666666667
1 0.4805194805194805 0.2761904761904762 0.016883116883116882 0.05873015873015873
3 0.5038961038961038 0.2841269841269841 0.04285714285714286 0.10634920634920635