1 0.574025974025974 0.873015873015873 0.07272727272727272 0.2222222222222222
1 0.7285714285714285 0.8984126984126984 0.08441558441558442 0.2015873015873016
3 0.548051948051948 0.6396825396825396 0.08311688311688312 0.21428571428571427
1 0.6623376623376623 0.680952380952381 0.05974025974025974 0.1523809523809524
1 0.5194805194805194 0.5285714285714286 0.03636363636363636 0.10317460317460317
1 0.6168831168831169 0.48253968253968255 0.048051948051948054 0.10317460317460317
1 0.5103896103896104 0.3984126984126984 0.02987012987012987 0.0873015873015873
1 0.574025974025974 0.3761904761904762 0.03636363636363636 0.09047619047619047
1 0.4987012987012987 0.35079365079365077 0.02727272727272727 0.05714285714285714
1 0.5558441558441558 0.34444444444444444 0.023376623376623377 0.06666666666666667
1 0.4961038961038961 0.3 0.02857142857142857 0.06190476190476191
1 0.5415584415584416 0.30634920634920637 0.024675324675324677 0.06190476190476191
1 0.5662337662337662 0.2857142857142857 0.023376623376623377 0.05555555555555555
1 0.5298701298701298 0.27936507936507937 0.02077922077922078 0.047619047619047616
1 0.4818181818181818 0.26031746031746034 0.016883116883116882 0.046031746031746035
1 0.4909090909090909 0.2650793650793651 0.02077922077922078 0.02857142857142857
3 0.474025974025974 0.22063492063492063 0.02077922077922078 0.06666666666666667
1 0.5155844155844156 0.2507936507936508 0.01948051948051948 0.047619047619047616
1 0.525974025974026 0.23015873015873015 0.01948051948051948 0.03968253968253968
2 0.4948051948051948 0.2253968253968254 0.007792207792207792 0.026984126984126985
1 0.509090909090909 0.20793650793650795 0.014285714285714285 0.02857142857142857
1 0.522077922077922 0.19206349206349208 0.014285714285714285 0.03015873015873016
1 0.4779220779220779 0.1761904761904762 0.015584415584415584 0.02857142857142857
2 0.4584415584415584 0.1746031746031746 0.006493506493506494 0.031746031746031744
1 0.4623376623376623 0.15873015873015872 0.012987012987012988 0.02857142857142857
1 0.4948051948051948 0.16825396825396827 0.012987012987012988 0.02857142857142857
1 0.4948051948051948 0.1523809523809524 0.012987012987012988 0.015873015873015872
1 0.4675324675324675 0.13968253968253969 0.012987012987012988 0.025396825396825397
2 0.4805194805194805 0.13968253968253969 0.006493506493506494 0.023809523809523808
1 0.4909090909090909 0.14285714285714285 0.01038961038961039 0.01904761904761905
2 0.4844155844155844 0.13333333333333333 0.005194805194805195 0.01746031746031746
2 0.4688311688311688 0.12222222222222222 0.007792207792207792 0.020634920634920634
2 0.4844155844155844 0.11746031746031746 0.005194805194805195 0.015873015873015872
1 0.4844155844155844 0.10476190476190476 0.00909090909090909 0.015873015873015872
2 0.4896103896103896 0.1111111111111111 0.005194805194805195 0.01746031746031746
1 0.4935064935064935 0.09365079365079365 0.00909090909090909 0.01904761904761905
2 0.964935064935065 0.9428571428571428 0.03896103896103896 0.11428571428571428
2 0.948051948051948 0.9761904761904762 0.02987012987012987 0.047619047619047616
2 0.9038961038961039 0.9158730158730158 0.02727272727272727 0.08888888888888889
2 0.9103896103896104 0.9714285714285714 0.033766233766233764 0.05714285714285714
2 0.8727272727272727 0.9746031746031746 0.032467532467532464 0.050793650793650794
2 0.8194805194805195 0.946031746031746 0.02857142857142857 0.10793650793650794
2 0.8623376623376623 0.9285714285714286 0.033766233766233764 0.10952380952380952
2 0.7779220779220779 0.8682539682539683 0.03116883116883117 0.14603174603174604
2 0.8012987012987013 0.8333333333333334 0.025974025974025976 0.13174603174603175
2 0.8077922077922078 0.7936507936507936 0.024675324675324677 0.11587301587301588
2 0.8389610389610389 0.7857142857142857 0.024675324675324677 0.12698412698412698
2 0.8545454545454545 0.7698412698412699 0.02857142857142857 0.1349206349206349
2 0.7506493506493507 0.7777777777777778 0.032467532467532464 0.1111111111111111
2 0.7883116883116883 0.7317460317460317 0.024675324675324677 0.1111111111111111
2 0.7857142857142857 0.6857142857142857 0.025974025974025976 0.1
2 0.7259740259740259 0.7095238095238096 0.02727272727272727 0.1126984126984127
2 0.7493506493506493 0.6634920634920635 0.02857142857142857 0.10793650793650794
2 0.7207792207792207 0.653968253968254 0.02727272727272727 0.09523809523809523
2 0.7467532467532467 0.5507936507936508 0.023376623376623377 0.08253968253968254
2 0.6909090909090909 0.6222222222222222 0.02077922077922078 0.0873015873015873
2 0.7090909090909091 0.6063492063492063 0.01948051948051948 0.07777777777777778
2 0.7363636363636363 0.6063492063492063 0.01818181818181818 0.07142857142857142
2 0.712987012987013 0.5619047619047619 0.01818181818181818 0.08253968253968254
2 0.6909090909090909 0.5619047619047619 0.01948051948051948 0.07777777777777778
2 0.6480519480519481 0.5793650793650794 0.02207792207792208 0.049206349206349205
2 0.6493506493506493 0.5634920634920635 0.02207792207792208 0.06825396825396825
2 0.6662337662337663 0.5492063492063493 0.014285714285714285 0.08253968253968254
2 0.7311688311688311 0.5047619047619047 0.016883116883116882 0.06825396825396825
2 0.7090909090909091 0.5174603174603175 0.015584415584415584 0.05396825396825397
2 0.6935064935064935 0.5079365079365079 0.016883116883116882 0.0746031746031746
2 0.6753246753246753 0.5174603174603175 0.016883116883116882 0.07142857142857142
2 0.6545454545454545 0.49206349206349204 0.01948051948051948 0.07777777777777778
2 0.6688311688311688 0.4603174603174603 0.015584415584415584 0.06031746031746032
2 0.6857142857142857 0.4666666666666667 0.016883116883116882 0.06190476190476191
2 0.6376623376623377 0.4587301587301587 0.015584415584415584 0.06984126984126984
2 0.6714285714285714 0.43492063492063493 0.014285714285714285 0.06190476190476191
2 0.6584415584415585 0.4253968253968254 0.011688311688311689 0.06190476190476191
2 0.6454545454545455 0.39206349206349206 0.011688311688311689 0.05714285714285714
2 0.6519480519480519 0.9650793650793651 0.03506493506493506 0.06984126984126984
2 0.6597402597402597 0.9126984126984127 0.032467532467532464 0.1523809523809524
2 0.6363636363636364 0.8492063492063492 0.02727272727272727 0.14285714285714285
2 0.6519480519480519 0.7984126984126985 0.024675324675324677 0.12380952380952381
2 0.6220779220779221 0.734920634920635 0.02987012987012987 0.13968253968253969
2 0.6064935064935065 0.6746031746031746 0.02727272727272727 0.12063492063492064
2 0.6168831168831169 0.6063492063492063 0.02727272727272727 0.09682539682539683
2 0.612987012987013 0.5650793650793651 0.023376623376623377 0.10158730158730159
2 0.5857142857142857 0.5873015873015873 0.01818181818181818 0.1
3 0.5922077922077922 0.5412698412698412 0.015584415584415584 0.08888888888888889
2 0.5753246753246753 0.5158730158730159 0.016883116883116882 0.08412698412698413
2 0.5532467532467532 0.49047619047619045 0.016883116883116882 0.0746031746031746
2 0.5701298701298702 0.4746031746031746 0.015584415584415584 0.0746031746031746
2 0.5831168831168831 0.44126984126984126 0.015584415584415584 0.06984126984126984
2 0.4922077922077922 0.4777777777777778 0.01818181818181818 0.0761904761904762
2 0.4883116883116883 0.4507936507936508 0.014285714285714285 0.06984126984126984
2 0.5324675324675324 0.46190476190476193 0.014285714285714285 0.06507936507936508
2 0.5233766233766234 0.4380952380952381 0.012987012987012988 0.06984126984126984
2 0.5337662337662338 0.4142857142857143 0.011688311688311689 0.046031746031746035
2 0.5441558441558442 0.4507936507936508 0.01038961038961039 0.06666666666666667
2 0.5545454545454546 0.4222222222222222 0.011688311688311689 0.05555555555555555
2 0.5662337662337662 0.4396825396825397 0.011688311688311689 0.05873015873015873
2 0.5909090909090909 0.4095238095238095 0.014285714285714285 0.047619047619047616
2 0.6181818181818182 0.41904761904761906 0.015584415584415584 0.05238095238095238
2 0.6285714285714286 0.373015873015873 0.011688311688311689 0.06190476190476191
2 0.638961038961039 0.3619047619047619 0.015584415584415584 0.06190476190476191
2 0.5948051948051948 0.3634920634920635 0.014285714285714285 0.06349206349206349
2 0.6064935064935065 0.3761904761904762 0.01038961038961039 0.06507936507936508
2 0.6168831168831169 0.3619047619047619 0.011688311688311689 0.06507936507936508
2 0.5818181818181818 0.3333333333333333 0.01038961038961039 0.04126984126984127
1 0.5532467532467532 0.23015873015873015 0.02207792207792208 0.046031746031746035
2 0.4922077922077922 0.2015873015873016 0.007792207792207792 0.03968253968253968
2 0.5012987012987012 0.18571428571428572 0.005194805194805195 0.025396825396825397
2 0.5103896103896104 0.16507936507936508 0.007792207792207792 0.022222222222222223
2 0.4948051948051948 0.13015873015873017 0.006493506493506494 0.01746031746031746
2 0.4974025974025974 0.11904761904761904 0.005194805194805195 0.015873015873015872
2 0.4948051948051948 0.11428571428571428 0.0025974025974025974 0.01746031746031746
2 0.5064935064935064 0.14603174603174604 0.005194805194805195 0.022222222222222223
2 0.512987012987013 0.15079365079365079 0.006493506493506494 0.025396825396825397
2 0.5012987012987012 0.13968253968253969 0.003896103896103896 0.01904761904761905
2 0.5051948051948052 0.12857142857142856 0.006493506493506494 0.01904761904761905
2 0.5064935064935064 0.10317460317460317 0.003896103896103896 0.015873015873015872
2 0.5012987012987012 0.24126984126984127 0.007792207792207792 0.02857142857142857
2 0.5415584415584416 0.19523809523809524 0.007792207792207792 0.02857142857142857
2 0.5545454545454546 0.2015873015873016 0.01038961038961039 0.023809523809523808
2 0.548051948051948 0.2650793650793651 0.00909090909090909 0.03492063492063492
2 0.5831168831168831 0.26031746031746034 0.00909090909090909 0.03650793650793651
2 0.5922077922077922 0.2857142857142857 0.00909090909090909 0.04126984126984127
2 0.5987012987012987 0.319047619047619 0.011688311688311689 0.03650793650793651
2 0.6 0.3 0.00909090909090909 0.031746031746031744
2 0.6155844155844156 0.3142857142857143 0.01038961038961039 0.026984126984126985
2 0.5701298701298702 0.2523809523809524 0.007792207792207792 0.01904761904761905
2 0.5038961038961038 0.09523809523809523 0.003896103896103896 0.014285714285714285