1 0.7727272727272727 0.7984126984126985 0.12987012987012986 0.21904761904761905
1 0.7454545454545455 0.9650793650793651 0.09220779220779221 0.06666666666666667
1 0.6415584415584416 0.6063492063492063 0.06233766233766234 0.1365079365079365
1 0.5571428571428572 0.6158730158730159 0.05194805194805195 0.16666666666666666
1 0.6623376623376623 0.5190476190476191 0.05454545454545454 0.1253968253968254
1 0.577922077922078 0.40476190476190477 0.03766233766233766 0.08253968253968254
1 0.5623376623376624 0.3349206349206349 0.03766233766233766 0.05873015873015873
1 0.535064935064935 0.30158730158730157 0.03766233766233766 0.049206349206349205
1 0.5103896103896104 0.26825396825396824 0.024675324675324677 0.0380952380952381
1 0.4922077922077922 0.2968253968253968 0.02727272727272727 0.031746031746031744
1 0.4948051948051948 0.37777777777777777 0.02857142857142857 0.06666666666666667
1 0.4987012987012987 0.32857142857142857 0.03896103896103896 0.022222222222222223
1 0.5402597402597402 0.2492063492063492 0.03766233766233766 0.047619047619047616
1 0.4649350649350649 0.1349206349206349 0.02077922077922078 0.03492063492063492
2 0.4753246753246753 0.11428571428571428 0.005194805194805195 0.015873015873015872
2 0.4805194805194805 0.10952380952380952 0.005194805194805195 0.020634920634920634
2 0.4909090909090909 0.10476190476190476 0.003896103896103896 0.022222222222222223
1 0.4987012987012987 0.10476190476190476 0.00909090909090909 0.01904761904761905
2 0.5064935064935064 0.10793650793650794 0.006493506493506494 0.01746031746031746
2 0.5857142857142857 0.2857142857142857 0.015584415584415584 0.04285714285714286
2 0.5584415584415584 0.28888888888888886 0.014285714285714285 0.0380952380952381
2 0.5753246753246753 0.3111111111111111 0.01038961038961039 0.04126984126984127
2 0.5883116883116883 0.3412698412698413 0.012987012987012988 0.05238095238095238
2 0.5987012987012987 0.30634920634920637 0.01038961038961039 0.03015873015873016
2 0.6077922077922078 0.33015873015873015 0.011688311688311689 0.047619047619047616
2 0.6051948051948052 0.35873015873015873 0.015584415584415584 0.03968253968253968
2 0.6142857142857143 0.3873015873015873 0.011688311688311689 0.049206349206349205
2 0.6220779220779221 0.41904761904761906 0.016883116883116882 0.06031746031746032
2 0.638961038961039 0.38412698412698415 0.015584415584415584 0.06984126984126984
2 0.6662337662337663 0.4365079365079365 0.01818181818181818 0.050793650793650794
2 0.612987012987013 0.4777777777777778 0.02077922077922078 0.06190476190476191
2 0.577922077922078 0.4793650793650794 0.02207792207792208 0.06349206349206349
2 0.5909090909090909 0.5412698412698412 0.024675324675324677 0.09206349206349207
2 0.6779220779220779 0.5666666666666667 0.024675324675324677 0.09365079365079365
2 0.7181818181818181 0.5365079365079365 0.023376623376623377 0.08888888888888889
2 0.7350649350649351 0.6777777777777778 0.03116883116883117 0.0873015873015873
2 0.938961038961039 0.9761904761904762 0.04415584415584416 0.047619047619047616