2 0.6805194805194805 0.9285714285714286 0.05714285714285714 0.14285714285714285
2 0.5987012987012987 0.7682539682539683 0.04025974025974026 0.12063492063492064
1 0.7909090909090909 0.9031746031746032 0.13376623376623376 0.19365079365079366
2 0.8181818181818182 0.8380952380952381 0.033766233766233764 0.10952380952380952
2 0.9 0.9317460317460318 0.05584415584415584 0.1349206349206349
2 0.7428571428571429 0.6317460317460317 0.033766233766233764 0.10158730158730159
2 0.5961038961038961 0.30952380952380953 0.023376623376623377 0.05714285714285714
2 0.5454545454545454 0.2857142857142857 0.016883116883116882 0.05396825396825397
2 0.525974025974026 0.21904761904761905 0.014285714285714285 0.03492063492063492
2 0.5337662337662338 0.19047619047619047 0.011688311688311689 0.026984126984126985
2 0.5376623376623376 0.21587301587301588 0.014285714285714285 0.031746031746031744
1 0.5025974025974026 0.21428571428571427 0.02077922077922078 0.047619047619047616
2 0.5155844155844156 0.19523809523809524 0.01038961038961039 0.03333333333333333
1 0.5012987012987012 0.16666666666666666 0.02077922077922078 0.03333333333333333
2 0.512987012987013 0.15714285714285714 0.007792207792207792 0.031746031746031744
1 0.4844155844155844 0.1873015873015873 0.01818181818181818 0.044444444444444446
2 0.4831168831168831 0.15714285714285714 0.01038961038961039 0.02857142857142857
2 0.4909090909090909 0.15079365079365079 0.005194805194805195 0.022222222222222223
2 0.4792207792207792 0.13174603174603175 0.00909090909090909 0.01746031746031746
2 0.4883116883116883 0.12698412698412698 0.005194805194805195 0.01904761904761905
2 0.4727272727272727 0.1126984126984127 0.007792207792207792 0.01904761904761905
2 0.4818181818181818 0.11746031746031746 0.005194805194805195 0.014285714285714285
2 0.5 0.11746031746031746 0.005194805194805195 0.020634920634920634
1 0.4909090909090909 0.10476190476190476 0.011688311688311689 0.023809523809523808
2 0.4987012987012987 0.09365079365079365 0.005194805194805195 0.014285714285714285
1 0.5766233766233766 0.9 0.10779220779220779 0.2
1 0.6181818181818182 0.6222222222222222 0.07792207792207792 0.14603174603174604
1 0.5805194805194805 0.47619047619047616 0.06103896103896104 0.10793650793650794
1 0.5818181818181818 0.373015873015873 0.05454545454545454 0.09206349206349207
1 0.5012987012987012 0.32857142857142857 0.03766233766233766 0.07142857142857142
1 0.4766233766233766 0.2396825396825397 0.02727272727272727 0.049206349206349205
1 0.509090909090909 0.09365079365079365 0.01038961038961039 0.014285714285714285