1 0.8909090909090909 0.8650793650793651 0.15194805194805194 0.2698412698412698
1 0.7467532467532467 0.8777777777777778 0.11428571428571428 0.22698412698412698
1 0.5831168831168831 0.9 0.08961038961038961 0.2
1 0.6519480519480519 0.707936507936508 0.09350649350649351 0.2015873015873016
1 0.4779220779220779 0.2126984126984127 0.03896103896103896 0.06349206349206349
2 0.509090909090909 0.2253968253968254 0.016883116883116882 0.03968253968253968
1 0.512987012987013 0.20476190476190476 0.02987012987012987 0.06507936507936508
1 0.4701298701298701 0.18095238095238095 0.02857142857142857 0.05873015873015873
2 0.4857142857142857 0.18571428571428572 0.014285714285714285 0.05714285714285714
2 0.4948051948051948 0.1523809523809524 0.01818181818181818 0.04126984126984127
2 0.5025974025974026 0.1111111111111111 0.02077922077922078 0.044444444444444446
2 0.4805194805194805 0.16507936507936508 0.012987012987012988 0.04126984126984127
2 0.5142857142857142 0.1634920634920635 0.011688311688311689 0.026984126984126985
2 0.5376623376623376 0.20634920634920634 0.01948051948051948 0.044444444444444446
2 0.561038961038961 0.3047619047619048 0.04025974025974026 0.06349206349206349
3 0.5688311688311688 0.6365079365079365 0.10649350649350649 0.30317460317460315
2 0.5272727272727272 0.4714285714285714 0.033766233766233764 0.06190476190476191
2 0.7363636363636363 0.5952380952380952 0.048051948051948054 0.09047619047619047
2 0.8038961038961039 0.7222222222222222 0.05194805194805195 0.10793650793650794
2 0.7298701298701299 0.7365079365079366 0.032467532467532464 0.07142857142857142
2 0.7805194805194805 0.8158730158730159 0.04285714285714286 0.16825396825396827