2 0.5363636363636364 0.9619047619047619 0.024675324675324677 0.0746031746031746
2 0.6194805194805195 0.9587301587301588 0.05194805194805195 0.08253968253968254
2 0.9883116883116884 0.8666666666666667 0.02207792207792208 0.12380952380952381
2 0.9714285714285714 0.9650793650793651 0.01948051948051948 0.06825396825396825
2 0.9428571428571428 0.9761904761904762 0.02077922077922078 0.047619047619047616
2 0.9051948051948052 0.9238095238095239 0.033766233766233764 0.10952380952380952
2 0.9207792207792208 0.7968253968253968 0.053246753246753244 0.14126984126984127
2 0.8584415584415584 0.8063492063492064 0.03506493506493506 0.10317460317460317
2 0.8233766233766234 0.8222222222222222 0.02987012987012987 0.06666666666666667
2 0.787012987012987 0.8333333333333334 0.046753246753246755 0.11746031746031746
2 0.7610389610389611 0.7603174603174603 0.032467532467532464 0.06666666666666667
2 0.7298701298701299 0.7253968253968254 0.03636363636363636 0.10952380952380952
2 0.8441558441558441 0.726984126984127 0.025974025974025976 0.07301587301587302
2 0.8142857142857143 0.7015873015873015 0.03636363636363636 0.10476190476190476
2 0.8038961038961039 0.6333333333333333 0.033766233766233764 0.0746031746031746
2 0.7025974025974026 0.5746031746031746 0.02077922077922078 0.06190476190476191
2 0.6779220779220779 0.546031746031746 0.033766233766233764 0.1
2 0.6532467532467533 0.5174603174603175 0.015584415584415584 0.049206349206349205
2 0.7142857142857143 0.5301587301587302 0.014285714285714285 0.04285714285714286
2 0.6974025974025974 0.4873015873015873 0.01818181818181818 0.06190476190476191
2 0.687012987012987 0.4984126984126984 0.01948051948051948 0.049206349206349205
2 0.6519480519480519 0.4888888888888889 0.02077922077922078 0.05714285714285714
2 0.6636363636363637 0.4444444444444444 0.023376623376623377 0.06190476190476191
2 0.6350649350649351 0.4492063492063492 0.02077922077922078 0.06349206349206349
2 0.6311688311688312 0.39206349206349206 0.015584415584415584 0.046031746031746035
2 0.6090909090909091 0.3888888888888889 0.01038961038961039 0.050793650793650794
2 0.6233766233766234 0.36984126984126986 0.011688311688311689 0.047619047619047616
2 0.6155844155844156 0.326984126984127 0.011688311688311689 0.03333333333333333
2 0.5987012987012987 0.353968253968254 0.015584415584415584 0.044444444444444446
2 0.5909090909090909 0.3349206349206349 0.015584415584415584 0.03492063492063492
2 0.6077922077922078 0.30634920634920637 0.00909090909090909 0.0380952380952381
2 0.5584415584415584 0.2873015873015873 0.012987012987012988 0.04285714285714286
2 0.5597402597402598 0.45555555555555555 0.023376623376623377 0.07301587301587302
2 0.5506493506493506 0.4142857142857143 0.012987012987012988 0.04126984126984127
2 0.5324675324675324 0.3603174603174603 0.014285714285714285 0.06031746031746032
2 0.5701298701298702 0.2619047619047619 0.012987012987012988 0.031746031746031744
2 0.551948051948052 0.24126984126984127 0.01038961038961039 0.03650793650793651
2 0.525974025974026 0.23492063492063492 0.00909090909090909 0.031746031746031744
2 0.5376623376623376 0.21428571428571427 0.012987012987012988 0.0380952380952381
2 0.5207792207792208 0.20634920634920634 0.011688311688311689 0.03015873015873016
2 0.5272727272727272 0.18412698412698414 0.007792207792207792 0.020634920634920634
2 0.5064935064935064 0.19047619047619047 0.01038961038961039 0.01904761904761905
2 0.5025974025974026 0.2111111111111111 0.007792207792207792 0.022222222222222223
2 0.4753246753246753 0.15714285714285714 0.00909090909090909 0.023809523809523808
2 0.4844155844155844 0.1492063492063492 0.007792207792207792 0.020634920634920634
1 0.7480519480519481 0.8920634920634921 0.12467532467532468 0.21587301587301588
1 0.8636363636363636 0.919047619047619 0.11818181818181818 0.1619047619047619
1 0.7584415584415585 0.6571428571428571 0.09740259740259741 0.2111111111111111
1 0.674025974025974 0.7095238095238096 0.08051948051948052 0.15873015873015872
1 0.5766233766233766 0.7841269841269841 0.1 0.22698412698412698
1 0.564935064935065 0.6063492063492063 0.06623376623376623 0.12857142857142856
1 0.6363636363636364 0.580952380952381 0.07142857142857142 0.13174603174603175
1 0.6051948051948052 0.5015873015873016 0.04935064935064935 0.09523809523809523
1 0.5428571428571428 0.49206349206349204 0.053246753246753244 0.10952380952380952
1 0.5181818181818182 0.43174603174603177 0.04285714285714286 0.07777777777777778
1 0.5805194805194805 0.4142857142857143 0.046753246753246755 0.07301587301587302
1 0.5701298701298702 0.3523809523809524 0.04285714285714286 0.05873015873015873
1 0.4974025974025974 0.35873015873015873 0.04285714285714286 0.07777777777777778
1 0.5 0.3126984126984127 0.02727272727272727 0.04285714285714286
1 0.5857142857142857 0.31587301587301586 0.03766233766233766 0.06349206349206349
1 0.5064935064935064 0.2523809523809524 0.02987012987012987 0.05555555555555555
1 0.4675324675324675 0.16666666666666666 0.01948051948051948 0.03492063492063492
1 0.4649350649350649 0.14126984126984127 0.011688311688311689 0.023809523809523808
1 0.4805194805194805 0.13174603174603175 0.011688311688311689 0.025396825396825397
1 0.4714285714285714 0.11587301587301588 0.016883116883116882 0.022222222222222223
1 0.4857142857142857 0.10317460317460317 0.011688311688311689 0.020634920634920634