2 0.6233766233766234 0.834920634920635 0.04285714285714286 0.1619047619047619
2 0.561038961038961 0.7111111111111111 0.032467532467532464 0.10793650793650794
2 0.6103896103896104 0.6825396825396826 0.04285714285714286 0.14761904761904762
2 0.6727272727272727 0.8269841269841269 0.03506493506493506 0.14126984126984127
2 0.7272727272727273 0.8492063492063492 0.04025974025974026 0.14761904761904762
2 0.7727272727272727 0.9142857142857143 0.03506493506493506 0.1
2 0.812987012987013 0.9095238095238095 0.04285714285714286 0.16507936507936508
2 0.8298701298701299 0.8317460317460318 0.03636363636363636 0.11904761904761904
2 0.7636363636363637 0.7523809523809524 0.02857142857142857 0.13174603174603175
2 0.7701298701298701 0.6666666666666666 0.02987012987012987 0.1126984126984127
2 0.7298701298701299 0.6857142857142857 0.02857142857142857 0.11904761904761904
2 0.6922077922077922 0.6888888888888889 0.03896103896103896 0.10317460317460317
2 0.6831168831168831 0.7603174603174603 0.046753246753246755 0.14285714285714285
2 0.6662337662337663 0.6111111111111112 0.024675324675324677 0.10634920634920635
2 0.7077922077922078 0.6206349206349207 0.033766233766233764 0.09682539682539683
2 0.7259740259740259 0.5793650793650794 0.033766233766233764 0.11428571428571428
2 0.6805194805194805 0.573015873015873 0.02727272727272727 0.10158730158730159
2 0.6753246753246753 0.5238095238095238 0.016883116883116882 0.06984126984126984
2 0.6948051948051948 0.5142857142857142 0.02077922077922078 0.07777777777777778
2 0.6805194805194805 0.473015873015873 0.01948051948051948 0.06507936507936508
2 0.6428571428571429 0.4238095238095238 0.016883116883116882 0.06666666666666667
2 0.6454545454545455 0.39365079365079364 0.015584415584415584 0.049206349206349205
2 0.5272727272727272 0.5158730158730159 0.053246753246753244 0.16031746031746033
2 0.5545454545454546 0.3603174603174603 0.005194805194805195 0.047619047619047616
1 0.5376623376623376 0.3111111111111111 0.03636363636363636 0.06666666666666667
2 0.5571428571428572 0.30317460317460315 0.00909090909090909 0.047619047619047616
2 0.6246753246753247 0.35714285714285715 0.012987012987012988 0.05555555555555555
2 0.5662337662337662 0.29365079365079366 0.00909090909090909 0.04285714285714286
1 0.5909090909090909 0.35873015873015873 0.04285714285714286 0.10793650793650794
2 0.5805194805194805 0.319047619047619 0.011688311688311689 0.03968253968253968
2 0.6116883116883117 0.32222222222222224 0.00909090909090909 0.0380952380952381
2 0.587012987012987 0.2968253968253968 0.00909090909090909 0.0380952380952381
2 0.5961038961038961 0.2968253968253968 0.00909090909090909 0.03968253968253968
2 0.5766233766233766 0.28095238095238095 0.011688311688311689 0.0380952380952381
2 0.574025974025974 0.25555555555555554 0.011688311688311689 0.025396825396825397
1 0.5311688311688312 0.273015873015873 0.033766233766233764 0.05873015873015873
2 0.551948051948052 0.25555555555555554 0.006493506493506494 0.03492063492063492
2 0.561038961038961 0.23492063492063492 0.00909090909090909 0.03650793650793651
1 0.4857142857142857 0.2777777777777778 0.033766233766233764 0.06349206349206349
2 0.5064935064935064 0.2619047619047619 0.012987012987012988 0.04126984126984127
2 0.5168831168831168 0.2253968253968254 0.012987012987012988 0.03492063492063492
2 0.5337662337662338 0.22857142857142856 0.014285714285714285 0.03492063492063492
2 0.5233766233766234 0.20317460317460317 0.01038961038961039 0.03492063492063492
2 0.5402597402597402 0.20952380952380953 0.007792207792207792 0.031746031746031744
1 0.5012987012987012 0.19523809523809524 0.01818181818181818 0.03968253968253968
2 0.512987012987013 0.1873015873015873 0.00909090909090909 0.03492063492063492
2 0.5285714285714286 0.19206349206349208 0.006493506493506494 0.03492063492063492
2 0.512987012987013 0.173015873015873 0.00909090909090909 0.023809523809523808
1 0.4753246753246753 0.23492063492063492 0.02857142857142857 0.03968253968253968
2 0.4909090909090909 0.21904761904761905 0.007792207792207792 0.03015873015873016
2 0.4805194805194805 0.20634920634920634 0.006493506493506494 0.015873015873015872
2 0.461038961038961 0.20634920634920634 0.00909090909090909 0.03333333333333333
2 0.4649350649350649 0.17936507936507937 0.01818181818181818 0.031746031746031744
1 0.4935064935064935 0.1746031746031746 0.014285714285714285 0.031746031746031744
2 0.5038961038961038 0.16507936507936508 0.006493506493506494 0.020634920634920634
1 0.4831168831168831 0.14444444444444443 0.016883116883116882 0.031746031746031744
2 0.4974025974025974 0.15079365079365079 0.006493506493506494 0.022222222222222223
2 0.5051948051948052 0.14444444444444443 0.006493506493506494 0.01746031746031746
2 0.509090909090909 0.14761904761904762 0.005194805194805195 0.015873015873015872
2 0.5051948051948052 0.13015873015873017 0.0025974025974025974 0.01746031746031746
1 0.4597402597402597 0.14603174603174604 0.012987012987012988 0.020634920634920634
1 0.4623376623376623 0.12698412698412698 0.01818181818181818 0.023809523809523808
1 0.4727272727272727 0.1111111111111111 0.016883116883116882 0.023809523809523808
2 0.4714285714285714 0.12063492063492064 0.003896103896103896 0.014285714285714285
0 0.487012987012987 0.1253968253968254 0.02207792207792208 0.049206349206349205
2 0.4779220779220779 0.12380952380952381 0.007792207792207792 0.01746031746031746
2 0.4961038961038961 0.11904761904761904 0.003896103896103896 0.011111111111111112
2 0.5025974025974026 0.11904761904761904 0.006493506493506494 0.015873015873015872
1 0.7558441558441559 0.9746031746031746 0.0987012987012987 0.050793650793650794
1 0.5584415584415584 0.8809523809523809 0.11818181818181818 0.23809523809523808
1 0.5922077922077922 0.46190476190476193 0.05714285714285714 0.10476190476190476
1 0.5038961038961038 0.3682539682539683 0.06753246753246753 0.09206349206349207
1 0.4688311688311688 0.15873015873015872 0.00909090909090909 0.022222222222222223
1 0.4649350649350649 0.11428571428571428 0.011688311688311689 0.009523809523809525
1 0.4922077922077922 0.09841269841269841 0.00909090909090909 0.014285714285714285