2 0.8220779220779221 0.8825396825396825 0.045454545454545456 0.16825396825396827
2 0.7090909090909091 0.6126984126984127 0.03506493506493506 0.12222222222222222
2 0.6571428571428571 0.6111111111111112 0.032467532467532464 0.11587301587301588
2 0.5935064935064935 0.5619047619047619 0.02207792207792208 0.1111111111111111
2 0.5805194805194805 0.4031746031746032 0.02727272727272727 0.0761904761904762
2 0.461038961038961 0.11746031746031746 0.006493506493506494 0.022222222222222223
2 0.44805194805194803 0.09523809523809523 0.01038961038961039 0.015873015873015872
2 0.4753246753246753 0.08412698412698413 0.011688311688311689 0.012698412698412698
1 0.5285714285714286 0.7777777777777778 0.08961038961038961 0.24285714285714285
1 0.43896103896103894 0.18412698412698414 0.02207792207792208 0.044444444444444446
1 0.45714285714285713 0.16825396825396827 0.01948051948051948 0.050793650793650794
3 0.45194805194805193 0.07936507936507936 0.015584415584415584 0.0380952380952381
3 0.4688311688311688 0.07777777777777778 0.01038961038961039 0.023809523809523808