2 0.7558441558441559 0.8904761904761904 0.04415584415584416 0.12857142857142856
2 0.8597402597402597 0.9444444444444444 0.04025974025974026 0.1111111111111111
2 0.9493506493506494 0.9777777777777777 0.04415584415584416 0.044444444444444446
2 0.8532467532467533 0.8380952380952381 0.04935064935064935 0.11428571428571428
2 0.7766233766233767 0.7968253968253968 0.04025974025974026 0.10793650793650794
2 0.7753246753246753 0.7412698412698413 0.03506493506493506 0.10476190476190476
2 0.7987012987012987 0.7158730158730159 0.02987012987012987 0.09047619047619047
2 0.7714285714285715 0.6492063492063492 0.02727272727272727 0.10634920634920635
2 0.7454545454545455 0.653968253968254 0.033766233766233764 0.10317460317460317
2 0.7038961038961039 0.6746031746031746 0.02727272727272727 0.10317460317460317
2 0.5831168831168831 0.719047619047619 0.02727272727272727 0.08253968253968254
2 0.5818181818181818 0.6507936507936508 0.03116883116883117 0.0761904761904762
2 0.5831168831168831 0.5968253968253968 0.023376623376623377 0.08412698412698413
2 0.5285714285714286 0.6158730158730159 0.024675324675324677 0.10634920634920635
2 0.7051948051948052 0.6142857142857143 0.02077922077922078 0.06984126984126984
2 0.7077922077922078 0.5571428571428572 0.01948051948051948 0.05238095238095238
2 0.6805194805194805 0.5857142857142857 0.02857142857142857 0.09047619047619047
2 0.6922077922077922 0.5158730158730159 0.015584415584415584 0.07142857142857142
2 0.6727272727272727 0.526984126984127 0.02077922077922078 0.05873015873015873
2 0.6662337662337663 0.4587301587301587 0.01818181818181818 0.06349206349206349
2 0.6597402597402597 0.49047619047619045 0.01818181818181818 0.06825396825396825
2 0.6441558441558441 0.5063492063492063 0.015584415584415584 0.06984126984126984
2 0.6363636363636364 0.4587301587301587 0.012987012987012988 0.05555555555555555
2 0.6454545454545455 0.43174603174603177 0.024675324675324677 0.05873015873015873
2 0.6051948051948052 0.4746031746031746 0.02077922077922078 0.047619047619047616
2 0.5155844155844156 0.4158730158730159 0.016883116883116882 0.03333333333333333
2 0.4883116883116883 0.4174603174603175 0.015584415584415584 0.049206349206349205
2 0.5038961038961038 0.3952380952380952 0.01948051948051948 0.05714285714285714
2 0.487012987012987 0.3746031746031746 0.01818181818181818 0.049206349206349205
2 0.5727272727272728 0.36984126984126986 0.014285714285714285 0.05873015873015873
2 0.5935064935064935 0.3603174603174603 0.014285714285714285 0.0380952380952381
2 0.5636363636363636 0.34285714285714286 0.011688311688311689 0.047619047619047616
2 0.5584415584415584 0.3238095238095238 0.011688311688311689 0.049206349206349205
2 0.5051948051948052 0.32063492063492066 0.01038961038961039 0.049206349206349205
2 0.4987012987012987 0.3 0.00909090909090909 0.04285714285714286
2 0.4909090909090909 0.28888888888888886 0.007792207792207792 0.02857142857142857
2 0.4792207792207792 0.28888888888888886 0.012987012987012988 0.026984126984126985
2 0.5181818181818182 0.30158730158730157 0.006493506493506494 0.031746031746031744
2 0.5857142857142857 0.27936507936507937 0.012987012987012988 0.03333333333333333
2 0.574025974025974 0.2492063492063492 0.011688311688311689 0.03333333333333333
2 0.5623376623376624 0.23174603174603176 0.00909090909090909 0.01904761904761905
2 0.5545454545454546 0.22857142857142856 0.005194805194805195 0.020634920634920634
2 0.5532467532467532 0.2126984126984127 0.007792207792207792 0.015873015873015872
2 0.5194805194805194 0.24126984126984127 0.011688311688311689 0.031746031746031744
2 0.5064935064935064 0.22380952380952382 0.005194805194805195 0.01904761904761905
2 0.4896103896103896 0.23333333333333334 0.007792207792207792 0.025396825396825397
2 0.487012987012987 0.21587301587301588 0.007792207792207792 0.023809523809523808
2 0.5181818181818182 0.2111111111111111 0.011688311688311689 0.025396825396825397
2 0.5428571428571428 0.1984126984126984 0.006493506493506494 0.026984126984126985
2 0.5324675324675324 0.19206349206349208 0.01038961038961039 0.020634920634920634
2 0.45324675324675323 0.19523809523809524 0.00909090909090909 0.026984126984126985
2 0.4831168831168831 0.17777777777777778 0.00909090909090909 0.022222222222222223
2 0.4779220779220779 0.19365079365079366 0.011688311688311689 0.023809523809523808
2 0.5194805194805194 0.18571428571428572 0.006493506493506494 0.015873015873015872
2 0.5155844155844156 0.18412698412698414 0.006493506493506494 0.01904761904761905
2 0.5207792207792208 0.17142857142857143 0.006493506493506494 0.012698412698412698
2 0.5142857142857142 0.1634920634920635 0.005194805194805195 0.014285714285714285
2 0.5155844155844156 0.15714285714285714 0.005194805194805195 0.012698412698412698
2 0.4935064935064935 0.15873015873015872 0.0025974025974025974 0.01746031746031746
2 0.5051948051948052 0.13015873015873017 0.005194805194805195 0.01746031746031746
2 0.5025974025974026 0.1126984126984127 0.005194805194805195 0.015873015873015872
2 0.5064935064935064 0.09682539682539683 0.005194805194805195 0.01746031746031746
2 0.5012987012987012 0.09206349206349207 0.003896103896103896 0.015873015873015872
2 0.4974025974025974 0.10317460317460317 0.005194805194805195 0.014285714285714285
2 0.4831168831168831 0.11904761904761904 0.003896103896103896 0.009523809523809525
2 0.6623376623376623 0.8253968253968254 0.08701298701298701 0.3111111111111111
1 0.787012987012987 0.9682539682539683 0.09480519480519481 0.06190476190476191
1 0.5753246753246753 0.8746031746031746 0.10649350649350649 0.2507936507936508
1 0.6298701298701299 0.5650793650793651 0.06623376623376623 0.1523809523809524
1 0.5207792207792208 0.5174603174603175 0.06363636363636363 0.18412698412698414
1 0.5961038961038961 0.4126984126984127 0.045454545454545456 0.0761904761904762
1 0.5337662337662338 0.3952380952380952 0.04155844155844156 0.08571428571428572
1 0.6 0.3333333333333333 0.04415584415584416 0.07777777777777778
1 0.5311688311688312 0.3349206349206349 0.03636363636363636 0.07301587301587302
1 0.487012987012987 0.3349206349206349 0.03506493506493506 0.06984126984126984
1 0.522077922077922 0.2746031746031746 0.02987012987012987 0.049206349206349205
1 0.5623376623376624 0.26666666666666666 0.02987012987012987 0.06031746031746032
1 0.538961038961039 0.23492063492063492 0.02207792207792208 0.05714285714285714
1 0.5038961038961038 0.2492063492063492 0.02987012987012987 0.04126984126984127
1 0.4792207792207792 0.28095238095238095 0.02207792207792208 0.07777777777777778
1 0.4727272727272727 0.22698412698412698 0.02727272727272727 0.046031746031746035
1 0.4987012987012987 0.20476190476190476 0.02207792207792208 0.04285714285714286
1 0.4649350649350649 0.19682539682539682 0.01948051948051948 0.03492063492063492
1 0.4688311688311688 0.1761904761904762 0.016883116883116882 0.01746031746031746
1 0.4623376623376623 0.1634920634920635 0.016883116883116882 0.025396825396825397
1 0.461038961038961 0.12698412698412698 0.016883116883116882 0.014285714285714285
1 0.461038961038961 0.14285714285714285 0.01818181818181818 0.015873015873015872
1 0.487012987012987 0.16984126984126985 0.014285714285714285 0.023809523809523808
1 0.4818181818181818 0.15396825396825398 0.016883116883116882 0.015873015873015872
1 0.487012987012987 0.14285714285714285 0.01948051948051948 0.01746031746031746
1 0.4805194805194805 0.13174603174603175 0.015584415584415584 0.014285714285714285
1 0.4792207792207792 0.11904761904761904 0.011688311688311689 0.012698412698412698
1 0.4922077922077922 0.11428571428571428 0.00909090909090909 0.011111111111111112
1 0.4935064935064935 0.1253968253968254 0.012987012987012988 0.012698412698412698
1 0.509090909090909 0.14761904761904762 0.011688311688311689 0.01904761904761905
1 0.5064935064935064 0.18253968253968253 0.016883116883116882 0.04126984126984127
1 0.4779220779220779 0.10158730158730159 0.012987012987012988 0.020634920634920634