2 0.9571428571428572 0.9444444444444444 0.05714285714285714 0.10952380952380952
2 0.9012987012987013 0.9412698412698413 0.04155844155844156 0.11746031746031746
2 0.8545454545454545 0.9444444444444444 0.046753246753246755 0.1111111111111111
2 0.7948051948051948 0.9476190476190476 0.03636363636363636 0.10476190476190476
2 0.7662337662337663 0.8793650793650793 0.03506493506493506 0.1634920634920635
2 0.7155844155844155 0.8698412698412699 0.03766233766233766 0.13968253968253969
2 0.8519480519480519 0.8968253968253969 0.03636363636363636 0.1492063492063492
2 0.9025974025974026 0.8698412698412699 0.032467532467532464 0.13174603174603175
2 0.925974025974026 0.8031746031746032 0.03636363636363636 0.14126984126984127
2 0.8584415584415584 0.8047619047619048 0.03506493506493506 0.14761904761904762
2 0.8792207792207792 0.7206349206349206 0.02727272727272727 0.12222222222222222
2 0.7207792207792207 0.753968253968254 0.03116883116883117 0.13015873015873017
2 0.8363636363636363 0.7222222222222222 0.02207792207792208 0.13174603174603175
2 0.8207792207792208 0.6523809523809524 0.032467532467532464 0.10476190476190476
2 0.8415584415584415 0.6349206349206349 0.023376623376623377 0.12063492063492064
2 0.8363636363636363 0.5714285714285714 0.02207792207792208 0.09365079365079365
2 0.7896103896103897 0.5888888888888889 0.023376623376623377 0.08571428571428572
2 0.7064935064935065 0.6333333333333333 0.02207792207792208 0.11904761904761904
2 0.7922077922077922 0.5666666666666667 0.01948051948051948 0.10634920634920635
2 0.8103896103896104 0.553968253968254 0.02077922077922078 0.09682539682539683
2 0.8 0.49682539682539684 0.01818181818181818 0.06825396825396825
2 0.7636363636363637 0.5174603174603175 0.025974025974025976 0.08095238095238096
2 0.7506493506493507 0.46984126984126984 0.01948051948051948 0.06666666666666667
2 0.7428571428571429 0.4507936507936508 0.015584415584415584 0.06984126984126984
2 0.6571428571428571 0.4603174603174603 0.024675324675324677 0.06666666666666667
2 0.7363636363636363 0.4015873015873016 0.007792207792207792 0.031746031746031744
2 0.7363636363636363 0.3904761904761905 0.011688311688311689 0.05714285714285714
2 0.7467532467532467 0.38412698412698415 0.01818181818181818 0.07301587301587302
2 0.6337662337662338 0.3968253968253968 0.01948051948051948 0.0746031746031746
2 0.7233766233766233 0.34285714285714286 0.014285714285714285 0.02857142857142857
2 0.7428571428571429 0.35079365079365077 0.011688311688311689 0.0380952380952381
2 0.7246753246753247 0.3253968253968254 0.012987012987012988 0.03015873015873016
2 0.7311688311688311 0.31746031746031744 0.012987012987012988 0.03650793650793651
2 0.7025974025974026 0.3396825396825397 0.011688311688311689 0.022222222222222223
2 0.7116883116883117 0.326984126984127 0.011688311688311689 0.05238095238095238
2 0.6922077922077922 0.3238095238095238 0.012987012987012988 0.04285714285714286
2 0.6948051948051948 0.30634920634920637 0.00909090909090909 0.0380952380952381
2 0.7038961038961039 0.2968253968253968 0.011688311688311689 0.044444444444444446
2 0.7064935064935065 0.2873015873015873 0.011688311688311689 0.050793650793650794
2 0.6922077922077922 0.26825396825396824 0.012987012987012988 0.04126984126984127
2 0.6844155844155844 0.2761904761904762 0.011688311688311689 0.047619047619047616
2 0.6636363636363637 0.2650793650793651 0.014285714285714285 0.04285714285714286
2 0.6714285714285714 0.2571428571428571 0.015584415584415584 0.047619047619047616
2 0.674025974025974 0.23492063492063492 0.015584415584415584 0.0380952380952381
2 0.6493506493506493 0.20476190476190476 0.011688311688311689 0.03492063492063492
2 0.6285714285714286 0.22857142857142856 0.012987012987012988 0.031746031746031744
2 0.625974025974026 0.15555555555555556 0.012987012987012988 0.023809523809523808
2 0.6142857142857143 0.14285714285714285 0.00909090909090909 0.020634920634920634
2 0.6051948051948052 0.12698412698412698 0.006493506493506494 0.031746031746031744
2 0.6155844155844156 0.09206349206349207 0.00909090909090909 0.014285714285714285
2 0.6285714285714286 0.319047619047619 0.015584415584415584 0.05555555555555555
1 0.6779220779220779 0.9238095238095239 0.09480519480519481 0.1523809523809524
1 0.7714285714285715 0.7015873015873015 0.08831168831168831 0.19365079365079366
1 0.7337662337662337 0.5523809523809524 0.06753246753246753 0.14126984126984127
1 0.6090909090909091 0.4158730158730159 0.046753246753246755 0.11428571428571428
1 0.6025974025974026 0.326984126984127 0.03506493506493506 0.0746031746031746
1 0.6519480519480519 0.34285714285714286 0.04025974025974026 0.08095238095238096
1 0.6597402597402597 0.30634920634920637 0.03896103896103896 0.05873015873015873
1 0.638961038961039 0.26825396825396824 0.033766233766233764 0.05238095238095238
1 0.6402597402597403 0.1746031746031746 0.02207792207792208 0.03650793650793651
1 0.6194805194805195 0.18412698412698414 0.023376623376623377 0.046031746031746035
1 0.6116883116883117 0.16507936507936508 0.015584415584415584 0.03015873015873016
1 0.6025974025974026 0.0873015873015873 0.011688311688311689 0.025396825396825397
3 0.5792207792207792 0.1 0.016883116883116882 0.046031746031746035
3 0.5961038961038961 0.1253968253968254 0.015584415584415584 0.04126984126984127
3 0.6090909090909091 0.11587301587301588 0.015584415584415584 0.02857142857142857
3 0.5922077922077922 0.23809523809523808 0.04155844155844156 0.10952380952380952
3 0.7038961038961039 0.43174603174603177 0.05714285714285714 0.1619047619047619
3 0.6454545454545455 0.6507936507936508 0.1038961038961039 0.3111111111111111