2 0.787012987012987 0.7968253968253968 0.02207792207792208 0.10952380952380952
2 0.8337662337662337 0.9301587301587302 0.15454545454545454 0.13968253968253969
2 0.8324675324675325 0.8476190476190476 0.015584415584415584 0.09841269841269841
2 0.8701298701298701 0.9206349206349206 0.02987012987012987 0.08095238095238096
2 0.8649350649350649 0.8634920634920635 0.02727272727272727 0.12222222222222222
2 0.7064935064935065 0.5777777777777777 0.04285714285714286 0.1746031746031746
1 0.6363636363636364 0.5158730158730159 0.08311688311688312 0.11428571428571428
2 0.6493506493506493 0.45714285714285713 0.04025974025974026 0.08095238095238096
3 0.5285714285714286 0.43492063492063493 0.06753246753246753 0.14126984126984127
2 0.5584415584415584 0.4492063492063492 0.02207792207792208 0.1111111111111111
2 0.4935064935064935 0.546031746031746 0.04415584415584416 0.10634920634920635
2 0.4805194805194805 0.14285714285714285 0.007792207792207792 0.04285714285714286
3 0.5025974025974026 0.15555555555555556 0.033766233766233764 0.09047619047619047
0 0.5038961038961038 0.1 0.04285714285714286 0.05238095238095238
3 0.5922077922077922 0.37777777777777777 0.07012987012987013 0.173015873015873
3 0.564935064935065 0.8174603174603174 0.11818181818181818 0.36507936507936506
1 0.7220779220779221 0.8174603174603174 0.11298701298701298 0.2746031746031746
1 0.6636363636363637 0.6412698412698413 0.10779220779220779 0.13333333333333333
1 0.535064935064935 0.6412698412698413 0.09480519480519481 0.19523809523809524
1 0.5597402597402598 0.2841269841269841 0.07142857142857142 0.13015873015873017