2 0.525974025974026 0.8492063492063492 0.03896103896103896 0.1746031746031746
2 0.6181818181818182 0.8428571428571429 0.04025974025974026 0.16825396825396827
2 0.6012987012987013 0.7285714285714285 0.02857142857142857 0.1253968253968254
2 0.7597402597402597 0.7857142857142857 0.046753246753246755 0.14603174603174604
2 0.8363636363636363 0.8936507936507937 0.06103896103896104 0.14761904761904762
2 0.9207792207792208 0.9698412698412698 0.046753246753246755 0.05873015873015873
2 0.8038961038961039 0.7380952380952381 0.046753246753246755 0.1523809523809524
2 0.5688311688311688 0.5825396825396826 0.033766233766233764 0.1111111111111111
2 0.5558441558441558 0.4666666666666667 0.02987012987012987 0.09841269841269841
2 0.5428571428571428 0.3682539682539683 0.016883116883116882 0.06666666666666667
2 0.5272727272727272 0.35714285714285715 0.014285714285714285 0.06190476190476191
2 0.561038961038961 0.34285714285714286 0.015584415584415584 0.06031746031746032
2 0.574025974025974 0.3523809523809524 0.01038961038961039 0.03968253968253968
2 0.5844155844155844 0.346031746031746 0.011688311688311689 0.047619047619047616
3 0.6090909090909091 0.953968253968254 0.12207792207792208 0.09206349206349207
1 0.7831168831168831 0.9301587301587302 0.13506493506493505 0.13968253968253969
1 0.6714285714285714 0.7031746031746032 0.09740259740259741 0.2126984126984127
1 0.6116883116883117 0.5158730158730159 0.07272727272727272 0.14285714285714285
2 0.5142857142857142 0.3 0.014285714285714285 0.05555555555555555
2 0.5363636363636364 0.32857142857142857 0.015584415584415584 0.04285714285714286
2 0.5324675324675324 0.30793650793650795 0.01038961038961039 0.044444444444444446
2 0.5623376623376624 0.2904761904761905 0.016883116883116882 0.049206349206349205
1 0.5142857142857142 0.47619047619047616 0.05584415584415584 0.14126984126984127
1 0.5 0.3619047619047619 0.03766233766233766 0.08253968253968254
2 0.6012987012987013 0.3238095238095238 0.01038961038961039 0.03333333333333333
2 0.6051948051948052 0.3349206349206349 0.015584415584415584 0.023809523809523808
2 0.5909090909090909 0.3142857142857143 0.012987012987012988 0.05238095238095238
2 0.5831168831168831 0.319047619047619 0.00909090909090909 0.03492063492063492
2 0.577922077922078 0.2873015873015873 0.014285714285714285 0.049206349206349205
2 0.5207792207792208 0.28095238095238095 0.011688311688311689 0.044444444444444446
2 0.535064935064935 0.28888888888888886 0.011688311688311689 0.04126984126984127
2 0.535064935064935 0.2619047619047619 0.014285714285714285 0.0380952380952381
2 0.4987012987012987 0.2523809523809524 0.00909090909090909 0.044444444444444446
2 0.5311688311688312 0.2253968253968254 0.007792207792207792 0.02857142857142857
2 0.5376623376623376 0.2222222222222222 0.006493506493506494 0.022222222222222223
2 0.538961038961039 0.24603174603174602 0.007792207792207792 0.026984126984126985
2 0.4597402597402597 0.19047619047619047 0.00909090909090909 0.03333333333333333
2 0.4597402597402597 0.17142857142857143 0.00909090909090909 0.023809523809523808
2 0.4584415584415584 0.16031746031746033 0.006493506493506494 0.01746031746031746
2 0.474025974025974 0.16031746031746033 0.007792207792207792 0.023809523809523808
2 0.4805194805194805 0.1619047619047619 0.005194805194805195 0.020634920634920634
2 0.4896103896103896 0.1761904761904762 0.007792207792207792 0.025396825396825397
2 0.474025974025974 0.14126984126984127 0.006493506493506494 0.01904761904761905
2 0.5194805194805194 0.2111111111111111 0.007792207792207792 0.03015873015873016
2 0.5246753246753246 0.20793650793650795 0.007792207792207792 0.03015873015873016
2 0.538961038961039 0.1984126984126984 0.00909090909090909 0.023809523809523808
2 0.5467532467532468 0.20793650793650795 0.007792207792207792 0.03015873015873016
2 0.525974025974026 0.17936507936507937 0.01038961038961039 0.03015873015873016
2 0.5194805194805194 0.16984126984126985 0.007792207792207792 0.02857142857142857
2 0.535064935064935 0.1761904761904762 0.007792207792207792 0.023809523809523808
2 0.5571428571428572 0.22063492063492063 0.006493506493506494 0.01904761904761905
2 0.5493506493506494 0.22857142857142856 0.00909090909090909 0.022222222222222223
2 0.5597402597402598 0.2253968253968254 0.007792207792207792 0.01904761904761905
2 0.5142857142857142 0.15873015873015872 0.006493506493506494 0.015873015873015872
2 0.4961038961038961 0.14126984126984127 0.006493506493506494 0.015873015873015872
2 0.4883116883116883 0.13174603174603175 0.005194805194805195 0.015873015873015872
2 0.5103896103896104 0.1349206349206349 0.005194805194805195 0.014285714285714285
2 0.4974025974025974 0.12857142857142856 0.005194805194805195 0.015873015873015872
2 0.4753246753246753 0.11587301587301588 0.003896103896103896 0.015873015873015872
2 0.5051948051948052 0.11904761904761904 0.006493506493506494 0.009523809523809525
2 0.5051948051948052 0.13015873015873017 0.003896103896103896 0.015873015873015872
2 0.4987012987012987 0.1126984126984127 0.0025974025974025974 0.012698412698412698
2 0.5025974025974026 0.10952380952380952 0.003896103896103896 0.012698412698412698
2 0.5064935064935064 0.10793650793650794 0.003896103896103896 0.011111111111111112
1 0.4987012987012987 0.09365079365079365 0.007792207792207792 0.011111111111111112
1 0.4922077922077922 0.09682539682539683 0.006493506493506494 0.011111111111111112
1 0.4883116883116883 0.10634920634920635 0.012987012987012988 0.014285714285714285
1 0.4688311688311688 0.10476190476190476 0.01038961038961039 0.007936507936507936
1 0.4701298701298701 0.11587301587301588 0.012987012987012988 0.011111111111111112
1 0.4714285714285714 0.12857142857142856 0.012987012987012988 0.01746031746031746
1 0.4883116883116883 0.11587301587301588 0.011688311688311689 0.014285714285714285
1 0.4636363636363636 0.15396825396825398 0.014285714285714285 0.026984126984126985
1 0.4844155844155844 0.14603174603174604 0.012987012987012988 0.01746031746031746
1 0.4909090909090909 0.15396825396825398 0.015584415584415584 0.025396825396825397
1 0.5103896103896104 0.14603174603174604 0.016883116883116882 0.026984126984126985
1 0.5051948051948052 0.16984126984126985 0.01818181818181818 0.031746031746031744
1 0.5051948051948052 0.2 0.024675324675324677 0.03650793650793651
1 0.4805194805194805 0.17936507936507937 0.016883116883116882 0.022222222222222223
1 0.4727272727272727 0.18888888888888888 0.02207792207792208 0.026984126984126985
1 0.4766233766233766 0.20952380952380953 0.023376623376623377 0.03968253968253968
1 0.4753246753246753 0.24285714285714285 0.02857142857142857 0.047619047619047616
1 0.512987012987013 0.23492063492063492 0.02727272727272727 0.050793650793650794
2 0.5571428571428572 0.26825396825396824 0.012987012987012988 0.03333333333333333
1 0.5597402597402598 0.24761904761904763 0.02987012987012987 0.03968253968253968
1 0.4831168831168831 0.29365079365079366 0.02987012987012987 0.05873015873015873
1 0.5766233766233766 0.40476190476190477 0.04025974025974026 0.08095238095238096
1 0.6181818181818182 0.38095238095238093 0.046753246753246755 0.09206349206349207