0 0.5584415584415584 0.6253968253968254 0.08961038961038961 0.3603174603174603
0 0.6168831168831169 0.40793650793650793 0.11168831168831168 0.21587301587301588
1 0.4805194805194805 0.12063492063492064 0.01818181818181818 0.020634920634920634
2 0.4961038961038961 0.14761904761904762 0.011688311688311689 0.01904761904761905
2 0.4935064935064935 0.13333333333333333 0.012987012987012988 0.012698412698412698
2 0.4948051948051948 0.11746031746031746 0.011688311688311689 0.01746031746031746
1 0.512987012987013 0.11428571428571428 0.01818181818181818 0.01746031746031746
1 0.5415584415584416 0.3111111111111111 0.046753246753246755 0.06190476190476191
1 0.5506493506493506 0.2619047619047619 0.033766233766233764 0.050793650793650794
1 0.6688311688311688 0.6984126984126984 0.08311688311688312 0.22698412698412698
1 0.5168831168831168 0.4857142857142857 0.053246753246753244 0.18571428571428572
1 0.5896103896103896 0.9619047619047619 0.08701298701298701 0.0746031746031746
2 0.4974025974025974 0.10317460317460317 0.014285714285714285 0.01746031746031746
2 0.4935064935064935 0.19682539682539682 0.01948051948051948 0.03333333333333333
2 0.5 0.18571428571428572 0.011688311688311689 0.026984126984126985
2 0.5701298701298702 0.2492063492063492 0.01818181818181818 0.046031746031746035
2 0.5012987012987012 0.30158730158730157 0.024675324675324677 0.049206349206349205
2 0.5311688311688312 0.36984126984126986 0.01948051948051948 0.05238095238095238
2 0.6844155844155844 0.5063492063492063 0.02077922077922078 0.07142857142857142
2 0.6818181818181818 0.4634920634920635 0.02077922077922078 0.05396825396825397
2 0.7181818181818181 0.680952380952381 0.032467532467532464 0.11428571428571428
2 0.7506493506493507 0.834920634920635 0.046753246753246755 0.1253968253968254
2 0.8285714285714286 0.8984126984126984 0.04285714285714286 0.10634920634920635
2 0.7857142857142857 0.953968253968254 0.04155844155844156 0.09206349206349207
2 0.6883116883116883 0.9698412698412698 0.045454545454545456 0.06031746031746032
2 0.6727272727272727 0.9206349206349206 0.03636363636363636 0.11587301587301588
2 0.8597402597402597 0.9634920634920635 0.05194805194805195 0.07301587301587302
2 0.9116883116883117 0.9650793650793651 0.03636363636363636 0.06984126984126984
2 0.8077922077922078 0.9857142857142858 0.03766233766233766 0.026984126984126985
2 0.7337662337662337 0.9841269841269841 0.02727272727272727 0.03015873015873016