2 0.6857142857142857 0.5873015873015873 0.033766233766233764 0.10793650793650794
2 0.5506493506493506 0.4523809523809524 0.02727272727272727 0.10793650793650794
2 0.6662337662337663 0.46190476190476193 0.032467532467532464 0.10634920634920635
2 0.561038961038961 0.30793650793650795 0.015584415584415584 0.05396825396825397
2 0.5831168831168831 0.27936507936507937 0.012987012987012988 0.050793650793650794
2 0.5103896103896104 0.30793650793650795 0.015584415584415584 0.05555555555555555
2 0.5883116883116883 0.7 0.02857142857142857 0.09523809523809523
2 0.535064935064935 0.726984126984127 0.03116883116883117 0.12698412698412698
2 0.5103896103896104 0.8047619047619048 0.032467532467532464 0.13968253968253969
2 0.5857142857142857 0.7619047619047619 0.023376623376623377 0.07142857142857142
1 0.5935064935064935 0.8920634920634921 0.07012987012987013 0.21428571428571427
1 0.7038961038961039 0.8920634920634921 0.08701298701298701 0.21428571428571427
1 0.8363636363636363 0.9 0.08311688311688312 0.1984126984126984
1 0.6480519480519481 0.719047619047619 0.06103896103896104 0.15555555555555556
1 0.5285714285714286 0.2111111111111111 0.023376623376623377 0.046031746031746035
2 0.4922077922077922 0.1873015873015873 0.01038961038961039 0.02857142857142857
2 0.5064935064935064 0.18571428571428572 0.00909090909090909 0.03015873015873016
2 0.4818181818181818 0.13015873015873017 0.006493506493506494 0.01904761904761905
2 0.5 0.16031746031746033 0.011688311688311689 0.025396825396825397
1 0.4961038961038961 0.1365079365079365 0.00909090909090909 0.025396825396825397
1 0.4922077922077922 0.10317460317460317 0.007792207792207792 0.01746031746031746