2 0.6194805194805195 0.43174603174603177 0.024675324675324677 0.08253968253968254
2 0.5805194805194805 0.4238095238095238 0.02207792207792208 0.0761904761904762
2 0.5831168831168831 0.38095238095238093 0.02207792207792208 0.06507936507936508
2 0.551948051948052 0.3619047619047619 0.016883116883116882 0.06349206349206349
2 0.5311688311688312 0.3492063492063492 0.01818181818181818 0.06349206349206349
2 0.548051948051948 0.3047619047619048 0.016883116883116882 0.05396825396825397
2 0.5051948051948052 0.30158730158730157 0.012987012987012988 0.046031746031746035
2 0.4831168831168831 0.2698412698412698 0.011688311688311689 0.05714285714285714
2 0.5064935064935064 0.26825396825396824 0.01038961038961039 0.049206349206349205
2 0.5155844155844156 0.2571428571428571 0.011688311688311689 0.044444444444444446
2 0.5285714285714286 0.2492063492063492 0.00909090909090909 0.044444444444444446
2 0.5064935064935064 0.22063492063492063 0.014285714285714285 0.03968253968253968
2 0.4844155844155844 0.20793650793650795 0.012987012987012988 0.03650793650793651
2 0.4883116883116883 0.18571428571428572 0.01038961038961039 0.03015873015873016
2 0.4779220779220779 0.18095238095238095 0.01038961038961039 0.03650793650793651
2 0.4675324675324675 0.09523809523809523 0.007792207792207792 0.011111111111111112
2 0.4753246753246753 0.08412698412698413 0.005194805194805195 0.011111111111111112
2 0.4623376623376623 0.07301587301587302 0.005194805194805195 0.01746031746031746
1 0.6766233766233766 0.9698412698412698 0.08961038961038961 0.05873015873015873
1 0.5987012987012987 0.5920634920634921 0.08441558441558442 0.16825396825396827
1 0.6974025974025974 0.6063492063492063 0.0987012987012987 0.2126984126984127
1 0.5415584415584416 0.4650793650793651 0.05714285714285714 0.10158730158730159
1 0.4974025974025974 0.36984126984126986 0.04415584415584416 0.09047619047619047
1 0.4597402597402597 0.1380952380952381 0.015584415584415584 0.026984126984126985
1 0.4584415584415584 0.11587301587301588 0.014285714285714285 0.020634920634920634
1 0.44545454545454544 0.09206349206349207 0.01038961038961039 0.023809523809523808
3 0.42987012987012985 0.09841269841269841 0.01948051948051948 0.05714285714285714
3 0.5116883116883116 0.5857142857142857 0.08051948051948052 0.22698412698412698