2 0.5155844155844156 0.8984126984126984 0.046753246753246755 0.1380952380952381
2 0.5688311688311688 0.8825396825396825 0.046753246753246755 0.11428571428571428
2 0.6155844155844156 0.8904761904761904 0.04935064935064935 0.15079365079365079
2 0.6402597402597403 0.9349206349206349 0.03896103896103896 0.13015873015873017
2 0.8922077922077922 0.9142857142857143 0.045454545454545456 0.1365079365079365
1 0.8064935064935065 0.8714285714285714 0.12727272727272726 0.2571428571428571
2 0.8506493506493507 0.8507936507936508 0.045454545454545456 0.14444444444444443
2 0.7233766233766233 0.7603174603174603 0.03116883116883117 0.10952380952380952
2 0.4974025974025974 0.6317460317460317 0.03766233766233766 0.12063492063492064
2 0.5792207792207792 0.5603174603174603 0.024675324675324677 0.07301587301587302
1 0.6142857142857143 0.5984126984126984 0.07142857142857142 0.1349206349206349
2 0.6220779220779221 0.5349206349206349 0.015584415584415584 0.023809523809523808
1 0.5 0.4 0.053246753246753244 0.09206349206349207
1 0.4935064935064935 0.326984126984127 0.04415584415584416 0.06349206349206349
2 0.512987012987013 0.33174603174603173 0.01818181818181818 0.05238095238095238
2 0.4779220779220779 0.30952380952380953 0.01818181818181818 0.049206349206349205
3 0.4844155844155844 0.24761904761904763 0.05974025974025974 0.12857142857142856
2 0.5 0.2984126984126984 0.011688311688311689 0.026984126984126985
1 0.535064935064935 0.319047619047619 0.02727272727272727 0.050793650793650794
2 0.5545454545454546 0.29523809523809524 0.006493506493506494 0.03492063492063492
2 0.5454545454545454 0.28095238095238095 0.006493506493506494 0.031746031746031744
1 0.525974025974026 0.24126984126984127 0.03116883116883117 0.047619047619047616
2 0.5415584415584416 0.25873015873015875 0.015584415584415584 0.01904761904761905
2 0.4883116883116883 0.17777777777777778 0.00909090909090909 0.025396825396825397
1 0.4597402597402597 0.1746031746031746 0.015584415584415584 0.023809523809523808
1 0.4623376623376623 0.16031746031746033 0.014285714285714285 0.01904761904761905
2 0.4714285714285714 0.15714285714285714 0.01038961038961039 0.026984126984126985
2 0.4805194805194805 0.15714285714285714 0.005194805194805195 0.011111111111111112
2 0.487012987012987 0.15079365079365079 0.003896103896103896 0.012698412698412698
1 0.509090909090909 0.21428571428571427 0.02207792207792208 0.044444444444444446
2 0.5298701298701298 0.1873015873015873 0.00909090909090909 0.02857142857142857
2 0.5194805194805194 0.18095238095238095 0.007792207792207792 0.020634920634920634
1 0.461038961038961 0.14126984126984127 0.011688311688311689 0.015873015873015872
1 0.4597402597402597 0.13174603174603175 0.01038961038961039 0.014285714285714285
2 0.4688311688311688 0.1253968253968254 0.005194805194805195 0.014285714285714285
2 0.4766233766233766 0.1380952380952381 0.006493506493506494 0.014285714285714285
2 0.4818181818181818 0.12063492063492064 0.007792207792207792 0.020634920634920634
2 0.487012987012987 0.1380952380952381 0.006493506493506494 0.020634920634920634
2 0.5025974025974026 0.15396825396825398 0.01038961038961039 0.025396825396825397
1 0.5116883116883116 0.16666666666666666 0.01948051948051948 0.03015873015873016
2 0.512987012987013 0.14444444444444443 0.005194805194805195 0.014285714285714285
2 0.4961038961038961 0.10476190476190476 0.011688311688311689 0.020634920634920634
1 0.5571428571428572 0.9523809523809523 0.08701298701298701 0.0873015873015873
1 0.7233766233766233 0.9158730158730158 0.13766233766233765 0.16825396825396827
1 0.6662337662337663 0.7301587301587301 0.09740259740259741 0.20952380952380953
1 0.5467532467532468 0.734920634920635 0.08181818181818182 0.2222222222222222
1 0.5311688311688312 0.5698412698412698 0.07142857142857142 0.12222222222222222
1 0.7168831168831169 0.6507936507936508 0.1025974025974026 0.1746031746031746
1 0.6649350649350649 0.5333333333333333 0.07272727272727272 0.1126984126984127
1 0.6493506493506493 0.45714285714285713 0.06363636363636363 0.09841269841269841
1 0.6090909090909091 0.4031746031746032 0.05454545454545454 0.09523809523809523
1 0.522077922077922 0.45396825396825397 0.07272727272727272 0.08888888888888889
1 0.522077922077922 0.28095238095238095 0.025974025974025976 0.05396825396825397
1 0.5558441558441558 0.25873015873015875 0.02207792207792208 0.050793650793650794
1 0.561038961038961 0.23015873015873015 0.023376623376623377 0.04126984126984127
1 0.5467532467532468 0.21904761904761905 0.01818181818181818 0.03968253968253968
0 0.6064935064935065 0.30634920634920637 0.09220779220779221 0.16507936507936508