2 0.8792207792207792 0.8793650793650793 0.046753246753246755 0.14603174603174604
2 0.7883116883116883 0.8365079365079365 0.048051948051948054 0.16031746031746033
2 0.8181818181818182 0.746031746031746 0.03636363636363636 0.15396825396825398
2 0.7233766233766233 0.734920634920635 0.03506493506493506 0.12380952380952381
2 0.5285714285714286 0.9126984126984127 0.03506493506493506 0.1619047619047619
2 0.7597402597402597 0.6587301587301587 0.023376623376623377 0.12222222222222222
1 0.6519480519480519 0.7253968253968254 0.09480519480519481 0.2523809523809524
2 0.6896103896103896 0.6476190476190476 0.02727272727272727 0.12063492063492064
2 0.7181818181818181 0.6301587301587301 0.023376623376623377 0.09523809523809523
2 0.6493506493506493 0.5761904761904761 0.016883116883116882 0.050793650793650794
2 0.6675324675324675 0.5571428571428572 0.023376623376623377 0.09047619047619047
2 0.7064935064935065 0.5571428571428572 0.02077922077922078 0.06984126984126984
2 0.5883116883116883 0.6174603174603175 0.024675324675324677 0.10476190476190476
2 0.5532467532467532 0.5507936507936508 0.023376623376623377 0.07142857142857142
2 0.5012987012987012 0.5365079365079365 0.024675324675324677 0.10158730158730159
2 0.5532467532467532 0.49523809523809526 0.02077922077922078 0.05396825396825397
2 0.5948051948051948 0.526984126984127 0.02077922077922078 0.08095238095238096
2 0.5766233766233766 0.5031746031746032 0.01818181818181818 0.07936507936507936
2 0.5727272727272728 0.45555555555555555 0.012987012987012988 0.04126984126984127
2 0.5883116883116883 0.45555555555555555 0.014285714285714285 0.06507936507936508
2 0.5571428571428572 0.42698412698412697 0.015584415584415584 0.07301587301587302
2 0.577922077922078 0.40476190476190477 0.014285714285714285 0.047619047619047616
2 0.561038961038961 0.3825396825396825 0.015584415584415584 0.05714285714285714
2 0.5415584415584416 0.3603174603174603 0.015584415584415584 0.06666666666666667
2 0.5415584415584416 0.35873015873015873 0.015584415584415584 0.06031746031746032
2 0.5766233766233766 0.3634920634920635 0.011688311688311689 0.04285714285714286
2 0.5532467532467532 0.3253968253968254 0.014285714285714285 0.05555555555555555
2 0.5701298701298702 0.3333333333333333 0.01038961038961039 0.025396825396825397
2 0.5701298701298702 0.3047619047619048 0.00909090909090909 0.046031746031746035
2 0.5896103896103896 0.30793650793650795 0.011688311688311689 0.047619047619047616
2 0.5974025974025974 0.30158730158730157 0.011688311688311689 0.044444444444444446
2 0.5311688311688312 0.31746031746031744 0.01038961038961039 0.04285714285714286
2 0.5181818181818182 0.2857142857142857 0.00909090909090909 0.044444444444444446
2 0.525974025974026 0.29523809523809524 0.006493506493506494 0.03492063492063492
2 0.5792207792207792 0.2761904761904762 0.01038961038961039 0.044444444444444446
2 0.5623376623376624 0.28888888888888886 0.00909090909090909 0.04126984126984127
2 0.561038961038961 0.25873015873015875 0.00909090909090909 0.0380952380952381
1 0.5402597402597402 0.273015873015873 0.02987012987012987 0.05873015873015873
2 0.5493506493506494 0.2507936507936508 0.00909090909090909 0.02857142857142857
2 0.5571428571428572 0.24126984126984127 0.006493506493506494 0.03492063492063492
2 0.5116883116883116 0.26031746031746034 0.003896103896103896 0.03492063492063492
2 0.5181818181818182 0.2523809523809524 0.01038961038961039 0.03492063492063492
2 0.4727272727272727 0.23015873015873015 0.016883116883116882 0.044444444444444446
1 0.5376623376623376 0.2253968253968254 0.024675324675324677 0.03968253968253968
2 0.5311688311688312 0.19682539682539682 0.005194805194805195 0.01746031746031746
2 0.5376623376623376 0.1984126984126984 0.007792207792207792 0.023809523809523808
1 0.5103896103896104 0.23333333333333334 0.02207792207792208 0.044444444444444446
2 0.5155844155844156 0.20793650793650795 0.007792207792207792 0.014285714285714285
2 0.4987012987012987 0.21587301587301588 0.007792207792207792 0.031746031746031744
1 0.512987012987013 0.18571428571428572 0.016883116883116882 0.03968253968253968
2 0.5142857142857142 0.15714285714285714 0.007792207792207792 0.01904761904761905
1 0.4688311688311688 0.19047619047619047 0.01948051948051948 0.0380952380952381
2 0.4766233766233766 0.173015873015873 0.007792207792207792 0.01746031746031746
2 0.4857142857142857 0.173015873015873 0.003896103896103896 0.023809523809523808
2 0.4896103896103896 0.18095238095238095 0.005194805194805195 0.026984126984126985
2 0.4935064935064935 0.19682539682539682 0.006493506493506494 0.026984126984126985
2 0.4987012987012987 0.18888888888888888 0.007792207792207792 0.022222222222222223
2 0.4974025974025974 0.1761904761904762 0.006493506493506494 0.022222222222222223
2 0.4584415584415584 0.1492063492063492 0.005194805194805195 0.022222222222222223
2 0.4792207792207792 0.1253968253968254 0.003896103896103896 0.015873015873015872
1 0.5012987012987012 0.14761904761904762 0.012987012987012988 0.01904761904761905
2 0.5064935064935064 0.13333333333333333 0.0025974025974025974 0.014285714285714285
2 0.5012987012987012 0.12857142857142856 0.005194805194805195 0.012698412698412698
2 0.5051948051948052 0.11904761904761904 0.003896103896103896 0.014285714285714285
3 0.4909090909090909 0.11904761904761904 0.012987012987012988 0.0380952380952381
1 0.4948051948051948 0.10634920634920635 0.007792207792207792 0.012698412698412698
2 0.5 0.10793650793650794 0.003896103896103896 0.012698412698412698
1 0.4727272727272727 0.1126984126984127 0.00909090909090909 0.022222222222222223
3 0.4779220779220779 0.10634920634920635 0.005194805194805195 0.012698412698412698
1 0.4831168831168831 0.10793650793650794 0.01038961038961039 0.01746031746031746
1 0.5025974025974026 0.1 0.007792207792207792 0.014285714285714285
1 0.5038961038961038 0.09047619047619047 0.006493506493506494 0.006349206349206349
1 0.4662337662337662 0.13015873015873017 0.011688311688311689 0.023809523809523808
1 0.4662337662337662 0.15555555555555556 0.014285714285714285 0.03015873015873016
1 0.4961038961038961 0.15714285714285714 0.014285714285714285 0.02857142857142857
1 0.4831168831168831 0.21746031746031746 0.01948051948051948 0.03968253968253968
1 0.4883116883116883 0.2650793650793651 0.025974025974025976 0.044444444444444446
1 0.4974025974025974 0.3126984126984127 0.02987012987012987 0.06984126984126984
1 0.6090909090909091 0.3746031746031746 0.03766233766233766 0.07142857142857142
1 0.5038961038961038 0.3904761904761905 0.04155844155844156 0.0873015873015873
1 0.6350649350649351 0.4523809523809524 0.06103896103896104 0.09841269841269841
1 0.5402597402597402 0.6555555555555556 0.06233766233766234 0.15873015873015872
1 0.9090909090909091 0.9809523809523809 0.1 0.0380952380952381
1 0.7467532467532467 0.9587301587301588 0.10649350649350649 0.08253968253968254