1 0.7337662337662337 0.9523809523809523 0.11298701298701298 0.09365079365079365
1 0.6077922077922078 0.9761904761904762 0.0987012987012987 0.047619047619047616
1 0.6961038961038961 0.7238095238095238 0.08311688311688312 0.21587301587301588
1 0.6142857142857143 0.5857142857142857 0.07272727272727272 0.14285714285714285
1 0.5454545454545454 0.5603174603174603 0.05844155844155844 0.13968253968253969
1 0.5077922077922078 0.4793650793650794 0.046753246753246755 0.10476190476190476
1 0.5766233766233766 0.4507936507936508 0.05194805194805195 0.10952380952380952
1 0.6545454545454545 0.5126984126984127 0.05974025974025974 0.1253968253968254
1 0.5662337662337662 0.35079365079365077 0.045454545454545456 0.07936507936507936
1 0.4714285714285714 0.16507936507936508 0.023376623376623377 0.03492063492063492
1 0.4896103896103896 0.1619047619047619 0.01948051948051948 0.03492063492063492
3 0.5454545454545454 0.7333333333333333 0.08571428571428572 0.3
2 0.8636363636363636 0.9746031746031746 0.045454545454545456 0.049206349206349205
2 0.8363636363636363 0.9031746031746032 0.06103896103896104 0.1253968253968254
2 0.7961038961038961 0.9333333333333333 0.046753246753246755 0.13174603174603175
2 0.7584415584415585 0.8492063492063492 0.03506493506493506 0.12857142857142856
2 0.6714285714285714 0.8777777777777778 0.033766233766233764 0.12698412698412698
2 0.638961038961039 0.9126984126984127 0.048051948051948054 0.1126984126984127
2 0.6376623376623377 0.8031746031746032 0.03636363636363636 0.11904761904761904
2 0.6194805194805195 0.7301587301587301 0.02987012987012987 0.08412698412698413
2 0.5974025974025974 0.6793650793650794 0.02727272727272727 0.1
2 0.687012987012987 0.6111111111111112 0.02207792207792208 0.05396825396825397
2 0.7051948051948052 0.553968253968254 0.025974025974025976 0.09365079365079365
2 0.6753246753246753 0.46984126984126984 0.033766233766233764 0.08095238095238096
2 0.6168831168831169 0.43333333333333335 0.023376623376623377 0.06031746031746032
2 0.6233766233766234 0.4111111111111111 0.01948051948051948 0.05555555555555555
2 0.6363636363636364 0.4111111111111111 0.011688311688311689 0.07142857142857142
2 0.6272727272727273 0.3825396825396825 0.014285714285714285 0.06031746031746032
2 0.638961038961039 0.3634920634920635 0.02077922077922078 0.05238095238095238
2 0.6155844155844156 0.35714285714285715 0.02727272727272727 0.05873015873015873
2 0.612987012987013 0.3253968253968254 0.02207792207792208 0.04126984126984127
2 0.522077922077922 0.39365079365079364 0.015584415584415584 0.06666666666666667
2 0.5103896103896104 0.3396825396825397 0.016883116883116882 0.047619047619047616
2 0.522077922077922 0.23809523809523808 0.015584415584415584 0.04285714285714286
2 0.4766233766233766 0.23492063492063492 0.01818181818181818 0.04285714285714286
2 0.5051948051948052 0.22380952380952382 0.012987012987012988 0.0380952380952381
2 0.4792207792207792 0.19365079365079366 0.01038961038961039 0.02857142857142857
2 0.5025974025974026 0.20317460317460317 0.012987012987012988 0.03015873015873016
2 0.4922077922077922 0.19206349206349208 0.01038961038961039 0.03333333333333333
2 0.525974025974026 0.20476190476190476 0.00909090909090909 0.031746031746031744
2 0.5337662337662338 0.19206349206349208 0.01038961038961039 0.02857142857142857
2 0.5181818181818182 0.1634920634920635 0.00909090909090909 0.026984126984126985
2 0.512987012987013 0.14603174603174604 0.00909090909090909 0.01904761904761905
2 0.509090909090909 0.1380952380952381 0.006493506493506494 0.025396825396825397
2 0.4805194805194805 0.12380952380952381 0.006493506493506494 0.022222222222222223
2 0.5 0.12857142857142856 0.007792207792207792 0.020634920634920634
2 0.4922077922077922 0.11587301587301588 0.007792207792207792 0.01904761904761905
2 0.5064935064935064 0.10476190476190476 0.006493506493506494 0.012698412698412698