2 0.8168831168831169 0.9396825396825397 0.03506493506493506 0.11904761904761904
2 0.8662337662337662 0.9523809523809523 0.03896103896103896 0.09523809523809523
2 0.9441558441558442 0.9650793650793651 0.03506493506493506 0.06984126984126984
2 0.9805194805194806 0.9587301587301588 0.03896103896103896 0.08253968253968254
2 0.9831168831168832 0.8825396825396825 0.032467532467532464 0.12380952380952381
2 0.9727272727272728 0.7888888888888889 0.05454545454545454 0.12380952380952381
2 0.9454545454545454 0.861904761904762 0.04155844155844156 0.14285714285714285
2 0.9324675324675324 0.7714285714285715 0.04155844155844156 0.1126984126984127
2 0.9116883116883117 0.9063492063492063 0.05584415584415584 0.15396825396825398
2 0.8922077922077922 0.8285714285714286 0.04415584415584416 0.13015873015873017
2 0.9103896103896104 0.7904761904761904 0.03766233766233766 0.1111111111111111
2 0.925974025974026 0.7666666666666667 0.02857142857142857 0.12698412698412698
2 0.8571428571428571 0.8920634920634921 0.04155844155844156 0.17142857142857143
2 0.8194805194805195 0.8301587301587302 0.033766233766233764 0.1365079365079365
2 0.8506493506493507 0.8015873015873016 0.03636363636363636 0.12380952380952381
2 0.7961038961038961 0.7666666666666667 0.045454545454545456 0.1380952380952381
2 0.8935064935064935 0.6873015873015873 0.04285714285714286 0.12380952380952381
2 0.8584415584415584 0.6285714285714286 0.02857142857142857 0.13015873015873017
2 0.7857142857142857 0.5904761904761905 0.024675324675324677 0.0873015873015873
2 0.8220779220779221 0.5825396825396826 0.024675324675324677 0.06666666666666667
2 0.8233766233766234 0.553968253968254 0.03116883116883117 0.05873015873015873
2 0.8181818181818182 0.5285714285714286 0.03766233766233766 0.08253968253968254
2 0.7805194805194805 0.5396825396825397 0.03116883116883117 0.05238095238095238
2 0.7844155844155845 0.5111111111111111 0.025974025974025976 0.06349206349206349
2 0.787012987012987 0.4857142857142857 0.024675324675324677 0.08888888888888889
2 0.7766233766233767 0.44603174603174606 0.02207792207792208 0.07301587301587302
2 0.7688311688311689 0.4158730158730159 0.02207792207792208 0.07301587301587302
2 0.7467532467532467 0.35714285714285715 0.015584415584415584 0.05396825396825397
2 0.6142857142857143 0.6222222222222222 0.024675324675324677 0.10317460317460317
2 0.6636363636363637 0.6174603174603175 0.024675324675324677 0.06190476190476191
2 0.6363636363636364 0.4793650793650794 0.01818181818181818 0.05396825396825397
2 0.6454545454545455 0.49206349206349204 0.016883116883116882 0.1
2 0.6506493506493507 0.37936507936507935 0.012987012987012988 0.0761904761904762
2 0.7012987012987013 0.3888888888888889 0.011688311688311689 0.06507936507936508
2 0.6909090909090909 0.35714285714285715 0.01818181818181818 0.031746031746031744
2 0.687012987012987 0.34285714285714286 0.02077922077922078 0.026984126984126985
2 0.6818181818181818 0.3238095238095238 0.012987012987012988 0.026984126984126985
2 0.6727272727272727 0.30952380952380953 0.012987012987012988 0.02857142857142857
2 0.6688311688311688 0.2904761904761905 0.00909090909090909 0.025396825396825397
2 0.6766233766233766 0.30317460317460315 0.015584415584415584 0.05238095238095238
2 0.6558441558441559 0.27936507936507937 0.012987012987012988 0.03968253968253968
2 0.6961038961038961 0.2650793650793651 0.01818181818181818 0.04126984126984127
2 0.6805194805194805 0.25396825396825395 0.012987012987012988 0.047619047619047616
2 0.6701298701298701 0.23174603174603176 0.01038961038961039 0.025396825396825397
2 0.6610389610389611 0.2222222222222222 0.01038961038961039 0.01746031746031746
2 0.6441558441558441 0.21587301587301588 0.014285714285714285 0.02857142857142857
2 0.625974025974026 0.2222222222222222 0.015584415584415584 0.023809523809523808
2 0.6467532467532467 0.2 0.012987012987012988 0.03650793650793651
2 0.6324675324675325 0.19047619047619047 0.012987012987012988 0.03333333333333333
2 0.6311688311688312 0.17142857142857143 0.014285714285714285 0.031746031746031744
2 0.6298701298701299 0.1634920634920635 0.015584415584415584 0.03015873015873016
2 0.6272727272727273 0.14603174603174604 0.014285714285714285 0.025396825396825397
2 0.6116883116883117 0.16507936507936508 0.011688311688311689 0.025396825396825397
2 0.6077922077922078 0.14603174603174604 0.014285714285714285 0.020634920634920634
2 0.5935064935064935 0.13333333333333333 0.011688311688311689 0.022222222222222223
2 0.5961038961038961 0.11428571428571428 0.006493506493506494 0.014285714285714285
2 0.6155844155844156 0.11904761904761904 0.012987012987012988 0.02857142857142857
2 0.5818181818181818 0.10952380952380952 0.011688311688311689 0.023809523809523808
2 0.5961038961038961 0.09365079365079365 0.006493506493506494 0.020634920634920634
2 0.6077922077922078 0.10634920634920635 0.005194805194805195 0.025396825396825397
2 0.5805194805194805 0.20952380952380953 0.01038961038961039 0.02857142857142857
2 0.5831168831168831 0.17936507936507937 0.012987012987012988 0.03015873015873016
1 0.6883116883116883 0.9063492063492063 0.11688311688311688 0.18571428571428572
1 0.7441558441558441 0.773015873015873 0.09610389610389611 0.2365079365079365
1 0.6402597402597403 0.7206349206349206 0.08311688311688312 0.20634920634920634
1 0.8220779220779221 0.6904761904761905 0.10779220779220779 0.18412698412698414
1 0.6246753246753247 0.5587301587301587 0.06363636363636363 0.14603174603174604
1 0.6857142857142857 0.48412698412698413 0.03896103896103896 0.11904761904761904
1 0.6818181818181818 0.4031746031746032 0.04155844155844156 0.07777777777777778
1 0.7350649350649351 0.42063492063492064 0.05454545454545454 0.10158730158730159
1 0.6597402597402597 0.33174603174603173 0.02857142857142857 0.07142857142857142
1 0.5935064935064935 0.26825396825396824 0.03636363636363636 0.06190476190476191
1 0.6363636363636364 0.2873015873015873 0.033766233766233764 0.044444444444444446
1 0.6246753246753247 0.2492063492063492 0.025974025974025976 0.04126984126984127
1 0.6545454545454545 0.2523809523809524 0.033766233766233764 0.04126984126984127
1 0.5896103896103896 0.22857142857142856 0.032467532467532464 0.04285714285714286
1 0.6181818181818182 0.19682539682539682 0.02727272727272727 0.05396825396825397
1 0.577922077922078 0.16031746031746033 0.01818181818181818 0.0380952380952381
1 0.5831168831168831 0.09682539682539683 0.011688311688311689 0.025396825396825397
1 0.6038961038961039 0.08571428571428572 0.015584415584415584 0.014285714285714285
0 0.7337662337662337 0.5634920634920635 0.08311688311688312 0.20476190476190476
3 0.6090909090909091 0.373015873015873 0.07272727272727272 0.19523809523809524
3 0.7142857142857143 0.33174603174603173 0.05584415584415584 0.09365079365079365