1 0.6961038961038961 0.9111111111111111 0.11948051948051948 0.17777777777777778
2 0.7610389610389611 0.8603174603174604 0.045454545454545456 0.15396825396825398
2 0.8025974025974026 0.8444444444444444 0.03896103896103896 0.1619047619047619
2 0.8402597402597403 0.8015873015873016 0.04415584415584416 0.18095238095238095
2 0.7909090909090909 0.7333333333333333 0.04025974025974026 0.10793650793650794
2 0.7493506493506493 0.734920634920635 0.03896103896103896 0.10952380952380952
2 0.6948051948051948 0.7158730158730159 0.04025974025974026 0.1349206349206349
2 0.7298701298701299 0.6396825396825396 0.03636363636363636 0.10793650793650794
2 0.7584415584415585 0.6349206349206349 0.033766233766233764 0.10793650793650794
2 0.6831168831168831 0.6285714285714286 0.02727272727272727 0.09206349206349207
2 0.7090909090909091 0.5841269841269842 0.024675324675324677 0.09365079365079365
2 0.6714285714285714 0.5714285714285714 0.02727272727272727 0.08571428571428572
2 0.7064935064935065 0.526984126984127 0.025974025974025976 0.06825396825396825
2 0.6792207792207792 0.5428571428571428 0.024675324675324677 0.07301587301587302
2 0.5766233766233766 0.526984126984127 0.02857142857142857 0.09841269841269841
2 0.6233766233766234 0.5238095238095238 0.02857142857142857 0.10158730158730159
2 0.6402597402597403 0.5015873015873016 0.024675324675324677 0.09365079365079365
2 0.6727272727272727 0.4936507936507937 0.024675324675324677 0.06666666666666667
2 0.6298701298701299 0.4301587301587302 0.024675324675324677 0.0761904761904762
2 0.6480519480519481 0.4222222222222222 0.016883116883116882 0.0761904761904762
2 0.5636363636363636 0.3142857142857143 0.016883116883116882 0.05555555555555555
2 0.5168831168831168 0.3380952380952381 0.015584415584415584 0.049206349206349205
2 0.5103896103896104 0.31746031746031744 0.014285714285714285 0.047619047619047616
2 0.5285714285714286 0.273015873015873 0.016883116883116882 0.06190476190476191
2 0.5493506493506494 0.24285714285714285 0.012987012987012988 0.03492063492063492
2 0.5571428571428572 0.22698412698412698 0.007792207792207792 0.02857142857142857
2 0.5532467532467532 0.21587301587301588 0.00909090909090909 0.02857142857142857
2 0.5415584415584416 0.21587301587301588 0.007792207792207792 0.031746031746031744
2 0.5467532467532468 0.20634920634920634 0.006493506493506494 0.02857142857142857
2 0.5441558441558442 0.19365079365079366 0.011688311688311689 0.01904761904761905
2 0.5155844155844156 0.2222222222222222 0.011688311688311689 0.03333333333333333
2 0.5285714285714286 0.2111111111111111 0.007792207792207792 0.020634920634920634
1 0.5337662337662338 0.6777777777777778 0.08181818181818182 0.20317460317460317
1 0.612987012987013 0.6317460317460317 0.07662337662337662 0.15396825396825398
1 0.5194805194805194 0.4793650793650794 0.05584415584415584 0.12222222222222222
1 0.5701298701298702 0.4095238095238095 0.053246753246753244 0.09365079365079365
1 0.5077922077922078 0.38571428571428573 0.04415584415584416 0.0873015873015873
1 0.5454545454545454 0.33174603174603173 0.03896103896103896 0.06825396825396825
1 0.5935064935064935 0.3333333333333333 0.04415584415584416 0.07777777777777778
1 0.5636363636363636 0.26666666666666666 0.02857142857142857 0.05714285714285714
2 0.564935064935065 0.23492063492063492 0.01038961038961039 0.023809523809523808
2 0.5207792207792208 0.19523809523809524 0.007792207792207792 0.020634920634920634
2 0.5116883116883116 0.20317460317460317 0.006493506493506494 0.01904761904761905
2 0.512987012987013 0.18412698412698414 0.01038961038961039 0.012698412698412698
2 0.5038961038961038 0.18095238095238095 0.007792207792207792 0.022222222222222223
2 0.5064935064935064 0.16984126984126985 0.006493506493506494 0.01904761904761905
2 0.5311688311688312 0.19365079365079366 0.007792207792207792 0.023809523809523808
2 0.4701298701298701 0.1619047619047619 0.006493506493506494 0.01746031746031746
2 0.4753246753246753 0.15873015873015872 0.006493506493506494 0.020634920634920634
2 0.4779220779220779 0.14761904761904762 0.00909090909090909 0.015873015873015872
2 0.4714285714285714 0.1380952380952381 0.005194805194805195 0.014285714285714285
2 0.4766233766233766 0.13015873015873017 0.007792207792207792 0.015873015873015872
2 0.4961038961038961 0.1523809523809524 0.005194805194805195 0.01746031746031746
2 0.5077922077922078 0.16031746031746033 0.007792207792207792 0.01746031746031746
2 0.5103896103896104 0.15079365079365079 0.006493506493506494 0.014285714285714285
2 0.5194805194805194 0.14603174603174604 0.006493506493506494 0.01746031746031746
2 0.4987012987012987 0.13968253968253969 0.006493506493506494 0.01904761904761905
2 0.5038961038961038 0.14126984126984127 0.005194805194805195 0.01904761904761905
2 0.5103896103896104 0.1380952380952381 0.005194805194805195 0.01746031746031746
2 0.4857142857142857 0.1253968253968254 0.006493506493506494 0.020634920634920634
1 0.4987012987012987 0.08571428571428572 0.006493506493506494 0.012698412698412698
1 0.5012987012987012 0.09523809523809523 0.011688311688311689 0.01746031746031746
1 0.4792207792207792 0.09682539682539683 0.007792207792207792 0.014285714285714285
1 0.4909090909090909 0.09206349206349207 0.007792207792207792 0.011111111111111112
1 0.4857142857142857 0.09523809523809523 0.007792207792207792 0.01746031746031746
1 0.4857142857142857 0.10952380952380952 0.01038961038961039 0.012698412698412698
1 0.4727272727272727 0.10158730158730159 0.00909090909090909 0.011111111111111112
1 0.4662337662337662 0.10793650793650794 0.014285714285714285 0.01746031746031746
1 0.4688311688311688 0.12063492063492064 0.01038961038961039 0.014285714285714285
1 0.4948051948051948 0.11904761904761904 0.01038961038961039 0.012698412698412698
1 0.4636363636363636 0.13015873015873017 0.012987012987012988 0.015873015873015872
1 0.4649350649350649 0.1380952380952381 0.014285714285714285 0.014285714285714285
1 0.4623376623376623 0.15079365079365079 0.014285714285714285 0.01904761904761905
1 0.4818181818181818 0.1380952380952381 0.01038961038961039 0.01746031746031746
1 0.4909090909090909 0.14603174603174604 0.014285714285714285 0.020634920634920634
1 0.4896103896103896 0.1619047619047619 0.016883116883116882 0.023809523809523808
1 0.461038961038961 0.16825396825396827 0.016883116883116882 0.01746031746031746
1 0.5155844155844156 0.16825396825396827 0.015584415584415584 0.031746031746031744
1 0.4623376623376623 0.19523809523809524 0.015584415584415584 0.03968253968253968
0 0.4883116883116883 0.2222222222222222 0.048051948051948054 0.10952380952380952
1 0.5298701298701298 0.23809523809523808 0.03116883116883117 0.05238095238095238