2 0.6051948051948052 0.9222222222222223 0.06623376623376623 0.15396825396825398
2 0.8090909090909091 0.7682539682539683 0.05844155844155844 0.1761904761904762
2 0.6493506493506493 0.5841269841269842 0.04415584415584416 0.12698412698412698
2 0.7155844155844155 0.5714285714285714 0.04415584415584416 0.1380952380952381
2 0.6207792207792208 0.4126984126984127 0.03116883116883117 0.09047619047619047
2 0.5987012987012987 0.33174603174603173 0.02727272727272727 0.05396825396825397
2 0.5636363636363636 0.31746031746031744 0.01948051948051948 0.06507936507936508
2 0.5753246753246753 0.30634920634920637 0.011688311688311689 0.06825396825396825
2 0.5896103896103896 0.30317460317460315 0.014285714285714285 0.06349206349206349
2 0.4935064935064935 0.23809523809523808 0.02077922077922078 0.04126984126984127
1 0.522077922077922 0.2714285714285714 0.04285714285714286 0.09523809523809523
2 0.535064935064935 0.19523809523809524 0.02207792207792208 0.04285714285714286
2 0.4714285714285714 0.16031746031746033 0.016883116883116882 0.031746031746031744
2 0.4935064935064935 0.15555555555555556 0.012987012987012988 0.03492063492063492
2 0.487012987012987 0.13333333333333333 0.01038961038961039 0.01904761904761905
2 0.4883116883116883 0.11904761904761904 0.01038961038961039 0.01904761904761905
2 0.5012987012987012 0.11904761904761904 0.00909090909090909 0.022222222222222223
2 0.4922077922077922 0.10634920634920635 0.007792207792207792 0.01904761904761905
2 0.4961038961038961 0.10634920634920635 0.006493506493506494 0.020634920634920634
2 0.5 0.10476190476190476 0.00909090909090909 0.01904761904761905
1 0.4792207792207792 0.10317460317460317 0.014285714285714285 0.022222222222222223
3 0.4675324675324675 0.13333333333333333 0.023376623376623377 0.05238095238095238