1 0.6012987012987013 0.9285714285714286 0.1038961038961039 0.14285714285714285
1 0.7194805194805195 0.8587301587301587 0.12597402597402596 0.2714285714285714
2 0.8428571428571429 0.9238095238095239 0.05454545454545454 0.1523809523809524
2 0.7753246753246753 0.807936507936508 0.048051948051948054 0.15079365079365079
2 0.7909090909090909 0.7507936507936508 0.04285714285714286 0.14126984126984127
2 0.7168831168831169 0.6238095238095238 0.032467532467532464 0.11428571428571428
2 0.7233766233766233 0.573015873015873 0.02987012987012987 0.10793650793650794
2 0.6779220779220779 0.5523809523809524 0.023376623376623377 0.0873015873015873
2 0.6792207792207792 0.4984126984126984 0.02207792207792208 0.06825396825396825
2 0.6402597402597403 0.4777777777777778 0.01948051948051948 0.07301587301587302
2 0.6597402597402597 0.4634920634920635 0.02207792207792208 0.0873015873015873
2 0.4792207792207792 0.3476190476190476 0.016883116883116882 0.07142857142857142
2 0.6194805194805195 0.4111111111111111 0.015584415584415584 0.07142857142857142
2 0.6051948051948052 0.35873015873015873 0.024675324675324677 0.06349206349206349
2 0.6025974025974026 0.3253968253968254 0.012987012987012988 0.047619047619047616
2 0.5909090909090909 0.3412698412698413 0.011688311688311689 0.05396825396825397
2 0.5727272727272728 0.32222222222222224 0.01818181818181818 0.050793650793650794
2 0.5883116883116883 0.3 0.015584415584415584 0.0380952380952381
2 0.5688311688311688 0.28888888888888886 0.016883116883116882 0.03650793650793651
2 0.5805194805194805 0.2698412698412698 0.012987012987012988 0.03968253968253968
2 0.525974025974026 0.2761904761904762 0.016883116883116882 0.044444444444444446
2 0.4792207792207792 0.2619047619047619 0.012987012987012988 0.049206349206349205
2 0.4805194805194805 0.22063492063492063 0.011688311688311689 0.04126984126984127
2 0.5584415584415584 0.23174603174603176 0.00909090909090909 0.020634920634920634
2 0.5467532467532468 0.21428571428571427 0.01038961038961039 0.03968253968253968
2 0.5116883116883116 0.2015873015873016 0.007792207792207792 0.022222222222222223
2 0.4584415584415584 0.1873015873015873 0.011688311688311689 0.0380952380952381
2 0.5051948051948052 0.16825396825396827 0.006493506493506494 0.02857142857142857
2 0.522077922077922 0.18888888888888888 0.00909090909090909 0.03333333333333333
2 0.5207792207792208 0.16666666666666666 0.012987012987012988 0.026984126984126985
2 0.5298701298701298 0.1873015873015873 0.00909090909090909 0.02857142857142857
2 0.5064935064935064 0.1349206349206349 0.00909090909090909 0.022222222222222223
2 0.5012987012987012 0.11587301587301588 0.007792207792207792 0.022222222222222223
1 0.4961038961038961 0.10158730158730159 0.011688311688311689 0.02857142857142857
1 0.4714285714285714 0.10952380952380952 0.011688311688311689 0.022222222222222223
1 0.4753246753246753 0.12222222222222222 0.011688311688311689 0.023809523809523808
1 0.4649350649350649 0.13333333333333333 0.012987012987012988 0.025396825396825397
1 0.4623376623376623 0.15079365079365079 0.01948051948051948 0.022222222222222223
1 0.4766233766233766 0.14603174603174604 0.015584415584415584 0.031746031746031744
1 0.4922077922077922 0.1349206349206349 0.012987012987012988 0.023809523809523808
1 0.4987012987012987 0.14761904761904762 0.012987012987012988 0.03492063492063492
1 0.5116883116883116 0.15873015873015872 0.014285714285714285 0.03333333333333333
1 0.4909090909090909 0.16666666666666666 0.02077922077922078 0.03333333333333333
1 0.4688311688311688 0.173015873015873 0.01818181818181818 0.02857142857142857
1 0.4701298701298701 0.2 0.01948051948051948 0.04126984126984127
1 0.4948051948051948 0.18412698412698414 0.01948051948051948 0.03492063492063492
1 0.5025974025974026 0.21587301587301588 0.024675324675324677 0.046031746031746035
1 0.5285714285714286 0.21746031746031746 0.02857142857142857 0.047619047619047616
1 0.5194805194805194 0.2492063492063492 0.03116883116883117 0.046031746031746035
1 0.5532467532467532 0.25555555555555554 0.03506493506493506 0.046031746031746035
1 0.4974025974025974 0.2746031746031746 0.02857142857142857 0.049206349206349205
1 0.5558441558441558 0.33174603174603173 0.03896103896103896 0.06984126984126984
1 0.587012987012987 0.4142857142857143 0.05194805194805195 0.10476190476190476
1 0.5155844155844156 0.48253968253968255 0.05454545454545454 0.11904761904761904
1 0.6324675324675325 0.5666666666666667 0.07142857142857142 0.14126984126984127
1 0.551948051948052 0.6904761904761905 0.08181818181818182 0.19523809523809524
3 0.512987012987013 0.353968253968254 0.05454545454545454 0.15079365079365079